310528
381706
257351
337621
369021
319054
232875
208218
409119
449723
171513
453745
368022
390224
383160
106052
285884
109688
436773
372108
287779
202382
390800
332267
361029
407201
334771
386558
447421
271759
137734
231269
373564
206858
300710
363625
447034
311902
256018
114530
408754
439498
175852
275811
120550
129542
138445
214689
281883
106836
252053
256354
397076
410171
420784
252156
334147
194138
198188
333359
228397
169375
354017
450094
433487
239184
139537
182138
197804
435543
392289
231860
448388
286256
159520
131860
255692
267735
358017
313483
290308
206677
132542
318788
110230
175247
161865
108321
401804
112849
449544
439669
403092
147275
219996
403898
344187
169211
445146
417092
225593
254964
393110
446357
433040
243901
419516
263242
139400
368504
388905
363368
233972
182180
405564
183638
374037
203819
328073
217726
130309
162183
405782
289738
156826
403142
415846
108536
319284
428851
138617
132001
406088
193834
147405
370992
179373
337604
330031
134725
112518
375808
419603
142286
302996
425999
393383
154520
301027
116834
421085
365469
308951
425169
329595
190104
189593
186591
432681
394980
271477
158312
117277
199591
273754
203632
440515
386159
126149
295039
119464
172637
377629
194703
198039
268743
304553
436891
386624
375463
363995
379982
111644
438047
335521
186646
370394
233557
293624
225964
110489
417769
301473
445422
359751
335135
234495
296894
222486
306396
302300
403676
151465
263170
203687
105633
150569
202995
315712
373590
126334
334654
328936
322084
436039
126201
308141
130362
419002
386208
186311
325011
204399
450986
213188
349177
263249
272797
130956
173871
307909
287794
361162
140683
280352
422984
226708
103059
258053
426514
174022
118612
356455
338830
378951
196710
264425
103148
137320
247208
259114
368644
268842
113281
407408
288078
358290
180197
298596
261902
187816
394730
268617
286601
391533
332281
206874
182973
344992
139947
374821
137338
335633
389874
321311
401427
205404
391651
375725
235267
103060
412400
333016
264336
215767
264305
222066
147724
203981
426412
108115
198620
116019
343488
234001
395106
266267
362199
453719
178893
413522
249196
174359
251912
178619
267465
211156
375770
362823
104970
109919
274752
346097
139694
438772
382233
287609
140225
175093
187181
438857
349383
136519
334480
214891
375408
200583
333756
382453
279789
129150
423064
177440
269944
396523
369010
422434
172788
164249
330614
347041
274352
377702
365869
350375
331527
244879
114246
347626
427020
248129
325804
290520
192839
304508
140015
267834
378981
149455
131753
120666
106219
276061
265238
363958
104777
286060
206794
329561
400822
455886
181957
292981
334714
307040
213611
310840
218587
316839
280907
339664
415867
415598
289018
186026
328247
101142
319173
429333
109386
318013
397049
327541
455445
113024
447590
308368
146013
175676
393308
373092
382363
119189
214492
146077
394770
361486
236502
391495
294545
371545
308710
133680
247878
141370
456218
190820
138675
122685
251741
186454
316512
256111
384421
374019
296531
245312
199317
361970
327325
309239
238033
192108
145026
203857
349084
342057
172826
277734
452703
312645
120639
298037
420331
227829
271035
132804
289431
390934
111259
255355
272111
378469
254312
374563
220531
204798
310724
221703
356489
320951
434770
298314
313552
296031
395494
226431
240618
147407
109571
122913
396881
156901
243005
361894
254787
192100
145581
316949
402476
113778
244101
217890
215356
231377
232960
249552
150776
447499
306358
113311
220024
146638
431985
163126
193652
119950
171828
380416
226076
435498
390097
138352
432813
194805
108721
311246
374259
160340
197558
295558
349551
305559
285716
404665
382559
210499
261702
222461
419219
268113
116426
444452
300496
455813
152178
315442
355159
388648
213944
124417
271983
156114
415321
405815
345466
255603
426562
450045
102133
276971
196559
286184
155399
230374
305527
239821
352802
326511
243587
392815
268841
296521
136163
318941
358957
216057
428216
130351
209637
370347
388813
148280
143881
235763
367844
155219
444766
118076
221920
260376
255580
338079
235383
131019
259591
307926
152281
193473
248915
243343
108733
365337
218441
447214
136269
174681
226158
225418
350227
330268
411056
153489
148284
366084
263457
202367
170531
170634
443393
367724
359310
218932
264838
433074
329084
444171
226911
203474
204513
249111
245899
231318
147090
236099
237507
316115
320368
332280
350663
332143
169419
285671
138235
386781
415365
378608
172851
237730
383855
190907
404505
301966
292770
124930
133048
254657
348618
370257
253739
124420
350181
361692
423776
169325
423016
105963
139250
280860
128695
106903
162770
276427
191689
194181
254592
278757
104488
135618
392108
231445
232055
185933
358702
416722
199190
294663
153552
316430
396348
255688
127014
361621
429312
139036
428121
103716
198463
269239
385234
223095
451042
300896
109436
161645
288531
177176
325253
382999
377051
346254
363489
123228
277406
199297
222395
304859
120902
335888
425814
142507
128855
251066
129654
401606
232583
253461
126862
449471
280411
136276
114195
172646
375530
373332
177523
247411
212570
397356
270626
286051
160148
446106
355906
392396
224357
315457
393496
321273
254085
363711
439161
216712
185737
181593
134256
372195
305127
390059
388325
278912
261323
100585
411468
334672
150261
339797
250822
398108
188315
109918
176775
347636
315023
158611
364113
247784
117659
175140
318698
401293
278241
291210
106741
273943
135621
100896
452531
380447
396592
151658
386903
449031
271079
316030
342235
385183
432207
339832
164227
268116
296992
236710
363910
306830
307656
422979
453712
398470
143737
261727
297628
285152
411807
155093
453946
395056
351576
332058
182659
153232
303750
224630
270500
247318
288785
405810
404702
419413
299915
207829
344263
117678
164631
439864
200929
184232
375728
164905
267648
377519
345255
340431
275780
185020
425891
324488
351570
147391
349286
196661
378032
403291
200139
157140
100855
257539
444311
168510
244086
333355
130400
450048
148154
161039
379265
439965
384844
229558
341500
372990
175008
107128
261426
261158
104513
208568
254636
168087
102795
416754
214742
119893
247128
260826
408112
157557
256654
218789
433206
280336
450839
170597
140948
131178
147372
193173
185579
436761
179130
445321
378568
368926
371974
234049
190703
446796
317045
288238
304522
275894
251136
339712
125402
343711
290185
324878
288744
427719
419005
394490
333678
118971
256301
398889
230620
192248
437929
158450
352931
126021
318715
143366
162935
159309
219854
305418
320127
275793
158493
338298
192756
442061
277876
375665
241579
190300
217641
270801
292579
212393
357366
426552
284784
193617
204046
212856
291623
210163
177633
266464
347994
272702
255171
128817
347095
387758
344767
297062
183727
438903
447232
273608
174034
230778
218380
244074
244788
118626
384061
230117
353912
272140
246780
254533
291423
200972
344795
273236
185792
407018
417112
354849
301152
443774
242131
107736
448437
424276
272548
249164
128353
212539
337471
183624
255836
344341
443386
167379
306505
344557
200771
249494
236044
393161
243969
169173
434708
323000
361760
324563
193257
216313
343417
306143
233884
357173
359544
130087
299825
185513
151081
158024
274537
362422
237685
252714
328039
278548
149115
212634
112378
339883
453211
388329
289911
366565
395506
422382
112559
282135
370592
154738
111784
266534
183862
131220
108647
305169
401688
448754
316341
446964
256468
331259
384498
146893
111302
258749
133408
440726
159576
255174
342124
240864
231588
211984
319900
189504
431130
128616
169937
221522
353021
447429
264236
309894
211847
141696
134870
121207
234899
338681
446262
192949
353072
291410
209105
308902
229823
359154
336631
439706
222612
396336
451127
260093
159849
224754
145092
228731
217559
447355
193338
319676
290241
229985
106573
411900
386142
396079
176409
233035
371228
333346
294415
359393
422902
195650
278333
347769
275708
308942
321888
454230
157154
422185
237007
167279
430634
381939
183185
411813
405778
161413
171389
108443
439507
364533
201972
428250
308206
175238
181339
344012
348886
184113
185762
268229
164666
122412
264523
248922
429990
103793
262353
278789
184763
173679
344655
450679
225866
182630
255284
274569
314445
221994
231834
118199
230162
272989
268574
417465
272483
456177
221879
152765
132830
251109
382253
126223
355334
101617
127073
419947
311958
200142
148819
131924
291191
280094
224898
296703
344107
253353
218443
421992
187910
229642
112477
276000
416107
107425
157973
338858
130121
438415
323597
329774
211593
234420
231765
225533
446927
155576
188623
362256
232010
108730
285697
190045
390351
281110
300174
161809
377918
201374
283894
129151
189832
354588
328581
209576
218838
105847
298912
304826
189566
340482
453717
426245
155874
353102
279833
130168
391104
158058
114365
290790
113204
433415
389961
181478
170319
216892
291991
374422
365135
132051
258517
