350321
253367
364163
384021
327476
247261
288868
410769
118402
404066
386941
344087
355538
455433
384427
130136
378290
303045
166014
293731
290752
271930
424633
228696
149848
216295
120808
134288
110444
386278
311118
189854
388834
350413
101502
397134
344304
258094
388308
313586
296704
217103
368011
275505
380766
202405
281232
303200
377632
295738
278918
271338
425000
264585
362438
304798
401965
108266
336909
227362
200605
293579
296641
155653
266599
388845
119352
298264
206990
284953
425332
266943
231721
250154
149380
342671
154573
266039
135446
394026
398833
357410
280420
105583
128681
247789
314020
108950
286101
252013
375800
236868
126286
298208
102489
122774
269457
103853
341513
246310
246583
312097
246107
280200
378405
262808
125832
232154
190068
383226
170552
402297
139964
148684
167840
105323
121070
243331
247372
340117
287084
125690
126761
261131
387049
193258
362845
346415
123821
142334
376963
293465
111809
226799
289983
246207
308960
118552
235566
310944
305805
191409
359436
304948
191905
415392
395911
444439
361753
407019
258926
129878
354308
109088
114977
305996
128645
310471
291071
205119
257795
124677
450890
311997
351939
421255
226626
332546
297620
346520
450755
441469
298221
317572
251030
330775
357787
380641
426843
366730
253202
140465
181284
400213
136886
446130
380852
133753
143006
400451
180328
374004
382670
236443
219510
209027
155661
158268
440492
406497
221823
350719
256577
275074
362025
141378
373733
178002
150830
431912
398114
229704
100549
142599
228866
454502
282493
142292
449135
248941
412441
312574
335915
233678
148348
171074
390912
293744
397506
285660
352753
141026
437587
270036
408175
431354
300601
272777
277690
169085
408945
385955
387427
354587
282780
249446
225102
349160
286491
188236
440270
152844
332191
111996
325099
111704
266088
410607
271891
431295
168867
385838
355710
113834
165314
322944
378275
324641
256538
296441
180046
296403
305885
115071
306914
406400
362793
377972
154183
244589
174081
100655
318594
180317
274862
450032
214732
231190
230462
241508
166843
356093
163708
192977
101658
151750
174283
115714
205572
451435
445234
303534
159654
154314
145139
242180
443480
190525
201476
233029
253647
417061
145740
112871
357089
104946
104585
451304
388324
310194
264747
217972
122962
334849
175693
170046
331397
305021
317304
261952
267133
128477
213160
123166
443056
171375
105943
383728
420944
287018
184316
234452
241736
222864
386228
272320
379719
190236
230511
340237
227257
384468
327387
105967
157660
422214
283718
445188
108895
354269
451017
349635
327891
100210
144198
206040
434692
292413
389867
400756
343250
299111
345522
125019
436805
247680
194487
375160
345071
437677
243262
261740
411569
236149
299660
435703
297414
229010
420918
203046
446939
340498
106290
158423
257091
280216
213395
134349
302986
293188
245776
177620
260837
147487
283823
290562
362611
321743
156667
426543
205253
292473
232941
186410
452717
214095
234246
172834
422265
211648
448123
387548
182774
100379
278720
147498
430624
415166
126956
148435
202233
160075
149182
255385
213341
434405
376182
394899
348920
235244
120855
241870
298581
357317
223343
412343
110086
253701
309883
437291
211405
194976
329670
298769
279926
198709
168360
125284
270285
126664
219351
360413
187029
416342
195926
266966
191579
289444
284496
421076
321282
425357
118008
391885
368293
382035
364779
297272
365378
374142
301412
425862
273366
278546
152358
368684
158262
318681
350487
187078
205674
107301
341674
340124
117364
319779
215479
235959
393813
212026
446253
443316
153082
226461
123592
162427
408821
302511
443204
181609
204695
195938
107624
109339
355126
341993
242244
445158
390886
380848
382836
212677
194159
372209
101948
449316
120549
113581
181069
361041
179989
173746
202970
228660
264726
388143
135103
317842
403357
424661
141948
349548
171840
144078
184388
270887
108134
391961
455713
240562
101627
110846
246322
103309
428470
131469
237493
132963
358482
173308
141706
203274
363017
212469
341086
138298
400296
128948
437394
335475
132876
215631
353480
125987
137551
297827
388867
171430
170132
237110
145469
113145
294544
329692
260151
416132
330101
426555
441238
424457
154017
189135
407622
452858
360958
249001
301544
238932
391958
438837
317576
185094
324663
265114
278528
357312
409698
125261
340295
114968
223885
361601
101528
313813
171327
372003
373869
445967
168275
191689
427279
431814
264245
439008
322458
361551
227957
233314
218577
100053
105912
266822
207398
365361
254007
387460
271631
264440
412752
335897
335438
385161
450854
242298
329509
214351
186686
229740
328292
311200
128743
228143
111390
170454
202391
132214
287073
296619
412901
415629
362911
211368
300321
316817
294474
227377
118504
308273
438171
191136
428417
302791
171570
437618
298943
274660
219777
256602
144001
300846
415715
201395
312158
412070
208485
244425
371325
257962
102626
162949
207120
247958
167553
215745
393966
273179
251249
300184
452527
355672
308478
273431
182929
221613
185149
235199
292642
450533
140698
299590
137852
203110
289318
268579
372543
177432
426992
446172
368673
210788
109903
139399
367404
182405
120275
281215
411650
245737
322933
175039
385923
196730
423777
262042
116245
404551
269728
381474
309939
405293
302251
104674
284995
228638
285607
373884
339405
403635
241644
345422
210873
319857
286462
302853
216958
153626
338477
374553
244232
339265
217000
415556
379227
274674
262284
397680
344962
236261
271536
319581
305006
410326
264987
230936
286059
447536
232595
131853
206222
442543
299089
284394
118170
250923
262601
382229
439954
437530
335661
103330
309538
176279
376656
263806
243068
237322
401033
292529
294859
238892
414721
290399
359801
452027
136672
157187
393872
413204
131245
245336
450120
180304
134799
363278
402397
164850
366562
126368
283610
250985
146636
427483
287088
274675
408865
278438
333982
327204
374096
160032
247075
314203
233735
442041
432954
438940
338228
128750
111271
303166
100973
200444
379618
104801
410554
400810
420099
272441
370334
137485
436070
297333
318479
124438
224545
335219
118080
187210
181100
372374
406360
370548
406236
246234
290430
107713
153610
325148
248612
379553
269695
357243
310633
196399
141752
250349
351723
271115
196859
392813
327313
169001
224453
114966
104961
349941
298103
214933
292674
162244
222633
413039
388341
175335
135516
117166
241061
434412
206138
136425
392331
191618
350231
384437
234269
324335
253039
356362
326792
425445
150812
444824
176671
172332
389224
449783
164775
454949
452806
177177
423441
169733
246768
287317
241043
439823
383006
155784
376975
307860
178405
201112
143656
183000
402014
283071
289364
166825
278766
310715
425088
103576
430757
167862
228396
387561
279567
364379
306461
366910
151420
353767
323435
264416
337333
387468
347144
242694
455588
262435
350889
441172
431216
145971
359602
423350
356883
294251
289938
386529
293140
373674
215607
168904
257923
163885
333363
411592
188769
175390
154200
412954
100571
142898
203297
424084
235379
233080
228481
190500
174573
314253
337549
379017
184934
136804
350793
101727
137224
188305
156955
411555
231518
366581
222202
432057
254328
149913
203284
267942
138501
449630
342177
313279
263680
273318
451998
257607
205217
174646
419447
295586
364711
220771
233511
315369
128832
329559
389630
325587
195163
301644
225290
383365
170765
104423
156566
158646
335602
321452
212173
289673
317922
281509
216973
285235
371317
122623
397193
277933
391683
101376
405427
378438
349804
431245
281665
205971
410726
233602
110300
178846
298518
369142
127324
191412
263043
224819
116653
424943
202751
296689
300413
225599
319879
145107
410523
252995
326846
288191
258437
370943
446435
190147
400288
328437
169005
222789
290321
339675
180144
247901
281326
126163
371134
380995
205309
326592
132388
246339
203537
207556
406118
399618
123573
307029
361262
358714
421002
257149
209500
453105
355221
272674
124635
380279
332595
155023
109717
440822
180940
295360
347231
425873
400838
188008
417325
232519
156562
371574
102711
412409
337874
204633
418526
447665
137969
356552
429068
140185
398916
304972
369606
172478
311553
296649
290767
256550
192544
351296
187691
370911
307193
428553
322173
447385
349469
340948
172391
158717
206042
109457
131588
239999
418070
417540
188541
355788
309260
274554
187546
394765
192087
182853
287462
186937
155092
241881
428130
231800
152008
379699
133340
398672
165885
215750
342755
328248
293350
421819
223278
426757
124577
339747
211407
362039
122993
203920
242511
346012
209972
365687
194549
413008
244175
169948
256122
286435
341052
282546
332560
208956
252314
294718
314799
350365
363190
265630
238750
140095
332680
173609
170741
123719
362302
260553
377619
440656
356111
114953
235938
245521
209548
323542
450829
146003
263397
239698
330327
107731
108236
217750
405077
305692
384951
321402
127180
282289
276841
404598
136153
297813
414614
455035
160533
398933
234759
247856
342572
249693
139524
275782
330029
234524
342268
239548
433734
448710
318129
211862
155156
292157
223801
402718
322471
267606
120608
322519
143701
226094
411702
424528
282730
399314
315018
311979
374371
401152
272609
407221
432741
289644
275310
107466
190962
406806
412514
427817
301175
133446
222335
452098
452104
144903
311383
279372
277089
238788
173803
225258
413187
341022
300816
420487
131868
249509
342928
407506
232374
359837
218083
275982
169414
363500
302258
115951
196504
180885
321580
374763
152467
390294
295103
420904
289864
348895
398905
416483
397104
318605
228599
341795
448252
321505
333302
129368
184125
258633
163845
119256
250316
443772
100851
269268
453475
440938
449498
176564
125161
145444
347420
433753
228732
369434
239961
387259
276608
388577
143148
453826
371631
451256
103394
265738
265642
190404
265615
270635
408692
200360
223429
193354
249830
196246
208952
101067
320931
220321
348599
372902
146865
355803
371674
397574
432042
421434
361996
247431
412256
340251
304990
407843
225324
289428
186896
281964
298448
455061
118293
208160
413074
269912
227916
255293
424116
208954
129416
250801
122153
147491
307829
207949
449037
378862
164727
334789
302837
130577
195644
210944
145634
406108
196200
153944
320148
408707
349987
422952
446622
115971
263222
405196
390038
232025
212946
394209
308796
101876
286878
411101
431876
312782
447196
142422
274195
238766
221475
437395
232555
101086
144140
312172
254896
353742
415669
359405
158589
308172
254620
133857
426080
242806
388431
118254
113948
389998
324057
120270
447827
441768
431689
223356
445621
218556
358008
415382
347330
166175
207499
399496
381485
201336
111273
176802
265073
265174
239182
380094
245840
380645
122713
101742
401739
267339
212938
110951
301583
436319
368743
401987
235942
107432
174834
451334
426763
205854
139771
140351
349721
200599
424035
426025
106055
261402
373657
197037
140354
329354
185531
224425
299025
338019
293134
167710
196950
109728
359587
429332
201561
191016
269544
310991
164796
310271
393863
372816
174058
318796
127827
219297
353423
323320
137629
379968
117386
454423
168052
408033
355629
290665
422500
195868
129208
122792
204922
336444
104527
103246
362558
425639
375716
232757
366170
409656
245206
403913
276167
290818
277729
305811
195744
442148
273108
154615
353530
115547
366107
359384
174946
432739
433192
365549
274910
340941
356342
438235
422736
131253
439121
280457
116204
403640
396053
382761
284517
303441
304193
111839
141138
182937
361081
180138
397936
167707
282956
100732
444314
129079
222874
247610
170045
260048
141559
280403
232636
166789
330416
231465
444918
380549
392058
208998
136136
369070
445419
101158
244351
291226
138557
105585
428634
131330
428272
174998
256280
223701
257175
290908
322737
101568
100950
420745
303740
256462
124911
397280
197104
439390
425235
388004
222928
283031
373665
415567
255428
433621
212336
164371
350774
217849
369976
328022
229448
269301
221794
227189
298989
401094
180091
429687
141657
361301
212305
437935
254492
425704
116568
419515
275080
198455
427053
169067
213406
442416
360970
374058
271861
265043
284835
140220
108303
214758
111229
349712
431475
430716
198399
417566
134357
372987
116435
310072
358418
292441
287727
124562
377129
103634
146964
177216
298245
156806
232334
257985
453073
335720
178252
190987
279365
446705
221099
297654
417282
252277
374564
218430
400805
173134
216006
222839
365528
302506
408306
102422
374547
181766
267713
446171
178740
133541
235696
112936
407135
437216
142915
161273
295224
103217
339273
436055
164523
158538
349347
213581
271128
424529
426313
233444
224254
215444
314693
151546
210463
313344
215688
335323
341668
376764
303666
207763
231852
436272
298403
404518
244262
100301
135546
275551
265398
422780
387741
244981
374183
204538
215550
383477
177119
230977
329729
181857
150069
291130
318947
435940
293914
375833
111283
357453
197428
292769
363700
150350
209216
284891
393240
160473
228898
364524
268840
151715
215589
323208
337824
422459
389357
272884
110473
172260
171224
233514
143665
324938
453058
250315
394911
203257
453684
361347
409734
277792
197627
388927
429220
343541
160290
426958
278648
362796
130519
261636
343584
375692
135567
248484
155245
355257
318469
356622
296085
272758
186528
221720
211982
213491
159718
390503
452800
305657
289873
341771
316882
376152
398568
193014
235551
305812
437048
220859
398275
217959
404941
357041
157295
397365
102844
245161
141554
318545
241384
136151
149905
171606
264387
434130
401545
109299
292050
111995
286541
138833
212269
234815
276221
437385
417731
339765
326322
140882
357036
361621
396285
175634
368546
135156
335152
240465
372243
375497
329330
329855
262902
236884
134498
229612
375196
361787
232158
141700
454227
446335
136542
294308
386103
346678
184404
345709
104579
132605
184048
112532
386108
361653
420382
392886
136612
422579
161236
246817
342137
379693
151468
161369
207451
406931
343286
175783
293424
383726
286560
259509
108877
320599
117304
367191
208498
135694
335422
351546
414449
311971
118762
281063
454582
290064
274964
233987
214016
114066
301998
247067
410393
313369
435957
412614
243364
348431
285291
234366
153383
113978
305429
190630
142929
450128
455018
419526
358487
376197
199661
438239
