253367
364163
384021
327476
247261
140244
288868
410769
118402
404066
344087
355538
455433
384427
130136
378290
246035
166014
293731
360102
271930
424633
228696
152655
201485
120808
134288
199100
110444
189854
350413
397134
301070
344304
258094
388308
313586
206488
217103
317427
369660
275505
380766
202405
272671
281232
303200
289576
129167
181970
377632
114726
295738
278918
145035
248485
271338
264585
362438
304798
401965
397520
108266
336909
227362
200605
293579
296641
155653
266599
388845
206990
284953
425332
266943
231721
405286
320045
176446
149380
342671
154573
266039
135446
190761
432211
357410
280420
105583
128681
247789
127642
314020
108950
286101
248576
252013
236868
126286
298208
269457
103853
334236
196599
113919
246310
287935
246583
229361
312097
246107
236187
364040
378405
125832
189815
190059
383226
170552
402297
139964
167840
105323
121070
243331
247372
222006
287084
125690
126761
272470
193258
346415
123821
309934
271772
142334
412198
286984
293465
111809
226799
289983
246207
308960
118552
235566
310944
138466
305805
191409
191905
443158
395911
444439
361753
407019
281765
192891
258926
129878
354308
109088
114977
305996
128645
231735
291071
257795
124677
450890
356778
200586
421255
332546
297620
216252
450755
346893
441469
298221
251030
330775
366730
181284
256892
400213
136886
446130
380852
133753
143006
180328
374004
382670
301109
236443
297352
219510
209027
155661
158268
440492
406497
221823
350719
256577
275074
362025
373733
382411
150830
431912
251801
228866
454502
282493
142292
449135
248941
412441
186123
295749
410708
233678
171074
390912
242872
293744
397506
384535
285660
352753
157973
141026
270036
380399
431354
281246
300601
272777
169085
453440
385955
387427
354587
282780
133174
249446
440270
254694
453183
332191
418965
111996
276137
325099
266088
410607
271891
431295
168867
113834
316332
426118
211541
359328
378275
256538
205515
296441
180046
261290
422219
296403
372015
305885
115071
306914
406400
362793
377972
154183
244589
174081
100655
318594
180317
274862
189405
450032
214732
230462
241508
166843
356093
192977
101658
151750
174283
421202
115714
451435
436803
445234
303534
159654
186295
154314
145139
100703
443480
190525
201476
253647
112871
357089
104946
451304
358415
388324
310194
453000
231581
264747
299662
217972
122962
210883
334849
175693
170046
172859
331397
305021
359291
317304
261952
267133
128477
184738
213160
123166
105943
383728
424772
420944
287018
234452
354125
241736
222864
386228
272320
379719
190236
356134
230511
340237
227257
384468
105967
157660
422214
283718
259108
257386
445188
108895
197951
354269
284996
451017
151605
206040
292413
389867
400756
343250
300355
201496
299111
129802
345522
436805
247680
194487
375160
345071
214238
437677
243262
215657
261740
411569
182804
236149
267326
299660
435703
297414
420918
203046
446939
106290
158423
257091
285724
280216
213395
134349
194625
302986
293188
245776
424731
260837
283823
224257
290562
321743
156667
205253
292473
244256
232941
186410
452717
214095
234246
172834
371025
422265
211648
448123
387548
182774
100379
278720
137386
147498
169428
415166
126956
276013
160075
149182
350485
344901
213341
394899
348920
254074
235244
120855
241870
298581
357317
198630
223343
412343
110086
253701
309883
157635
437291
336821
353235
211405
167999
194976
435355
279926
198709
270285
126664
219351
187029
416342
195926
266966
191579
289444
284496
421076
425357
118008
368293
382035
364779
297272
341142
365378
374142
425862
278546
152358
368684
158262
318681
187078
107301
248660
341674
319779
235959
196838
212026
446253
443316
226461
123592
162427
408821
429785
443204
137664
204695
195938
107624
427744
382462
355126
341993
445158
303769
334274
390886
314430
382836
212677
372209
101948
410441
449316
120549
181069
361041
414004
173746
202970
228660
429403
264726
388143
317842
403357
358940
426994
424661
141948
349548
144078
184388
270887
108134
391961
455713
280672
240562
407937
101627
110846
371137
250285
246322
254514
237493
132963
358482
276537
267737
173308
141706
203274
328165
138298
400296
317266
437394
104770
286531
132876
329736
215631
353480
297827
388867
171430
170132
237110
145469
113145
423409
329692
260151
416132
426555
441238
424457
154017
189135
407622
452858
360958
388855
277269
301544
238932
391958
438837
185094
324663
278528
147112
357312
409698
125261
340295
382577
361601
101528
112191
343514
171327
372003
445967
168275
191689
427279
431814
359838
439008
429821
361551
229308
233314
218577
363333
105912
266822
207398
365361
444290
254007
319063
271060
271631
425901
412752
335897
335438
337965
385161
450854
242298
214351
186686
229740
353906
328292
128743
170454
202391
132214
412901
415629
362911
211368
321753
300321
294474
118504
227219
308273
126646
438171
191136
428417
302791
171570
298943
274660
219777
143039
144001
300846
415715
201395
208485
244425
371325
167213
257962
102626
162949
279418
247958
391193
266655
215745
393966
273179
300184
452527
355672
308478
182929
221613
185149
235199
292642
450533
140698
299590
137852
289318
268579
125721
177432
446172
368673
109903
139399
115614
367404
182405
120275
391948
281215
411650
245737
322933
175039
196730
338038
116245
404551
225649
269728
260666
106870
417659
381474
309939
405293
302251
104674
228638
285607
373884
339405
403635
102756
345422
210873
286462
444002
312951
216958
153626
374553
339265
217000
415556
274674
262284
397680
344962
305006
264987
290917
210912
230936
198008
286059
232595
206222
442543
226899
118170
250923
262601
382229
439954
437530
335661
183052
103330
372087
414428
243068
401033
292529
216357
211750
238892
331064
373590
414721
452027
136672
434298
157187
393872
413204
131245
307222
450120
155744
180304
178305
453838
134799
172978
129654
451967
402397
164850
366562
126368
238448
250985
146636
427483
287088
274675
160848
333982
374096
247075
314203
442041
432954
295147
438940
310761
111271
303166
100973
379618
139323
104801
223570
219389
272441
370334
426925
137485
436070
224545
118080
187210
406360
370548
406236
246234
318024
290430
245346
107713
191294
325148
248612
379553
269695
287179
357243
310633
196399
403736
217293
141752
250349
351723
271115
237044
392813
327313
379459
169001
185151
224453
114966
104961
349941
298103
292674
284205
222633
173860
413039
431226
436709
135516
117166
241061
434412
136425
392331
350231
384437
135139
324335
253039
204967
150812
417480
176671
172332
389224
449783
164775
177177
423441
246768
287317
241043
439823
383006
335673
281527
307860
178405
201112
143656
402014
283071
278766
418552
310715
425088
103576
430757
112542
228396
279567
125498
364379
366910
151420
116772
353767
323435
264416
337333
347144
242694
455588
350889
441172
431216
145971
359602
423350
356883
294251
289938
386529
293140
373674
168904
112725
257923
163885
208194
411592
188769
175390
154200
134403
412954
135021
100571
222737
237107
246675
203297
424084
363559
235379
190500
237445
337549
193785
252478
184934
265277
350793
101727
137224
188305
156955
411555
222202
432057
149913
224450
267942
138501
449630
313279
263680
143989
273318
449882
205217
174646
419447
295586
401211
220771
356912
315369
329559
389630
325587
195163
301644
225290
263078
383365
170765
104423
156566
158646
335602
321452
212173
289673
255426
317922
216973
285235
371317
122623
397193
277933
101376
197186
378438
349804
431245
205971
233602
110300
178846
298518
369142
287492
453547
191412
307394
116653
243080
424943
126269
260819
202751
296689
300413
225599
319879
145107
410523
252995
304055
123404
326846
210222
288191
258437
171509
415576
370943
446435
190147
400288
328437
244158
108845
290321
339675
180144
317737
126163
371134
380995
205309
315428
326592
132388
246339
207556
406118
399618
346527
123573
361262
358714
421002
348658
257149
209500
246431
438086
453105
355221
272674
124635
380279
332595
155023
109717
232284
155256
440822
180940
347231
425873
400838
188008
232519
156562
371574
102711
412409
337874
204633
418526
447665
137969
356552
429068
398916
304972
369606
282103
172478
111029
281112
296649
256550
192544
351296
187691
370911
307193
147744
428553
191234
447385
100263
349469
340948
138566
172391
158717
252705
206042
109457
131588
418070
417540
188541
355788
309260
187546
394765
192087
182853
215514
287462
155092
241881
428130
152008
394769
161011
379699
133340
417754
398672
435993
345986
165885
328248
293350
223278
426757
124577
251486
211407
362039
122993
203920
242511
346012
209972
365687
194549
413008
244175
169948
256122
282546
208956
252314
294911
294718
314799
363190
265630
140095
199747
332680
170741
123719
271157
362302
260553
377619
440656
246997
356111
114953
311283
235938
245521
323542
450829
146003
239698
330327
107731
108236
286281
217750
405077
305692
384951
321402
127180
135818
341186
276841
404598
136153
297813
414614
455035
160533
398933
347035
446162
234759
247856
249693
139524
275782
330029
234524
355263
253016
342268
401330
239548
433734
318129
211862
292157
223801
402718
322471
341801
267606
120608
322519
143701
226094
411702
424528
282730
399314
315018
150674
311979
323241
346222
257189
164024
407221
289644
275310
154985
107466
406806
412514
223150
427817
301175
129344
200456
133446
222335
452098
369015
377353
452104
144903
311383
266031
279372
277089
225258
413187
341022
300816
134734
131868
249509
342928
407506
305275
247945
275027
232374
359837
218083
275982
169414
363500
229486
302258
115951
196504
321580
374763
152467
295103
420904
348895
398905
397104
318605
303201
360194
403091
321505
333302
129368
184125
258633
163845
119256
286402
100851
269268
453475
440938
145444
347420
433753
228732
369434
387259
276608
453826
371631
451256
103394
190404
265615
270635
408692
116486
136980
200360
249830
196246
208952
146519
249203
275159
441299
220321
174558
183796
372902
413490
371674
397574
160895
377529
391511
361996
247431
340251
304990
407843
400950
225324
289428
455061
118293
197419
208160
269912
162524
227916
255293
208954
129416
250801
156204
122153
147491
156143
307829
206317
207949
449037
378862
334789
302837
130577
195644
210944
406108
196200
153944
201106
314712
356447
114530
422952
446622
115971
147540
359617
263222
164204
405196
138505
232025
212946
303088
308796
415252
286878
411101
312782
142422
284714
238766
407405
101086
144140
312172
254896
415669
265971
356010
357437
158589
308172
121242
242806
233235
388431
389998
324057
120270
447827
223356
445621
414090
218556
358008
109939
141938
347330
166175
207499
399496
381485
201336
111273
265073
265174
380094
245840
380645
122713
184132
401739
338322
307099
267339
212938
110951
436319
265616
368743
401987
235942
107432
451334
426763
135923
205854
139771
324188
219843
349721
424035
426025
205683
106055
261402
197037
140354
329354
185531
125595
224425
398926
299025
389668
338019
293134
196950
109728
359587
429332
166252
201561
191016
269544
191843
310991
164796
310271
372816
115392
174058
318796
354432
329181
127827
219297
137629
379968
117386
454423
168052
277266
290665
422500
107824
220374
195868
441444
129208
267510
122792
299221
204922
114527
336444
104527
103246
362558
425639
375716
381982
232757
366170
393243
245206
396884
290818
242999
277729
349978
305811
310284
154615
353530
115547
424777
174946
432739
433192
365549
274910
340941
300643
439121
116204
255025
303441
141138
182937
361081
397936
257469
167707
282956
100732
444314
247610
260048
141559
280403
118982
330416
231465
444918
380549
236148
392058
360843
369070
191456
445419
101158
244351
213343
138557
214062
105585
428634
131330
368984
368842
376134
428272
256280
223701
257175
362372
322737
101568
100950
420745
303740
124911
397280
425235
295541
388004
283031
373665
415567
343121
255428
137900
212336
164371
350774
436518
348414
328022
229448
272360
269301
221794
227189
222190
298989
401094
141657
361301
212305
437935
159499
254492
432826
425704
116568
198455
169067
213406
442416
174517
169732
360970
374058
271861
265043
284835
140220
179767
203052
214758
111229
349712
339485
170833
430716
198399
417566
134357
336288
358418
154508
292441
124562
377129
103634
146964
177216
156806
232334
257985
453073
178252
268773
190987
279365
295295
328557
446705
221099
297654
226473
417282
252277
115963
216006
222839
408306
374547
181766
267713
446171
178740
133541
112936
224705
210747
257621
407135
437216
161273
295224
103217
164523
158538
352215
271128
424529
426313
233444
224254
345593
276433
214872
314693
287528
210463
313344
215688
158292
335323
341668
201001
376764
303666
156824
207763
231852
436272
298403
404518
100301
135546
275551
300589
234197
422780
244981
414786
204538
215550
177119
232111
230977
362185
297610
199697
150069
291130
318947
213252
435940
375833
357453
197428
292769
118476
363700
203875
209216
309889
284891
393240
267281
160473
364524
151715
184478
215589
323208
337824
221020
422459
389357
272884
228131
110473
172260
233514
163124
143665
453058
157389
250315
424885
394911
203257
453684
361347
409734
309220
354896
277792
119777
254510
197627
160709
388927
429220
343541
414783
160290
308314
378686
426958
278648
362796
261636
159515
343584
375692
135567
248484
155245
355257
318469
356622
296085
272758
186528
221720
191554
213491
159718
390503
452800
305657
289873
341771
316882
376152
324318
235551
176502
160582
437048
319036
220859
398275
404941
357041
157295
397365
102844
141554
136151
149905
171606
255687
264387
434130
401545
384809
277963
109299
111995
286541
281050
138833
320606
276221
437385
417731
442845
339765
140882
357036
396285
149991
368546
135156
335152
240465
270853
375497
329855
101351
367144
262902
236884
134498
229612
375196
232158
122041
141700
454227
415557
446335
136542
148720
294308
386103
308064
346678
184404
345709
132605
262254
112532
386108
182455
420382
392886
136612
422579
246817
342137
161369
207451
437868
343286
175783
293424
383726
286871
286560
320599
277765
117304
367191
208498
135694
134344
335422
160227
414449
289072
311971
262187
124593
281063
454582
311095
274964
233987
214016
219483
114066
110177
410393
313369
435957
412614
234366
153383
113978
305429
247393
190630
142929
455018
150432
419526
438239
