350321
253367
364163
327476
247261
140244
288868
410769
118402
404066
386941
344087
355538
130136
378290
246035
303045
166014
293731
360102
290752
271930
228696
149848
216295
152655
201485
120808
199100
386278
311118
189854
388834
350413
101502
397134
301070
344304
258094
388308
206488
296704
368011
317427
369660
275505
380766
272671
281232
289576
129167
181970
377632
114726
295738
145035
248485
425000
304798
397520
108266
336909
227362
200605
296641
155653
266599
388845
119352
298264
206990
284953
266943
231721
405286
320045
176446
250154
149380
342671
266039
394026
190761
432211
398833
357410
280420
105583
127642
314020
286101
248576
375800
236868
126286
102489
122774
269457
103853
334236
196599
341513
113919
287935
246583
229361
280200
236187
364040
378405
262808
125832
189815
232154
190068
190059
383226
170552
402297
139964
148684
105323
121070
243331
247372
222006
340117
125690
126761
261131
387049
272470
193258
362845
346415
309934
271772
142334
412198
376963
286984
293465
246207
308960
118552
235566
138466
305805
359436
304948
415392
443158
361753
407019
281765
192891
258926
129878
354308
109088
310471
231735
291071
205119
450890
311997
351939
356778
200586
226626
332546
346520
216252
450755
346893
441469
317572
251030
330775
357787
380641
426843
366730
253202
140465
181284
256892
400213
136886
446130
380852
133753
143006
400451
382670
301109
236443
297352
219510
155661
440492
221823
256577
275074
362025
141378
373733
178002
382411
150830
398114
229704
100549
142599
251801
282493
142292
412441
312574
186123
295749
410708
335915
148348
171074
242872
293744
384535
352753
157973
141026
437587
270036
408175
380399
431354
281246
300601
272777
277690
408945
453440
385955
387427
354587
133174
225102
349160
286491
188236
440270
254694
152844
453183
418965
276137
325099
111704
266088
410607
431295
168867
385838
355710
113834
316332
165314
426118
322944
211541
359328
324641
256538
205515
180046
261290
422219
296403
372015
115071
406400
377972
244589
318594
180317
189405
231190
241508
166843
356093
163708
192977
151750
421202
205572
451435
436803
445234
159654
186295
154314
145139
100703
242180
190525
201476
233029
417061
145740
357089
104585
451304
358415
388324
310194
453000
231581
264747
299662
217972
122962
210883
175693
170046
172859
305021
359291
261952
184738
213160
123166
443056
171375
383728
424772
287018
184316
234452
354125
241736
222864
386228
272320
379719
190236
356134
227257
327387
105967
422214
259108
257386
197951
354269
284996
151605
349635
327891
100210
144198
206040
434692
292413
389867
400756
300355
201496
129802
345522
125019
436805
247680
194487
375160
345071
214238
437677
243262
215657
411569
182804
236149
267326
229010
446939
340498
106290
158423
285724
280216
213395
134349
194625
177620
424731
260837
147487
283823
224257
290562
362611
321743
426543
292473
244256
232941
186410
452717
214095
234246
172834
371025
211648
448123
387548
182774
137386
147498
169428
430624
415166
126956
276013
148435
202233
160075
149182
350485
255385
344901
213341
434405
376182
394899
348920
254074
235244
241870
357317
198630
223343
412343
110086
253701
157635
437291
336821
353235
167999
194976
329670
298769
435355
279926
168360
125284
270285
126664
360413
187029
195926
284496
421076
321282
425357
391885
368293
364779
297272
341142
374142
301412
273366
152358
368684
158262
350487
187078
205674
248660
341674
340124
117364
319779
215479
196838
393813
212026
446253
153082
226461
162427
408821
429785
302511
443204
181609
137664
107624
427744
382462
109339
355126
242244
445158
303769
334274
390886
314430
380848
382836
194159
372209
410441
449316
120549
113581
181069
361041
414004
179989
173746
429403
264726
388143
135103
317842
358940
426994
141948
349548
171840
144078
184388
270887
108134
391961
280672
407937
101627
371137
250285
246322
103309
428470
254514
131469
237493
358482
276537
267737
173308
363017
328165
212469
341086
400296
128948
317266
437394
104770
335475
286531
132876
329736
353480
125987
137551
388867
170132
237110
113145
294544
423409
260151
330101
426555
424457
154017
189135
360958
249001
388855
277269
301544
391958
317576
185094
324663
265114
278528
147112
409698
125261
340295
114968
223885
382577
361601
101528
112191
343514
313813
171327
372003
373869
168275
191689
427279
431814
264245
359838
439008
322458
429821
229308
227957
233314
218577
100053
363333
105912
266822
207398
444290
254007
319063
387460
271060
271631
425901
264440
412752
335438
337965
385161
450854
242298
329509
229740
353906
328292
311200
228143
111390
170454
202391
287073
296619
412901
362911
211368
321753
316817
227377
227219
126646
191136
428417
171570
437618
274660
219777
256602
143039
144001
300846
312158
412070
371325
167213
257962
102626
279418
207120
391193
167553
266655
215745
393966
251249
300184
452527
355672
308478
273431
185149
235199
292642
140698
203110
268579
125721
372543
177432
426992
446172
210788
139399
115614
367404
182405
391948
411650
245737
175039
385923
196730
338038
423777
262042
116245
225649
260666
106870
417659
381474
309939
405293
302251
104674
284995
285607
373884
339405
403635
102756
241644
345422
210873
319857
286462
302853
444002
312951
216958
153626
338477
374553
244232
339265
217000
379227
262284
397680
236261
271536
319581
410326
264987
290917
210912
230936
198008
286059
447536
232595
131853
206222
442543
226899
299089
284394
118170
262601
382229
439954
437530
335661
183052
103330
372087
309538
176279
376656
414428
263806
243068
237322
401033
216357
294859
211750
331064
373590
290399
359801
452027
136672
434298
413204
131245
307222
245336
450120
155744
180304
178305
453838
172978
129654
363278
451967
164850
366562
126368
283610
238448
250985
146636
427483
287088
274675
408865
278438
160848
333982
327204
374096
160032
247075
314203
233735
432954
295147
338228
310761
128750
111271
303166
100973
200444
139323
104801
223570
410554
400810
219389
420099
370334
426925
137485
436070
297333
318479
124438
224545
335219
118080
187210
181100
372374
406360
370548
246234
318024
245346
191294
153610
325148
248612
379553
287179
357243
310633
196399
403736
217293
141752
351723
237044
196859
392813
327313
379459
185151
224453
114966
104961
349941
298103
214933
292674
284205
162244
222633
173860
413039
431226
388341
175335
436709
135516
241061
434412
206138
136425
392331
191618
350231
384437
135139
234269
324335
204967
356362
326792
425445
444824
417480
389224
454949
452806
177177
423441
169733
246768
439823
383006
155784
335673
376975
281527
307860
143656
183000
402014
283071
289364
166825
418552
310715
425088
430757
112542
167862
387561
279567
125498
364379
306461
366910
151420
116772
353767
337333
387468
347144
455588
262435
350889
431216
145971
423350
356883
294251
293140
373674
215607
112725
163885
333363
208194
411592
188769
175390
154200
134403
412954
135021
100571
222737
237107
142898
246675
424084
363559
233080
228481
174573
314253
237445
193785
252478
379017
184934
136804
265277
350793
188305
156955
411555
231518
366581
222202
432057
254328
149913
203284
224450
267942
449630
342177
143989
273318
449882
451998
257607
205217
419447
295586
364711
401211
220771
233511
356912
315369
128832
329559
195163
301644
225290
263078
383365
170765
156566
335602
212173
255426
317922
281509
216973
285235
371317
122623
391683
101376
197186
405427
378438
281665
205971
410726
233602
110300
178846
369142
287492
127324
453547
191412
307394
263043
224819
116653
243080
126269
260819
202751
300413
319879
304055
123404
210222
258437
171509
415576
370943
446435
190147
328437
169005
244158
108845
222789
180144
317737
247901
281326
126163
371134
380995
315428
326592
132388
203537
207556
346527
123573
307029
358714
348658
209500
246431
438086
453105
355221
380279
109717
232284
155256
180940
295360
347231
425873
188008
417325
232519
156562
371574
102711
337874
204633
447665
137969
356552
140185
398916
369606
282103
172478
111029
311553
281112
296649
290767
256550
192544
351296
370911
307193
147744
191234
322173
447385
100263
340948
138566
172391
158717
252705
131588
239999
418070
417540
188541
274554
394765
192087
182853
215514
186937
155092
241881
428130
231800
152008
394769
161011
379699
133340
417754
435993
345986
165885
215750
342755
328248
293350
421819
223278
426757
251486
339747
122993
203920
242511
346012
365687
413008
244175
169948
286435
341052
282546
332560
294911
350365
238750
140095
199747
332680
173609
170741
123719
271157
260553
440656
246997
356111
114953
311283
235938
245521
209548
323542
146003
263397
239698
107731
108236
286281
405077
384951
321402
127180
282289
135818
341186
455035
398933
347035
446162
342572
249693
275782
355263
253016
342268
401330
433734
448710
155156
223801
402718
322471
341801
267606
322519
143701
226094
411702
315018
150674
311979
374371
401152
323241
272609
346222
257189
164024
407221
432741
154985
190962
406806
223150
427817
129344
200456
222335
369015
377353
144903
311383
266031
277089
238788
173803
225258
341022
300816
134734
420487
131868
249509
342928
407506
305275
247945
275027
359837
275982
169414
229486
302258
115951
196504
180885
374763
152467
390294
295103
420904
289864
416483
318605
228599
303201
360194
341795
448252
403091
321505
184125
163845
286402
250316
443772
100851
269268
453475
440938
449498
176564
125161
145444
347420
433753
369434
239961
387259
276608
388577
143148
453826
371631
451256
103394
265738
265642
265615
270635
408692
116486
136980
223429
193354
249830
196246
208952
101067
320931
146519
249203
275159
441299
220321
174558
183796
348599
372902
413490
146865
355803
371674
397574
160895
432042
377529
391511
421434
361996
412256
340251
304990
407843
400950
186896
281964
298448
455061
118293
197419
208160
413074
269912
162524
424116
208954
129416
250801
156204
122153
147491
156143
307829
206317
207949
378862
164727
302837
130577
145634
406108
196200
201106
314712
320148
408707
349987
356447
114530
422952
446622
115971
147540
359617
263222
164204
138505
390038
212946
394209
303088
308796
101876
415252
411101
431876
312782
447196
142422
274195
284714
238766
221475
407405
437395
232555
101086
144140
312172
353742
415669
265971
356010
359405
357437
158589
308172
121242
254620
133857
426080
233235
388431
118254
113948
389998
324057
120270
447827
441768
431689
223356
445621
414090
218556
109939
415382
141938
166175
207499
399496
381485
201336
111273
176802
239182
380645
101742
184132
401739
338322
307099
267339
110951
301583
436319
265616
235942
107432
174834
426763
135923
205854
139771
140351
324188
219843
349721
200599
424035
426025
205683
106055
373657
197037
140354
329354
185531
125595
398926
299025
389668
338019
167710
196950
109728
359587
429332
166252
201561
191843
164796
310271
393863
372816
115392
318796
354432
329181
127827
219297
353423
323320
137629
117386
277266
408033
355629
290665
422500
107824
220374
195868
441444
129208
267510
122792
299221
204922
114527
336444
104527
103246
362558
375716
381982
393243
409656
245206
403913
276167
396884
290818
242999
349978
305811
195744
442148
310284
273108
154615
424777
366107
359384
174946
432739
274910
356342
438235
300643
422736
131253
439121
280457
403640
396053
382761
255025
284517
303441
304193
111839
141138
182937
180138
257469
167707
282956
100732
444314
129079
222874
247610
170045
260048
141559
280403
232636
118982
166789
330416
231465
444918
380549
236148
392058
208998
360843
136136
369070
191456
101158
244351
213343
291226
138557
214062
105585
131330
368984
368842
376134
428272
174998
257175
362372
290908
322737
101568
420745
303740
256462
124911
397280
197104
439390
295541
222928
283031
373665
343121
137900
433621
212336
217849
369976
436518
348414
328022
229448
272360
269301
227189
222190
180091
429687
141657
361301
212305
159499
254492
432826
425704
116568
419515
275080
198455
427053
169067
442416
174517
169732
271861
265043
179767
108303
203052
214758
111229
431475
339485
170833
430716
198399
417566
134357
336288
372987
116435
310072
154508
292441
287727
124562
377129
103634
177216
298245
232334
257985
453073
335720
178252
268773
279365
295295
328557
446705
221099
297654
226473
374564
218430
115963
400805
173134
365528
302506
408306
102422
374547
446171
178740
235696
112936
224705
210747
257621
407135
437216
142915
161273
339273
436055
158538
349347
352215
213581
271128
424529
426313
233444
345593
276433
215444
214872
314693
151546
287528
313344
215688
158292
201001
376764
156824
207763
298403
404518
244262
100301
135546
275551
300589
265398
234197
422780
387741
244981
414786
374183
215550
383477
177119
232111
230977
362185
329729
297610
181857
199697
150069
291130
213252
435940
293914
375833
111283
357453
197428
292769
118476
363700
203875
150350
309889
267281
160473
228898
268840
184478
323208
337824
221020
422459
389357
272884
228131
110473
171224
233514
163124
143665
324938
453058
157389
250315
424885
394911
203257
361347
409734
309220
354896
277792
119777
254510
197627
160709
388927
343541
414783
160290
308314
378686
426958
278648
130519
261636
159515
135567
318469
356622
296085
272758
186528
221720
191554
211982
213491
159718
390503
452800
305657
289873
316882
376152
398568
324318
193014
235551
176502
305812
160582
437048
319036
220859
398275
217959
357041
157295
397365
102844
245161
141554
318545
241384
136151
149905
171606
255687
264387
434130
401545
384809
277963
109299
292050
111995
286541
281050
138833
320606
212269
234815
276221
437385
417731
442845
326322
140882
357036
361621
396285
149991
175634
335152
270853
372243
375497
329330
329855
101351
367144
262902
236884
134498
229612
375196
361787
232158
122041
141700
415557
446335
148720
386103
308064
345709
104579
132605
262254
184048
112532
182455
361653
420382
136612
422579
161236
246817
379693
151468
161369
207451
406931
437868
293424
383726
286871
286560
259509
108877
320599
277765
367191
208498
135694
134344
335422
160227
351546
289072
311971
118762
262187
124593
281063
454582
290064
311095
274964
233987
219483
301998
110177
247067
410393
313369
412614
243364
348431
285291
234366
153383
113978
247393
190630
450128
455018
150432
419526
358487
376197
199661
438239
