305495
110007
322915
156387
294181
274002
221428
416789
439159
398605
255908
206906
142950
346033
216507
258584
323175
135108
401782
339250
277440
361944
307869
420163
240393
202023
331831
250748
282113
176784
301519
445407
305614
328476
294192
206159
123660
417697
379741
404543
432496
140240
163762
422233
225578
199255
117827
160638
357051
330267
354207
308409
299901
157993
325164
269299
159665
305589
154682
279855
224099
232650
229585
348063
364829
235257
357029
108315
172709
178653
363884
361771
143155
141917
275477
164421
106396
184708
128310
199439
171995
112972
377747
158826
436620
259082
392834
107869
428684
383222
146412
251834
202978
411575
251216
146123
335757
395303
353597
158577
123228
422496
310207
227121
128791
237063
140856
175041
137835
277534
455084
293231
394638
452738
285590
395641
120419
444915
449337
183190
258922
170767
456245
232295
113912
394610
117885
182131
364285
453050
352641
207842
225148
229957
250766
231640
420152
330401
112146
128969
252842
192035
184436
357829
128817
175636
356730
190883
359271
447872
309801
381587
280179
272437
154781
247295
293216
163709
401200
188230
254864
354966
283877
182041
200254
251173
308607
397009
343410
248919
172195
122584
229426
155057
179360
147000
435876
173210
404130
318833
130238
452989
342488
133894
306200
165297
138014
438840
272053
431326
299000
255614
134517
178524
369916
378858
185073
124305
336405
254936
