159672
150690
225309
445522
349209
176411
339376
129096
331889
343929
225100
170816
200741
215363
443929
418259
264866
397412
253572
171710
292798
423770
442918
251041
188693
419865
237303
290026
130577
329123
128806
168572
243324
257814
187336
325002
315217
206240
217293
157710
229834
262422
220437
169439
228542
203120
330766
416945
154765
220936
179582
410651
352014
156708
317582
360713
246328
171777
168873
289677
419997
252938
137703
112553
290142
447734
352462
108867
110521
100541
111808
307950
329228
320859
371821
388438
212566
389669
284654
201245
355252
164374
151461
185179
230723
225587
269210
111302
430112
226426
373708
165956
140259
143034
322861
412709
422994
375375
326709
453997
329116
189050
423316
343362
150997
357400
263391
404006
202512
356749
319027
192887
267780
274916
265070
121956
434628
293572
397700
135329
118815
317782
338654
129486
179373
345403
300441
250382
405107
243227
247025
369372
256961
228004
276176
215295
118402
249182
319888
170291
105004
298430
425715
455201
241383
236254
388579
241765
385307
359047
303384
352069
145073
125506
102048
109520
322313
252187
286753
124943
143455
284022
152979
183139
325561
350317
402551
300360
263954
352264
124706
356054
317350
121784
186047
259884
142292
379628
455469
406436
234652
172535
345440
171467
213336
417107
289038
114937
110099
140618
416913
179848
221084
207391
443624
212594
321766
262262
366019
196770
420641
269914
194565
153610
220598
159502
165231
185029
109515
107770
110667
396180
341635
306371
308178
113560
180798
132282
410017
383328
377245
346429
176665
208366
178162
189085
229629
188570
268042
134304
108315
257063
443238
449140
365535
226367
283270
219386
135614
209213
156428
369390
201799
344700
199705
134526
372972
335161
121213
160958
388008
362230
288159
353324
401999
100002
181793
423236
234591
353075
174109
163374
268688
148290
370761
204925
372981
365363
186454
369352
133935
399452
133946
407115
397481
256551
381665
365133
429720
263627
227012
147229
318462
400562
158042
391939
230841
123744
448303
196547
140681
158239
454003
171531
303226
180121
167436
291156
172957
342007
227638
138935
209842
155371
371172
209919
268124
273463
451693
382363
250181
281622
432497
393838
409673
286843
436810
339979
183750
444921
146594
220052
120061
337252
177894
270681
437011
349627
359566
271553
406657
162463
337374
255284
201139
282116
243027
398540
163613
116660
455824
133565
133621
309472
270280
136717
106613
286674
254049
351192
284567
346861
210534
177089
307894
142735
263630
295288
162929
428029
124189
318325
316512
303600
319479
400954
260358
205072
225089
263762
390472
245749
399247
277036
253197
216126
105889
276295
349124
262085
370889
101721
281794
356458
105683
422805
286695
136510
298869
269638
320735
171896
270399
279824
417351
263358
273166
454712
345281
201917
353266
137795
336072
391841
330400
165878
403056
149255
182488
120194
265449
237972
431691
158669
360601
408652
370105
300814
131482
185664
203798
318547
337378
426554
184290
146230
204464
190067
154802
182891
396309
167094
359954
230579
118399
255194
342433
141902
417340
289186
350922
248117
352989
221048
190722
349746
283819
154310
191151
260710
128290
360565
419606
414307
216648
281889
227538
333746
367824
326154
201196
132999
236782
275127
445167
420840
151277
391888
446063
359425
265703
306332
414738
340074
443589
445139
329669
130326
400893
306613
142533
364886
411513
138424
414245
107008
103726
343364
393294
334503
394870
293553
215657
185507
261137
264448
330351
154806
215089
448759
172044
451105
203480
204342
264678
180576
333813
105818
164249
331260
132681
326037
313318
354968
230004
297470
260791
391039
378388
341712
357950
224824
405974
172832
135428
289753
182026
104436
344107
253406
226957
328391
414432
444565
437417
110746
395409
278307
397237
409579
301015
411766
257430
142418
377480
297302
320655
387683
166417
344872
411336
382477
302838
264840
165799
192906
369865
400640
218590
220303
319641
326143
405704
348701
170712
313770
358575
398707
447105
192492
209982
182772
361437
418433
185155
164989
224201
288949
181996
105688
199169
317370
398378
453787
201553
443811
287890
110264
100401
224883
149989
347364
254547
186585
182520
317849
149273
268655
423331
347898
409611
351776
191620
150441
248674
144130
323713
426591
359868
441572
193148
243998
146908
105256
338681
340040
309433
452391
222988
411087
271404
316873
286824
422269
375179
127954
343987
193747
368698
240485
107894
119411
126571
252048
144957
209679
384650
419012
300244
282491
