398191
159672
438757
225309
445522
411487
176411
141614
297270
380678
225081
339376
129096
331889
343929
225100
170816
200741
215363
100300
209634
418259
133127
253572
171710
292798
423770
442918
419865
237303
290026
130577
168572
243324
257814
187336
110823
325002
315217
206240
217293
357716
157710
280807
229834
262422
220437
413063
330766
416945
154765
220936
352014
156708
434915
317582
246328
170684
171777
168873
289677
404840
252938
137703
112553
225899
290142
447734
393689
108867
110521
111808
307950
329228
218894
388438
212566
389669
355252
151461
185179
230723
111302
373708
165956
140259
143034
322861
412709
100641
375375
262016
326709
295059
329116
423316
343362
150997
357400
393271
404006
290937
348807
356749
319027
287459
192887
121956
434628
368341
293572
397700
118815
334183
317782
338654
129486
322346
300441
250382
405107
243227
247025
256961
276176
215295
249182
319888
102053
425715
455201
241383
156453
236254
395747
428193
241765
258265
359047
415312
236882
145073
125506
102048
322313
252187
286753
124943
143455
284022
449182
183139
350317
402551
300360
403628
236992
263954
352264
288805
124706
317350
279274
121784
186047
379628
391161
406436
234652
196699
255301
213336
110099
140618
416913
221084
207391
443624
212594
321766
262262
366019
196770
420641
153610
220598
159502
165231
185029
109515
107770
110667
306371
387672
113560
180798
132282
410017
383328
163244
377245
346429
176665
208366
178162
281382
189085
188570
121828
268042
375016
406514
108315
239187
150926
257063
443238
283270
219386
209213
156428
369390
201799
344700
403307
199705
372972
411471
121213
160958
362230
288159
353324
100002
360142
181793
278264
423236
234591
353075
174109
371877
163374
268688
222497
148290
370761
427380
280487
204925
365363
186454
369352
133935
399452
133946
407115
397481
256551
298870
381665
365133
168007
263627
227012
147229
400562
166109
305075
158042
391939
230841
360608
123744
261600
448303
196547
140681
158239
318097
236436
140585
171531
180121
291156
342007
227638
138935
371172
266172
209919
144920
273463
451693
108675
382363
250181
301237
426909
281622
432497
393838
409673
286843
436810
339979
183750
444921
146594
220052
283260
120061
182435
233266
177894
161395
270681
302996
380144
437011
349627
359566
162463
255284
201139
304039
112115
244541
282116
243027
398540
124382
408680
116660
455824
133565
309472
270280
136717
106613
286674
254049
351192
284567
346861
210534
177089
307894
142735
263630
262161
295288
162929
428029
124189
318325
316512
181754
198707
395566
151477
240389
319479
400954
205072
263762
244383
390472
245749
203273
219545
277036
154581
253197
216126
119950
105889
427919
276295
262085
370889
101721
281794
356458
105683
422805
286695
136510
269638
320735
171896
279824
417351
263358
454712
345281
201917
353266
423360
164039
391841
330400
165878
403056
252886
149255
239647
182488
120194
265449
158669
190011
360601
370105
300814
185664
203798
327185
304948
337378
184290
370580
253334
190067
154802
182891
167094
110775
230579
118399
209979
104407
255194
342433
395558
141902
289186
382032
350922
248117
352989
341461
190722
196483
349746
154310
191151
260710
128290
360565
419606
166137
414307
216648
281889
227538
367824
326154
367066
201196
116497
236782
275127
445167
151277
391888
324647
383358
265703
253503
184052
445139
329669
130326
224703
431952
363416
375651
306613
364886
411513
138424
414245
415427
107008
103726
393294
334503
187179
293553
215657
185507
261137
330351
154806
215089
448759
203480
135171
391722
264678
180576
333813
164249
331260
132681
326037
399433
313318
354968
379425
277817
144407
297470
260791
391039
378388
447535
357950
224824
405974
172832
289753
182026
277442
104436
265576
430167
383717
344107
437988
253406
371921
159797
328391
414432
144760
444565
437417
138918
110746
409579
286019
411766
257430
142418
377480
297302
387683
166417
411336
382477
302838
264840
165799
320934
102255
400640
218590
220303
359679
319641
326143
405704
348701
130630
170712
313770
358575
398707
209982
361437
448021
418433
311784
185155
164989
224201
315457
255243
181996
105688
199169
317370
398378
453787
341702
287890
110264
419073
215590
100401
149989
347364
254547
182520
317849
149273
260491
268655
423331
347898
117647
409611
351776
191620
150441
248674
144130
323713
426591
359868
441572
193148
243998
146908
105256
338681
340040
309433
452391
222988
411087
271404
113825
286824
422269
375179
127954
156212
343987
193747
368698
119411
216707
209679
384650
419012
300244
282491
