398191
159672
150690
438757
445522
349209
411487
141614
297270
380678
225081
339376
331889
343929
225100
215363
100300
443929
209634
418259
133127
264866
397412
253572
171710
423770
251041
188693
237303
290026
329123
128806
168572
243324
187336
110823
325002
315217
217293
357716
157710
280807
262422
220437
413063
169439
228542
203120
330766
154765
220936
179582
410651
352014
156708
434915
360713
170684
171777
404840
419997
252938
112553
225899
290142
447734
352462
393689
100541
111808
329228
320859
371821
218894
389669
284654
201245
355252
164374
151461
185179
225587
269210
430112
226426
373708
140259
322861
412709
100641
422994
375375
262016
326709
453997
295059
329116
189050
423316
343362
150997
357400
263391
393271
404006
202512
290937
348807
356749
319027
287459
267780
274916
265070
368341
293572
397700
135329
334183
179373
345403
322346
300441
250382
405107
243227
247025
369372
256961
228004
118402
249182
319888
170291
105004
298430
102053
425715
455201
241383
156453
236254
395747
428193
388579
241765
258265
385307
359047
303384
415312
352069
236882
145073
102048
109520
322313
252187
286753
152979
449182
183139
325561
350317
402551
403628
236992
352264
288805
124706
356054
317350
279274
121784
186047
259884
142292
379628
391161
455469
406436
172535
345440
171467
196699
255301
417107
289038
114937
110099
416913
179848
221084
207391
443624
321766
262262
366019
196770
420641
269914
194565
153610
220598
159502
165231
185029
109515
396180
341635
306371
308178
387672
113560
180798
132282
383328
163244
377245
346429
208366
178162
281382
189085
229629
121828
268042
134304
375016
406514
108315
239187
150926
257063
449140
365535
226367
219386
135614
156428
369390
201799
403307
199705
134526
335161
411471
160958
388008
362230
288159
401999
100002
360142
278264
234591
353075
174109
371877
163374
268688
222497
370761
427380
280487
204925
372981
369352
133946
407115
397481
256551
298870
381665
429720
168007
147229
318462
400562
166109
305075
230841
360608
261600
448303
140681
318097
236436
140585
454003
171531
303226
180121
167436
172957
342007
209842
155371
266172
209919
268124
144920
273463
451693
108675
382363
250181
301237
426909
409673
286843
339979
183750
444921
146594
220052
283260
120061
182435
233266
337252
177894
161395
270681
302996
380144
437011
349627
271553
406657
162463
337374
201139
304039
112115
244541
282116
124382
408680
163613
116660
455824
133565
133621
309472
270280
106613
286674
254049
284567
346861
210534
177089
142735
263630
262161
295288
162929
124189
181754
198707
303600
395566
151477
240389
400954
260358
205072
225089
263762
244383
245749
203273
219545
399247
277036
154581
216126
119950
427919
276295
349124
262085
370889
281794
356458
105683
286695
136510
298869
269638
320735
270399
263358
273166
201917
353266
423360
137795
164039
336072
391841
330400
403056
252886
149255
239647
182488
120194
265449
237972
431691
158669
190011
360601
408652
131482
185664
203798
318547
327185
304948
426554
184290
146230
204464
370580
253334
154802
182891
396309
359954
110775
118399
209979
104407
255194
342433
395558
417340
289186
382032
350922
248117
352989
341461
221048
190722
196483
283819
154310
260710
360565
166137
414307
216648
227538
333746
367824
326154
367066
132999
116497
236782
275127
420840
151277
391888
324647
446063
383358
359425
253503
306332
184052
414738
340074
443589
445139
329669
224703
431952
400893
363416
375651
306613
142533
364886
414245
415427
107008
103726
343364
393294
334503
187179
394870
293553
215657
185507
264448
154806
448759
172044
451105
203480
135171
204342
391722
180576
333813
105818
164249
331260
132681
326037
399433
313318
354968
379425
277817
230004
144407
297470
260791
391039
378388
341712
447535
357950
224824
405974
135428
289753
182026
277442
104436
265576
430167
383717
437988
253406
226957
371921
159797
328391
414432
144760
444565
437417
138918
395409
278307
397237
286019
301015
411766
377480
297302
320655
166417
344872
411336
382477
302838
264840
165799
192906
369865
320934
102255
400640
220303
359679
319641
326143
405704
130630
170712
313770
358575
398707
447105
192492
182772
448021
311784
164989
224201
315457
288949
255243
105688
398378
453787
341702
201553
443811
287890
419073
215590
100401
224883
149989
254547
186585
182520
149273
260491
268655
117647
409611
351776
191620
150441
193148
243998
105256
338681
452391
222988
411087
271404
113825
316873
286824
422269
375179
127954
156212
193747
240485
107894
126571
216707
252048
144957
384650
419012
300244
