398191
150690
438757
225309
349209
411487
176411
141614
297270
380678
225081
339376
129096
343929
170816
200741
215363
100300
443929
209634
133127
264866
397412
253572
171710
292798
423770
442918
251041
188693
419865
290026
130577
329123
128806
257814
187336
110823
315217
206240
217293
357716
157710
280807
229834
262422
220437
413063
169439
228542
203120
330766
416945
179582
410651
156708
434915
317582
360713
246328
170684
171777
168873
289677
404840
419997
137703
112553
225899
290142
352462
393689
108867
110521
100541
111808
307950
320859
371821
218894
388438
212566
389669
284654
201245
164374
151461
230723
225587
269210
111302
430112
226426
165956
140259
143034
100641
422994
375375
262016
326709
453997
295059
329116
189050
343362
150997
357400
263391
393271
404006
202512
290937
348807
356749
319027
287459
192887
267780
274916
265070
121956
434628
368341
135329
118815
334183
317782
338654
129486
179373
345403
322346
300441
405107
243227
247025
369372
256961
228004
276176
215295
118402
170291
105004
298430
102053
425715
455201
156453
236254
395747
428193
388579
258265
385307
359047
303384
415312
352069
236882
125506
109520
124943
143455
284022
152979
449182
325561
402551
300360
403628
236992
263954
352264
288805
356054
279274
121784
259884
142292
379628
391161
455469
234652
172535
345440
171467
196699
255301
213336
417107
289038
114937
140618
416913
179848
207391
212594
321766
262262
196770
269914
194565
153610
109515
107770
110667
396180
341635
306371
308178
387672
180798
132282
410017
163244
176665
208366
281382
229629
188570
121828
134304
375016
406514
239187
150926
443238
449140
365535
226367
283270
219386
135614
209213
201799
344700
403307
134526
372972
335161
411471
121213
160958
388008
362230
353324
401999
100002
360142
181793
278264
423236
353075
174109
371877
222497
148290
427380
280487
204925
372981
365363
186454
369352
133935
399452
133946
397481
298870
381665
365133
429720
168007
263627
227012
147229
318462
166109
305075
158042
391939
230841
360608
123744
261600
448303
196547
140681
158239
318097
236436
140585
454003
171531
303226
167436
291156
172957
342007
227638
138935
209842
155371
371172
266172
209919
268124
144920
273463
451693
108675
301237
426909
281622
432497
393838
409673
436810
339979
183750
444921
146594
220052
283260
182435
233266
337252
177894
161395
302996
380144
359566
271553
406657
337374
255284
201139
304039
112115
244541
243027
398540
124382
408680
163613
116660
455824
133565
133621
270280
136717
286674
351192
210534
177089
307894
263630
262161
162929
428029
318325
316512
181754
198707
303600
395566
151477
240389
319479
400954
260358
205072
225089
244383
390472
245749
203273
219545
399247
277036
154581
253197
216126
119950
105889
427919
276295
349124
262085
370889
101721
281794
356458
422805
286695
136510
298869
269638
320735
171896
270399
279824
417351
263358
273166
454712
345281
353266
423360
137795
164039
336072
391841
165878
403056
252886
239647
182488
237972
431691
158669
190011
408652
370105
300814
131482
318547
327185
304948
337378
426554
146230
204464
370580
253334
190067
182891
396309
167094
359954
110775
230579
209979
104407
255194
395558
141902
417340
382032
341461
221048
196483
349746
283819
154310
191151
128290
419606
166137
216648
281889
227538
333746
326154
367066
201196
132999
116497
445167
420840
151277
391888
324647
446063
383358
359425
265703
253503
306332
184052
414738
340074
443589
130326
224703
431952
400893
363416
375651
306613
142533
411513
138424
415427
107008
343364
187179
394870
215657
185507
261137
264448
330351
154806
215089
448759
172044
451105
135171
204342
391722
264678
180576
333813
105818
164249
331260
326037
399433
354968
379425
277817
230004
144407
391039
341712
447535
224824
172832
135428
289753
277442
265576
430167
383717
344107
437988
253406
226957
371921
159797
328391
144760
138918
110746
395409
278307
397237
409579
286019
301015
257430
142418
377480
297302
320655
387683
166417
344872
302838
192906
369865
320934
102255
218590
359679
319641
326143
348701
130630
313770
447105
192492
209982
182772
361437
448021
418433
311784
185155
164989
315457
288949
255243
181996
105688
199169
317370
341702
201553
443811
287890
110264
419073
215590
100401
224883
347364
186585
317849
260491
423331
347898
117647
351776
248674
144130
323713
426591
359868
441572
193148
243998
146908
105256
340040
309433
411087
271404
113825
316873
286824
422269
375179
156212
343987
193747
368698
240485
107894
119411
126571
216707
252048
144957
209679
419012
282491
