281667
180772
264527
292211
353639
267185
147047
361295
229874
194984
413453
306811
382494
293177
331844
279453
418228
294447
133788
306704
367967
198297
237316
316519
314741
434073
291388
224369
390675
295430
326555
315047
262473
258789
228111
362498
326574
203793
373298
332900
179879
265339
278532
393490
445626
168263
280893
205791
409693
304260
308682
445209
358729
366560
384950
184796
278776
215043
377132
274896
134959
220320
325191
435210
164836
103674
227816
213434
220305
130021
241262
219468
421302
112370
126542
222654
211318
213103
239548
115815
431577
310196
424691
169879
381792
369566
240381
300639
165813
181822
238338
256841
435758
387334
327508
112337
271677
317491
187806
152080
156618
440630
420322
262527
131687
173245
443022
185620
170931
302374
149964
445648
187845
406641
419135
393067
403224
138947
157206
284177
348784
109774
136295
307419
223080
396239
267658
108175
113005
325123
258358
169619
363772
369257
441223
214190
105300
440495
334272
429755
272001
370665
160138
119611
411646
455157
147687
193304
157801
283788
233330
333557
133980
308296
328798
138920
167035
106329
179677
270491
132317
136508
166314
104211
293491
420957
323536
122852
155422
441002
316583
355543
246679
433270
128711
248203
143087
441238
157853
163803
196350
263409
233144
289360
242844
348791
114646
136523
302228
324037
136736
300943
250394
135469
105159
239373
297423
138853
352660
443999
169073
178923
410578
218380
207747
183786
277946
109499
281552
350407
419539
403184
194862
449945
297238
386898
113299
360777
133152
307086
328057
362968
115169
139318
195221
396957
415340
366014
231338
362866
381275
222960
421306
352955
211032
321802
305932
121292
281788
178178
142792
184542
409755
295546
448430
341137
266224
147553
440989
188118
401867
288978
311896
346209
437760
176186
116727
242008
424720
250860
442828
377042
423313
387519
262221
322029
222162
186100
253027
357635
310694
241238
180203
380201
245774
333970
444180
157577
144521
130501
371409
277222
390756
111472
430581
298289
308734
359400
366733
449806
193485
217120
320100
201411
296435
342435
142200
161590
354294
330604
156686
215429
240269
455885
212466
203396
252099
310673
236953
195848
276073
147268
353917
353127
274892
398728
223672
190580
124789
210745
