281667
454987
180772
292211
353639
333184
267185
394868
359250
361295
229874
194984
413453
382494
433768
293177
279453
418228
294447
133788
367967
237316
316519
252696
291388
224369
367336
295430
326555
249065
262473
258789
228111
442858
328060
229173
326574
203793
373298
434592
179879
265339
278532
376563
239494
406804
445626
168263
390948
280893
205791
304260
342979
308682
358729
366560
446160
123363
384950
184796
278776
215043
377132
134959
325191
435210
164836
213434
220305
130021
331452
403395
219468
331509
112370
126542
213103
115815
259276
431577
267224
424691
169879
381792
369566
240381
324096
300639
203521
165813
238338
435758
387334
327508
112337
317491
187806
152080
156618
440630
270183
420322
262527
131687
112654
173245
443022
170931
302374
149964
222181
342910
435187
445648
187845
393067
403224
218088
138947
284177
448478
348784
342364
136295
307419
223080
396239
267658
108175
113005
325123
258358
169619
200320
363772
369257
441223
105300
440495
334272
429755
272001
415151
454899
104658
370665
160138
306043
455157
147687
193304
157801
233330
133980
328798
167035
106329
179677
270491
132317
368634
193699
136508
104211
293491
420957
323536
122852
316583
355543
433270
128711
248203
143087
441238
402719
157853
163803
196350
263409
233144
289360
242844
114646
136523
335217
324037
300943
135469
105159
239373
179010
108829
352660
443999
169073
197615
178923
214046
261397
416059
410578
218380
207747
183786
277946
109499
348627
419539
403184
194862
449945
297238
182172
386898
113299
360777
133152
363600
328057
362968
118216
139318
195221
128223
415340
362866
381275
421306
352955
211032
321802
325049
391180
345526
305932
393653
281788
178178
142792
184542
448430
284218
341137
266224
147553
411704
248400
154830
440989
232271
288978
311896
437760
176186
116727
424720
377042
423313
387519
216847
262221
322029
222162
186100
272876
354223
396869
253027
357635
203890
310694
147780
241238
328596
180203
380201
245774
333970
444180
157577
116891
130501
371409
277222
111472
359400
191295
214821
366733
449806
217120
320100
302010
426936
201411
296435
349559
142200
161590
354294
156686
240269
455885
212466
203396
252099
310673
195848
276073
147268
218507
165699
378380
353127
364219
274892
398728
223672
124789
