281667
454987
180772
264527
292211
353639
333184
267185
394868
359250
147047
361295
229874
194984
306811
433768
293177
331844
279453
418228
294447
306704
367967
198297
237316
316519
314741
252696
434073
291388
390675
367336
295430
326555
249065
315047
258789
228111
442858
328060
229173
362498
326574
203793
434592
332900
179879
278532
376563
239494
406804
393490
445626
168263
390948
205791
409693
304260
342979
308682
445209
358729
366560
446160
123363
278776
215043
377132
274896
220320
325191
103674
227816
213434
220305
241262
331452
403395
219468
331509
421302
222654
211318
239548
259276
431577
310196
267224
424691
169879
381792
369566
240381
324096
203521
165813
181822
256841
387334
112337
271677
317491
152080
270183
420322
262527
112654
173245
443022
185620
170931
302374
149964
222181
342910
435187
187845
406641
419135
393067
403224
218088
138947
157206
284177
448478
348784
109774
342364
307419
223080
267658
325123
169619
200320
363772
369257
441223
214190
105300
334272
415151
454899
104658
160138
306043
119611
411646
455157
193304
283788
233330
333557
308296
138920
167035
106329
270491
132317
368634
193699
136508
166314
104211
420957
323536
122852
155422
441002
316583
355543
246679
128711
248203
441238
402719
157853
163803
263409
233144
289360
242844
348791
114646
136523
302228
335217
324037
136736
300943
250394
135469
105159
297423
179010
138853
108829
352660
443999
197615
214046
261397
416059
218380
183786
277946
109499
281552
348627
350407
419539
403184
297238
182172
386898
113299
133152
363600
307086
328057
362968
115169
118216
139318
128223
396957
366014
231338
362866
381275
222960
211032
325049
391180
345526
121292
393653
281788
178178
142792
409755
295546
448430
284218
341137
266224
147553
411704
248400
154830
232271
188118
401867
288978
311896
346209
437760
242008
424720
250860
442828
377042
216847
262221
222162
186100
272876
354223
396869
253027
203890
310694
147780
241238
328596
180203
380201
245774
333970
157577
116891
144521
130501
371409
390756
111472
430581
298289
308734
359400
191295
214821
193485
302010
426936
201411
296435
349559
342435
161590
330604
156686
215429
455885
212466
252099
310673
236953
276073
147268
353917
218507
165699
378380
364219
274892
398728
190580
124789
210745
