374972
216182
336857
345457
174385
380791
445596
411902
143034
194193
158231
195982
242869
366871
257679
331844
105636
304814
441403
343530
226684
251125
191327
404501
189619
446802
114405
258919
119156
160493
365399
124637
451964
265067
225635
334550
434200
117215
431808
215691
371756
199161
368316
418878
231247
428124
325074
384083
147628
392358
372096
213716
344631
252407
418739
137274
347496
127010
190699
296556
235894
387638
427688
351726
106995
326072
455185
238366
324204
219491
302302
124758
241500
404041
428254
355751
432313
413029
101495
183236
126313
294565
239258
306602
198797
123866
150776
116378
204848
374222
230148
375270
238768
339136
349411
401199
376475
313330
208999
352387
300494
219356
206981
275655
312257
386087
312630
364119
135326
313813
240508
251054
395737
430061
256997
225006
291163
263183
419057
411101
225913
390991
162158
287433
220673
217041
438233
248793
236660
237937
278746
357053
151694
227057
238918
381366
309329
379259
163968
352575
162381
337055
401982
326794
447553
164471
273058
115083
247335
296142
294286
304196
434513
182990
407600
126793
386641
120117
300278
105953
