374972
399002
336857
345457
174385
380791
105319
445596
411902
258050
143034
194193
436220
242869
331844
352632
105636
304814
441403
343530
251125
404501
189619
446802
114405
429675
258919
119156
160493
365399
265067
225635
434200
117215
431808
215691
418878
231247
428124
325074
384083
147628
213716
252407
418739
137274
347496
414690
163179
127010
369120
190699
235894
387638
351726
451985
106995
326072
238366
174559
124758
125213
453702
256928
241500
246869
404041
332409
428254
355751
210136
432313
413029
126313
294565
239258
455830
181215
308282
198797
123866
116378
204848
374222
230148
157840
238768
339136
349411
401199
316412
183327
376475
313330
208999
352387
300494
219356
206981
386087
354847
412864
312630
364119
240508
251054
395737
126384
256997
254529
225006
291163
419057
411101
162158
287433
220673
275100
217041
438233
426345
236660
237937
278746
357053
151694
227057
193056
238918
381366
151898
224634
309329
379259
281462
163968
162381
337055
401982
326794
447553
273058
115083
247335
408424
114236
420801
296142
294286
304196
434513
182990
407600
373653
126793
386641
300278
452791
134246
162269
