216182
399002
336857
380791
105319
411902
258050
436220
158231
195982
242869
366871
257679
331844
352632
304814
441403
343530
226684
251125
191327
404501
189619
446802
114405
429675
258919
119156
160493
365399
124637
451964
225635
334550
434200
117215
431808
215691
371756
199161
368316
418878
231247
428124
392358
372096
344631
252407
418739
137274
414690
163179
369120
296556
235894
427688
351726
451985
106995
455185
238366
324204
219491
302302
174559
124758
125213
453702
256928
241500
246869
404041
332409
428254
355751
210136
101495
183236
126313
294565
239258
455830
306602
181215
308282
123866
150776
116378
230148
157840
375270
238768
349411
316412
183327
376475
208999
352387
300494
275655
312257
386087
354847
412864
364119
135326
313813
240508
395737
430061
126384
256997
254529
225006
291163
263183
411101
225913
390991
162158
220673
275100
438233
248793
426345
236660
278746
357053
227057
193056
238918
381366
151898
224634
309329
281462
163968
352575
162381
337055
401982
326794
447553
164471
273058
247335
408424
114236
420801
296142
294286
434513
407600
373653
126793
120117
452791
105953
134246
162269
