374972
216182
399002
345457
174385
380791
105319
445596
258050
143034
194193
436220
158231
195982
242869
366871
257679
331844
352632
105636
304814
441403
226684
191327
446802
429675
119156
160493
365399
124637
451964
265067
225635
334550
434200
431808
215691
371756
199161
368316
418878
325074
384083
147628
392358
372096
213716
344631
418739
347496
414690
163179
127010
369120
190699
296556
387638
427688
351726
451985
106995
326072
455185
324204
219491
302302
174559
124758
125213
453702
256928
241500
246869
332409
428254
210136
432313
413029
101495
183236
294565
455830
306602
181215
308282
198797
123866
150776
116378
204848
374222
230148
157840
375270
339136
349411
401199
316412
183327
313330
219356
206981
275655
312257
386087
354847
412864
312630
135326
313813
240508
251054
430061
126384
256997
254529
263183
419057
411101
225913
390991
287433
220673
275100
217041
438233
248793
426345
237937
278746
151694
227057
193056
238918
381366
151898
224634
309329
379259
281462
352575
162381
326794
164471
273058
115083
408424
114236
420801
294286
304196
182990
373653
386641
120117
300278
452791
105953
134246
162269
