374972
216182
399002
336857
345457
174385
105319
445596
411902
258050
143034
194193
436220
158231
195982
366871
257679
352632
105636
343530
226684
251125
191327
404501
189619
114405
429675
258919
124637
451964
265067
334550
117215
371756
199161
368316
231247
428124
325074
384083
147628
392358
372096
213716
344631
252407
137274
347496
414690
163179
127010
369120
190699
296556
235894
387638
427688
451985
326072
455185
238366
324204
219491
302302
174559
125213
453702
256928
246869
404041
332409
355751
210136
432313
413029
101495
183236
126313
239258
455830
306602
181215
308282
198797
150776
204848
374222
157840
375270
238768
339136
401199
316412
183327
376475
313330
208999
352387
300494
219356
206981
275655
312257
354847
412864
312630
364119
135326
313813
251054
395737
430061
126384
254529
225006
291163
263183
419057
225913
390991
162158
287433
275100
217041
248793
426345
236660
237937
357053
151694
193056
151898
224634
379259
281462
163968
352575
337055
401982
447553
164471
115083
247335
408424
114236
420801
296142
304196
434513
182990
407600
373653
126793
386641
120117
300278
452791
105953
134246
162269
