222998
399651
415197
425900
128614
293877
250980
446347
375391
282897
436943
276995
319087
448505
264306
257606
102680
170246
265999
258452
121716
225962
360435
225630
183366
298018
211315
164925
143968
112746
144208
417490
307600
170678
214362
369506
310679
334943
356804
333809
392254
398127
121340
181655
308461
119422
325308
283333
350486
364330
314025
187907
249186
216276
168545
211125
323474
394291
313835
402159
316308
289104
277603
338762
132930
287691
271463
406360
267221
166862
346955
390618
133637
158893
259039
162676
280780
452009
285231
368852
431941
380142
424563
297223
405520
377791
427784
196722
276578
202917
149949
212425
337773
336734
123861
370225
144989
244431
220936
321830
106481
158608
144520
205419
337009
359914
373557
411833
115462
277135
118308
429204
180246
414331
336238
249144
123738
271218
452805
271709
426089
354714
350091
303190
218545
255296
234458
392932
393359
124188
276955
196314
398145
197175
242293
421163
345261
363439
283889
240849
356502
198913
234680
201150
198115
124364
281846
284136
299235
448383
185960
413154
139748
305601
377356
103616
116957
165952
381518
389360
433991
136555
196750
218874
115113
368406
236130
186268
129296
276823
452833
437420
161855
150136
336730
302804
343195
172239
125545
265161
351092
340716
323208
323361
260159
364081
408595
196148
397155
222043
415793
101433
409592
130701
433963
422690
126187
379658
322349
397050
364187
445298
419298
293867
452124
398595
278204
258917
455023
437182
152914
236459
438393
346294
181427
139642
252162
179472
196480
427706
414524
449385
167812
115061
248550
225849
350901
239887
302374
161641
329943
108792
160120
106076
323162
172332
147668
153396
434560
102646
444336
138889
179409
191892
223247
454713
270895
388459
370506
159070
167906
106617
152309
318100
449985
337132
354885
309376
347047
296512
428863
337702
106928
255458
334700
217150
272879
279078
178083
160554
326677
355238
411603
297383
219489
168244
282215
316300
396899
125637
287300
144271
366263
214508
331488
227747
260477
263144
440027
264791
153849
179322
174241
103379
127719
281994
105318
114019
117471
194639
229213
120760
174612
132904
429270
390174
334214
267385
129783
267081
116258
407595
349339
430388
451538
318861
137078
348099
360115
109922
216066
321860
155852
415478
371783
336087
386658
215781
286280
120094
270331
225257
224283
362190
316717
301676
136178
363313
270790
176093
103860
132240
208779
184059
237808
354455
345789
273940
162625
178024
429635
176646
455408
207793
343956
181748
321591
298720
238246
316992
210546
225600
323136
144085
375190
261282
417131
253140
415322
225253
401704
105330
230777
447185
435618
135229
256191
413196
396051
141435
328568
293918
308261
279864
415288
404722
416724
265279
215002
408177
448912
339854
429151
201071
346450
251042
135172
442850
387672
104994
237863
379183
333549
347731
290597
361691
410779
301622
110120
267188
251602
425280
129202
138773
420584
253435
370008
266773
416092
386738
431475
307880
258435
338335
230984
181482
127119
295674
270430
362218
304334
313034
315539
188727
378961
292934
309947
376278
442170
400043
208702
130525
170251
122526
368240
376830
129819
419412
141603
153798
428718
271909
180508
438002
228050
246131
347917
314570
347633
389689
302195
163664
368774
169547
247762
398357
199393
264861
180802
171926
161708
306655
211882
269902
234984
113578
294014
409644
300016
367891
317336
426604
449181
441003
362067
342227
289683
184339
192618
112435
338868
312857
282648
352550
259539
275028
194903
318724
151866
119116
327572
227726
330959
148479
252392
404614
404411
228303
186212
318464
221088
374378
359736
252478
131303
269304
429296
450306
447448
407078
400062
276595
431040
393780
261114
361673
146556
352294
341377
100582
411858
218360
149835
304869
237885
191166
332656
305837
281554
141397
373865
268619
293183
313546
410410
282386
254345
166428
155999
209244
205979
101164
414823
418813
366096
169232
401806
199657
441410
110156
273268
446056
208185
196573
322277
401108
452999
184543
356791
344079
320673
210565
242225
372171
265373
316741
414069
364579
295860
290446
103392
324517
146816
166850
198708
152145
363124
147667
387481
262165
383354
289135
431070
289696
127466
391029
411579
345654
430203
186710
127058
253422
318920
130129
323469
381640
243653
344279
118408
149899
440086
274599
229311
241618
184299
362253
382721
140984
107604
169362
151079
412140
451266
374906
195163
221192
393888
281784
257491
168965
280590
323128
455919
136050
449480
332248
343081
301669
183590
144261
