399651
415197
425900
128614
293877
446347
375391
282897
276995
319087
448505
264306
257606
429525
102680
170246
261036
133807
225962
360435
183366
211315
164925
200457
112746
144208
417490
411246
214362
310679
305149
237969
333809
392254
131078
398127
210631
193334
181655
308461
119422
110794
325308
283333
187907
216276
168545
211125
323474
394291
402159
316308
277603
425699
338762
132930
287691
271463
406360
267221
166862
117509
346955
235176
390618
158893
386706
162676
280780
452009
285231
368852
431941
328911
257295
355349
405520
377791
427784
196722
276578
137436
149949
203342
336734
144989
244431
314647
220936
321830
106481
205488
205419
337009
359914
372437
451689
306337
411833
287918
115462
277135
100377
118308
429204
180246
336238
249144
198851
325970
123738
271218
235949
418803
452805
271709
426089
350091
303190
218545
255296
392932
393359
124188
214216
196314
141821
421163
345261
363439
142388
283889
198913
234680
201150
198115
284136
299235
448383
413154
139748
305601
377356
103616
165952
381518
389360
439742
429465
433991
196750
218874
115113
368406
236130
186268
129296
150254
423031
452833
437420
150136
312387
336730
302804
414927
343195
277104
172239
125545
351092
340716
323208
323361
260159
364081
110175
338656
408595
397155
222043
415793
101433
130701
433963
422690
379658
322349
397050
364187
281995
445298
419298
293867
452124
398595
278204
455023
406527
103080
437182
244677
152914
236459
346294
181427
139642
179472
196480
427706
327398
449385
248550
225849
239887
302374
161641
108792
297857
160120
106076
323162
172332
183207
153396
102646
444336
138889
179409
191892
223247
454713
197797
386362
159070
167906
106617
152309
318100
206650
357570
337132
226634
309376
428863
442342
106928
334700
217150
272527
272879
400351
279078
178083
160554
326677
355238
411603
297383
219489
168244
282215
160711
329255
396899
418134
125637
287300
144271
366263
214508
227747
260477
393041
440027
264791
413780
179322
174241
127719
281994
105318
114019
195430
117471
194639
370257
229213
120760
174612
377346
230985
405645
132904
429270
334214
267385
328101
267081
116258
407595
258566
430388
419881
299242
137078
348099
239600
360115
109922
216066
321860
155852
415478
336087
386658
397297
308753
215781
286280
420699
270331
225257
294799
449079
224283
362190
316717
301676
136178
274261
363313
270790
318151
103860
208779
184059
265472
113092
237808
354455
455229
345789
273940
162625
178024
429635
176646
455408
207793
315237
343956
181748
281676
321591
298720
238246
316992
210546
225600
144085
375190
261282
417131
253140
424918
225253
105330
447185
435618
135229
413196
396051
141435
328568
308261
279864
415288
404722
331262
416724
265279
215002
408177
448912
339854
201071
326991
346450
227940
251042
135172
339536
159011
442850
387672
104994
301972
441984
361691
147961
410779
211514
301622
267188
251602
425280
373952
287646
129202
253435
348968
266773
416135
416092
386738
431475
258435
338335
181482
127119
295674
270430
371716
362218
304334
210734
373736
315539
164344
113233
203966
364196
292510
378961
309947
305944
400043
208702
170251
122526
368240
376830
129819
419412
141603
245311
153798
211575
200146
428718
443191
271909
180508
438002
228050
346043
434246
347917
314570
347633
389689
161913
169547
247762
258649
264861
180802
171926
161708
306655
127943
211882
241409
269902
234984
113578
294014
409644
300016
367891
317336
426604
449181
203289
441003
362067
448776
231231
184339
365735
162809
338868
187764
282648
313474
352550
275028
194903
387685
151866
119116
227726
330959
334172
148479
252392
404614
404411
228303
186212
309461
133829
318464
221088
244948
385406
204469
170386
162843
269304
429296
450306
407078
276595
218559
393317
391170
431040
261114
146556
128897
341377
100582
411858
153881
218360
149835
386446
347019
191166
305837
141397
373865
268619
293183
313546
372554
410410
282386
166428
155999
209244
194626
205979
418813
366096
169232
133324
401806
383298
441410
110156
273268
446056
196573
322277
401108
452999
184543
356791
315005
344079
320673
210565
454437
242225
372171
265373
414069
367969
295860
103392
324517
191062
166850
198708
152145
147667
387481
262165
383354
289135
289696
127466
391029
411579
430203
186710
127058
161884
436134
212726
130129
311340
243653
438250
388486
149899
274788
229311
241618
184299
362253
382721
140984
107604
169362
151079
451266
138468
374906
352571
195163
431099
221192
393888
281784
257491
168965
280590
323128
455919
449480
295570
332248
343081
301669
183590
144261
