222998
415197
425900
128614
293877
250980
446347
375391
436943
276995
319087
448505
264306
429525
102680
170246
261036
265999
133807
258452
121716
360435
225630
183366
298018
211315
164925
200457
143968
112746
417490
307600
170678
411246
214362
369506
310679
334943
305149
237969
356804
131078
121340
210631
193334
119422
110794
283333
350486
364330
314025
249186
211125
323474
394291
313835
402159
316308
289104
277603
425699
338762
132930
287691
271463
406360
117509
346955
235176
133637
158893
386706
259039
162676
452009
285231
380142
328911
257295
424563
297223
355349
377791
427784
276578
202917
137436
212425
337773
203342
336734
123861
370225
144989
314647
220936
321830
158608
205488
144520
205419
359914
372437
451689
306337
373557
411833
287918
115462
100377
429204
180246
414331
249144
198851
325970
123738
271218
235949
418803
271709
426089
354714
350091
255296
234458
392932
393359
214216
276955
141821
398145
197175
242293
421163
345261
363439
142388
240849
356502
198913
234680
201150
198115
124364
281846
284136
299235
185960
413154
139748
305601
377356
116957
439742
429465
433991
136555
218874
115113
368406
186268
129296
150254
276823
423031
437420
161855
312387
302804
414927
277104
172239
265161
351092
340716
323361
260159
364081
110175
338656
196148
222043
101433
409592
130701
433963
422690
126187
379658
364187
281995
445298
419298
258917
455023
406527
103080
437182
244677
152914
236459
438393
346294
181427
252162
179472
414524
327398
449385
167812
115061
248550
225849
350901
239887
302374
161641
329943
108792
297857
160120
106076
323162
172332
147668
183207
434560
102646
179409
223247
197797
270895
386362
388459
370506
167906
318100
206650
357570
449985
337132
226634
354885
309376
347047
296512
428863
337702
442342
255458
334700
217150
272527
272879
400351
279078
178083
160554
326677
355238
297383
219489
282215
316300
160711
329255
396899
418134
125637
287300
366263
214508
331488
227747
260477
393041
263144
153849
413780
179322
103379
127719
281994
105318
195430
370257
229213
120760
377346
230985
405645
132904
429270
390174
267385
328101
129783
267081
116258
407595
258566
349339
419881
451538
299242
318861
137078
348099
239600
360115
109922
216066
155852
415478
371783
336087
386658
397297
308753
120094
420699
225257
294799
449079
224283
362190
316717
301676
136178
274261
176093
318151
103860
132240
184059
265472
113092
237808
354455
455229
273940
178024
429635
176646
207793
315237
343956
181748
281676
298720
238246
316992
210546
323136
144085
261282
417131
253140
415322
424918
225253
401704
105330
230777
135229
256191
413196
396051
141435
293918
308261
279864
415288
331262
416724
265279
448912
339854
429151
201071
326991
346450
227940
251042
339536
159011
387672
104994
237863
379183
301972
333549
441984
347731
290597
147961
211514
110120
267188
373952
287646
138773
420584
253435
348968
370008
266773
416135
416092
431475
307880
258435
230984
181482
127119
295674
371716
362218
304334
210734
373736
313034
315539
164344
113233
188727
203966
364196
292510
378961
292934
376278
305944
442170
208702
130525
122526
368240
141603
245311
153798
211575
200146
443191
180508
438002
228050
346043
434246
246131
347917
314570
347633
302195
161913
163664
368774
398357
258649
199393
264861
180802
171926
161708
127943
241409
269902
234984
113578
294014
300016
367891
317336
426604
449181
203289
362067
342227
289683
448776
231231
184339
365735
192618
162809
112435
338868
187764
312857
282648
313474
352550
259539
194903
387685
318724
151866
119116
327572
227726
330959
334172
148479
252392
404614
404411
228303
186212
309461
133829
318464
221088
374378
244948
385406
204469
359736
170386
162843
252478
131303
429296
450306
447448
400062
276595
218559
393317
391170
393780
261114
361673
146556
352294
128897
341377
100582
411858
153881
218360
386446
347019
304869
237885
332656
305837
281554
268619
372554
410410
282386
254345
166428
155999
209244
194626
205979
101164
414823
169232
133324
383298
199657
208185
196573
322277
401108
184543
356791
315005
344079
320673
210565
454437
242225
372171
265373
316741
414069
367969
364579
290446
103392
191062
146816
198708
363124
147667
387481
262165
289135
431070
289696
127466
411579
345654
430203
186710
127058
161884
436134
253422
212726
318920
130129
323469
381640
311340
243653
438250
344279
388486
118408
440086
274599
274788
229311
184299
362253
382721
140984
107604
169362
151079
412140
451266
138468
374906
352571
431099
393888
257491
168965
280590
323128
136050
295570
301669
183590
