222998
399651
415197
425900
128614
293877
250980
375391
282897
436943
276995
319087
264306
257606
429525
261036
265999
133807
258452
121716
225962
360435
225630
298018
200457
143968
144208
307600
170678
411246
214362
369506
334943
305149
237969
356804
333809
392254
131078
398127
121340
210631
193334
181655
308461
119422
110794
325308
283333
350486
364330
314025
187907
249186
216276
168545
211125
323474
313835
289104
425699
132930
267221
166862
117509
346955
235176
390618
133637
386706
259039
280780
368852
431941
380142
328911
257295
424563
297223
355349
405520
377791
196722
276578
202917
137436
149949
212425
337773
203342
336734
123861
370225
244431
314647
220936
321830
106481
158608
205488
144520
205419
337009
359914
372437
451689
306337
373557
287918
277135
100377
118308
429204
414331
336238
198851
325970
123738
235949
418803
452805
354714
303190
218545
234458
392932
393359
124188
214216
276955
196314
141821
398145
197175
242293
345261
363439
142388
283889
240849
356502
234680
201150
124364
281846
284136
448383
185960
413154
305601
377356
103616
116957
165952
381518
389360
439742
429465
433991
136555
196750
115113
368406
236130
129296
150254
276823
423031
452833
161855
150136
312387
336730
414927
343195
277104
172239
125545
265161
351092
323208
110175
338656
408595
196148
397155
415793
101433
409592
433963
422690
126187
322349
397050
364187
281995
293867
452124
398595
278204
258917
406527
103080
437182
244677
438393
181427
139642
252162
179472
196480
427706
414524
327398
449385
167812
115061
248550
350901
239887
329943
108792
297857
106076
172332
147668
183207
153396
434560
444336
138889
179409
191892
454713
197797
270895
386362
388459
370506
159070
106617
152309
318100
206650
357570
449985
337132
226634
354885
309376
347047
296512
428863
337702
442342
106928
255458
334700
272527
400351
411603
297383
219489
168244
282215
316300
160711
329255
418134
125637
287300
144271
331488
227747
260477
393041
263144
440027
264791
153849
413780
179322
174241
103379
127719
281994
105318
114019
195430
117471
194639
370257
229213
120760
174612
377346
230985
405645
429270
390174
334214
267385
328101
129783
116258
258566
349339
430388
419881
451538
299242
318861
348099
239600
360115
109922
321860
371783
336087
386658
397297
308753
215781
286280
120094
420699
270331
294799
449079
362190
316717
274261
363313
270790
176093
318151
103860
132240
208779
265472
113092
455229
345789
162625
429635
455408
207793
315237
343956
281676
321591
316992
225600
323136
144085
375190
261282
417131
253140
415322
424918
401704
105330
230777
447185
435618
256191
141435
328568
293918
308261
404722
331262
416724
265279
215002
408177
339854
429151
326991
227940
251042
135172
339536
159011
442850
387672
104994
237863
379183
301972
333549
441984
347731
290597
361691
147961
410779
211514
301622
110120
267188
251602
425280
373952
287646
129202
138773
420584
348968
370008
416135
416092
386738
431475
307880
258435
338335
230984
295674
270430
371716
210734
373736
313034
315539
164344
113233
188727
203966
364196
292510
378961
292934
309947
376278
305944
442170
400043
208702
130525
170251
376830
129819
419412
245311
153798
211575
200146
428718
443191
271909
438002
228050
346043
434246
246131
347917
314570
389689
302195
161913
163664
368774
169547
247762
398357
258649
199393
161708
306655
127943
211882
241409
269902
234984
113578
409644
300016
367891
426604
203289
441003
342227
289683
448776
231231
184339
365735
192618
162809
112435
187764
312857
282648
313474
259539
275028
194903
387685
318724
119116
327572
334172
252392
404614
186212
309461
133829
374378
244948
385406
204469
359736
170386
162843
252478
131303
269304
429296
450306
447448
407078
400062
276595
218559
393317
391170
431040
393780
261114
361673
352294
128897
341377
153881
218360
149835
386446
347019
304869
237885
191166
332656
281554
141397
373865
268619
293183
313546
372554
410410
282386
254345
155999
194626
101164
414823
418813
366096
133324
401806
383298
199657
441410
110156
273268
446056
208185
322277
401108
452999
356791
315005
344079
454437
242225
372171
265373
316741
367969
364579
295860
290446
324517
191062
146816
166850
198708
152145
363124
383354
431070
127466
391029
411579
345654
186710
127058
161884
436134
253422
212726
318920
130129
323469
381640
311340
243653
438250
344279
388486
118408
149899
440086
274599
274788
229311
241618
184299
382721
140984
107604
412140
138468
374906
352571
195163
431099
221192
281784
280590
455919
136050
449480
295570
332248
343081
301669
144261
