222998
399651
250980
446347
282897
436943
448505
257606
429525
102680
170246
261036
265999
133807
258452
121716
225962
225630
183366
298018
211315
164925
200457
143968
112746
144208
417490
307600
170678
411246
369506
310679
334943
305149
237969
356804
333809
392254
131078
398127
121340
210631
193334
181655
308461
110794
325308
350486
364330
314025
187907
249186
216276
168545
394291
313835
402159
316308
289104
277603
425699
338762
287691
271463
406360
267221
166862
117509
235176
390618
133637
158893
386706
259039
162676
280780
452009
285231
368852
431941
380142
328911
257295
424563
297223
355349
405520
427784
196722
202917
137436
149949
212425
337773
203342
123861
370225
144989
244431
314647
106481
158608
205488
144520
337009
372437
451689
306337
373557
411833
287918
115462
277135
100377
118308
180246
414331
336238
249144
198851
325970
271218
235949
418803
452805
271709
426089
354714
350091
303190
218545
255296
234458
124188
214216
276955
196314
141821
398145
197175
242293
421163
142388
283889
240849
356502
198913
198115
124364
281846
299235
448383
185960
139748
103616
116957
165952
381518
389360
439742
429465
136555
196750
218874
236130
186268
150254
276823
423031
452833
437420
161855
150136
312387
336730
302804
414927
343195
277104
125545
265161
340716
323208
323361
260159
364081
110175
338656
408595
196148
397155
222043
415793
409592
130701
126187
379658
322349
397050
281995
445298
419298
293867
452124
398595
278204
258917
455023
406527
103080
244677
152914
236459
438393
346294
139642
252162
196480
427706
414524
327398
167812
115061
225849
350901
302374
161641
329943
297857
160120
323162
147668
183207
153396
434560
102646
444336
138889
191892
223247
454713
197797
270895
386362
388459
370506
159070
167906
106617
152309
206650
357570
449985
226634
354885
347047
296512
337702
442342
106928
255458
217150
272527
272879
400351
279078
178083
160554
326677
355238
411603
168244
316300
160711
329255
396899
418134
144271
366263
214508
331488
393041
263144
440027
264791
153849
413780
174241
103379
114019
195430
117471
194639
370257
174612
377346
230985
405645
132904
390174
334214
328101
129783
267081
407595
258566
349339
430388
419881
451538
299242
318861
137078
239600
216066
321860
155852
415478
371783
397297
308753
215781
286280
120094
420699
270331
225257
294799
449079
224283
301676
136178
274261
363313
270790
176093
318151
132240
208779
184059
265472
113092
237808
354455
455229
345789
273940
162625
178024
176646
455408
315237
181748
281676
321591
298720
238246
210546
225600
323136
375190
415322
424918
225253
401704
230777
447185
435618
135229
256191
413196
396051
328568
293918
279864
415288
404722
331262
215002
408177
448912
429151
201071
326991
346450
227940
135172
339536
159011
442850
237863
379183
301972
333549
441984
347731
290597
361691
147961
410779
211514
301622
110120
251602
425280
373952
287646
129202
138773
420584
253435
348968
370008
266773
416135
386738
307880
338335
230984
181482
127119
270430
371716
362218
304334
210734
373736
313034
164344
113233
188727
203966
364196
292510
292934
309947
376278
305944
442170
400043
130525
170251
122526
368240
376830
129819
419412
141603
245311
211575
200146
428718
443191
271909
180508
346043
434246
246131
347633
389689
302195
161913
163664
368774
169547
247762
398357
258649
199393
264861
180802
171926
306655
127943
211882
241409
294014
409644
317336
449181
203289
441003
362067
342227
289683
448776
231231
365735
192618
162809
112435
338868
187764
312857
313474
352550
259539
275028
387685
318724
151866
327572
227726
330959
334172
148479
404411
228303
309461
133829
318464
221088
374378
244948
385406
204469
359736
170386
162843
252478
131303
269304
447448
407078
400062
218559
393317
391170
431040
393780
361673
146556
352294
128897
100582
411858
153881
149835
386446
347019
304869
237885
191166
332656
305837
281554
141397
373865
293183
313546
372554
254345
166428
209244
194626
205979
101164
414823
418813
366096
169232
133324
401806
383298
199657
441410
110156
273268
446056
208185
196573
452999
184543
315005
320673
210565
454437
316741
414069
367969
364579
295860
290446
103392
324517
191062
146816
166850
152145
363124
147667
387481
262165
383354
289135
431070
289696
391029
345654
430203
161884
436134
253422
212726
318920
323469
381640
311340
438250
344279
388486
118408
149899
440086
274599
274788
241618
362253
169362
151079
412140
451266
138468
352571
195163
431099
221192
393888
281784
257491
168965
323128
455919
136050
449480
295570
332248
343081
183590
144261
