237906
345380
361798
347317
332331
394163
214101
163107
212680
329508
264954
125941
360568
195156
450442
415780
426478
275241
161121
365950
105409
241328
375746
416828
300424
408372
390506
178877
239666
384511
279749
318911
138163
429926
144059
163846
409952
263292
385533
319945
311964
256586
216761
348586
211433
450043
407912
121222
117907
302755
442808
164135
409810
338267
242206
327746
421354
248412
195056
334887
330960
102670
207505
190595
440454
173068
449386
207102
149593
365124
317919
439425
215570
127053
152387
393595
422579
260499
327319
230836
156809
318728
290993
306451
248370
177765
146959
254225
436702
246241
168493
183251
409231
173577
308141
230711
220923
187735
183121
217879
200148
227329
187277
279649
309841
221778
397899
145210
378237
256402
134522
248100
318722
336481
342671
325533
316450
424310
275512
100350
293401
177130
335641
405212
184939
339829
219742
254124
160945
414523
439184
338778
351044
254851
324931
281029
278928
341689
362460
210725
377395
402637
410497
180914
215899
443448
371628
107855
401361
452415
222612
181846
146071
108969
318823
265155
122081
252659
116708
391611
375484
431451
269047
327070
145873
351730
146339
231623
359696
166862
171282
202182
360337
345681
391805
111637
370789
142129
334747
237088
227509
132301
137401
276000
113162
300960
264116
196353
241547
363335
144535
388721
149535
177500
233008
232975
126224
281034
339044
109074
332970
450892
366534
188058
140956
102843
112094
270798
134457
159542
173613
375391
109172
322982
413418
443315
421204
201565
427280
376625
421362
382071
368278
423588
275075
327088
157850
391454
141477
197146
419988
107052
323829
213232
290054
127363
216292
269551
309240
231512
228311
107983
158759
317045
326059
161092
208012
162774
362051
383339
292811
246686
455350
303579
200845
377800
124828
177912
280534
132813
160344
110370
319621
174834
113157
211182
151212
257515
298589
178148
282563
332558
268285
271041
138594
272823
287795
271428
220580
256085
177206
403756
398392
122546
442941
425998
235163
290847
436759
209541
308036
433513
243944
345997
213445
296525
402706
385374
220499
440152
427479
389911
429387
404136
146048
398305
222319
115610
276128
175920
198301
187916
376861
181046
304421
203866
454785
383776
349040
353143
336371
373449
426632
456067
371646
193005
208092
123043
391171
124972
223840
243285
438142
118140
131449
234988
261615
199627
410522
214112
377135
244549
207685
445136
240864
355454
447212
223845
218404
182983
236231
132199
255655
181797
219462
249433
312274
311681
132538
355557
283246
382034
344781
345201
401642
397469
331493
179388
215424
370187
189899
365316
166358
257285
166124
160475
118869
137427
333090
382253
380417
374232
405859
135000
271376
270841
161870
452848
361233
435883
422492
317245
198656
427167
155477
227606
404448
103120
383079
266723
240792
267991
230467
113946
331671
184062
141552
152341
126216
324926
247860
329770
209600
264894
361526
178309
378817
318273
227060
426116
154638
227988
127637
103417
212107
148934
312328
337588
146529
198596
278291
170746
241193
318321
169270
342483
391277
224649
151990
125207
361006
436017
390197
177355
107892
356817
213237
160794
358820
264066
245818
294238
337302
237979
105810
431489
189510
185478
448564
226761
183803
231442
426526
116159
250263
106620
122792
220850
288117
175299
144281
294801
340100
106989
291792
157846
258641
433386
177969
183307
432337
261090
347961
268929
273760
101766
306301
385235
356962
400145
156639
332274
260522
358709
249675
261444
214442
318604
337376
436601
396243
166181
236833
226705
308790
206966
329004
204798
140985
258103
223009
377632
452761
343713
220892
372096
412547
244755
307737
194565
409794
183971
115732
189231
110823
134024
373342
123965
272142
433001
243400
213730
122198
139119
375343
277110
168849
136460
327152
339355
275880
374191
191294
131640
411253
113884
260883
427328
150847
429309
450365
214565
115160
442978
294203
414292
182335
182906
291296
168312
119355
308955
105666
152515
316038
184889
297969
402199
399030
339542
187133
171073
293667
258854
436381
239361
202358
273357
190524
384232
398803
395610
331570
321132
274753
310611
317106
239621
363685
266101
310621
261391
431018
307909
446285
331392
151078
353586
388689
159939
234113
360446
215129
425724
322808
181990
406079
429486
199004
428277
175570
350069
230639
140014
195064
326810
256788
137008
151026
425153
424802
153851
287021
102349
214365
424024
263985
129290
171688
436217
217631
407231
123420
303566
327259
168474
151804
286478
299714
431513
413235
184129
251541
131245
196720
312561
294351
176115
220016
336866
134182
353429
114966
440250
205030
293101
444754
208582
302121
287409
160136
282123
164742
179378
404376
282529
320705
385914
187963
309862
142985
140907
243370
417032
223491
317202
106133
305041
196282
103098
276784
115506
272917
327944
322530
103510
448851
338069
241909
345455
388282
330339
138753
280521
255164
382596
305927
254681
422217
283268
382350
437272
302573
108648
157231
235563
117819
390943
102959
412752
145277
103543
109195
199063
181877
245995
313575
147100
321269
182488
418751
323385
160871
226628
440061
217304
437392
262081
168439
129018
277504
373127
321672
222708
181025
168693
288777
248707
101673
206865
109267
402510
252343
294648
236381
203347
178332
192503
397526
315950
258511
148908
144564
425318
300024
335049
179107
430567
294210
287408
106601
450161
223664
443624
283235
400900
198213
455117
364207
225420
170079
108636
396564
110704
384993
210289
441862
153996
326132
299128
179394
409495
165344
219196
194618
307600
323497
147658
378439
330072
267933
453304
314162
180065
151314
327372
251391
249815
326137
444601
272295
443429
161779
232553
248837
173258
106744
334538
161157
185776
118113
285706
135046
406798
289449
394973
242046
100130
149553
230176
235997
285616
349470
202838
188110
448684
212148
230194
164347
286351
355215
427806
240687
352073
102134
358135
430494
422852
153246
454624
166428
366871
109542
160985
103845
214676
157427
292241
195615
340794
199068
350788
286475
411818
437476
305193
422898
434992
428113
351765
205190
375613
138024
455323
293772
224131
134100
381985
291400
198463
170971
228546
294379
250620
425331
171150
441195
312683
171108
219956
173545
322581
413289
163481
303131
162014
420751
313384
112812
404553
284942
289795
357518
144187
346310
261017
321811
384241
311951
346569
232484
164779
179250
352155
280320
344952
446297
206856
287740
156054
417106
306369
441521
213360
218140
153974
103068
348401
187404
176248
134662
240018
151384
231828
271237
245346
191833
325823
202820
151196
321245
119943
191843
302326
406018
280063
390149
130770
361180
289837
174979
152126
402213
419327
383462
163795
102208
368812
428465
414232
210256
416573
379256
330751
453531
433562
320367
381015
119078
118298
320830
259241
251510
350689
355694
143141
274580
199664
247022
205459
255856
123338
101883
138552
183634
216372
204754
394871
301254
277883
421916
304221
312320
230578
221537
279664
397050
402435
234656
122774
450098
264282
287659
258323
161542
185761
125821
342009
202405
183671
135457
273162
230422
304499
231155
365378
333640
264518
332142
137814
285934
103002
161541
170096
239947
206758
220858
324117
291483
449398
180694
196688
189934
338545
122270
123371
315904
121809
387392
153317
186147
219433
419809
137681
175399
373979
262267
409392
253116
302884
254247
431528
188320
381919
305471
255258
249619
157673
152347
362437
243230
350321
338764
293480
127245
427117
425937
254726
381703
303311
288878
417147
276326
309434
181146
429457
158541
362401
451598
145612
126986
439702
354794
228345
413056
191507
426563
168605
304841
262858
142483
204462
340418
438794
258481
283416
441198
330705
285279
403519
121306
156144
172035
332950
346991
216974
321060
220144
323392
451780
264785
418879
107994
368773
312753
195934
259794
226755
252732
402508
110718
156441
161622
120197
155956
292265
133801
294119
205470
379554
165328
238390
300311
208990
170648
287849
282587
355447
325575
225084
364168
353004
376587
449359
297492
401698
426472
256859
150544
336702
252890
112929
147646
281090
418140
129791
211313
442865
232538
396163
445582
285654
177713
404877
220975
305009
124104
336228
326075
206160
199049
414917
304767
362366
106591
293236
279709
281774
324807
135088
383160
356629
327006
298734
152471
270860
382928
318824
141105
151256
439629
294533
279511
203670
362324
101420
243810
236080
321857
276646
345317
403190
280307
303291
219172
399607
282901
370013
212788
209702
300164
440550
242473
196409
362006
393887
120294
185549
415555
341627
340684
309565
314468
270543
183161
347246
388070
376032
385433
143107
121127
143949
179976
297187
369085
371223
290075
342731
312416
181027
222361
109945
339506
114928
401265
146160
274997
267944
214259
259075
311502
375514
237982
275322
107552
203524
400717
351361
301316
145217
253184
231566
112462
151557
331396
442139
130787
246523
344834
263814
388038
330202
450484
279349
247128
394109
437824
321261
374836
246859
273783
404455
234762
432683
324742
100355
382291
114702
147988
405825
374490
337882
174106
451021
290861
321641
139860
325055
416382
291474
382727
275825
376809
331754
366958
198269
107518
150048
282076
173979
103790
194417
435456
391624
372499
256654
382444
146777
320770
265149
336968
315455
180565
206980
365626
364066
276427
429965
161599
216052
363753
378548
153402
341254
428383
111684
361273
360937
254416
221583
285009
301466
259289
200497
218880
161583
409565
264355
127296
115826
396083
117559
291564
322179
118870
189153
140959
427266
234722
319629
188311
365470
212138
342273
123996
259651
432933
363267
323223
317643
393825
327472
370290
132544
129000
315409
294649
256592
446796
201217
135038
207657
282866
236989
113594
410807
184014
395415
126992
190187
358986
177675
216246
259747
150546
289879
256734
276792
268571
327430
410395
451787
233231
104190
256821
349806
272855
177914
422104
303667
216767
213094
176185
114174
104938
363976
223413
318717
183819
136334
197786
172477
190269
160346
101564
115960
327039
284684
268965
418107
341739
209954
428782
330797
326725
181377
241897
431478
350514
203278
436834
170032
296844
313084
150239
386667
418944
257095
328041
407810
130803
450250
247107
125879
418234
122825
368123
348557
126192
274434
403341
367571
392141
331670
151034
226020
370442
427965
447418
127634
125626
234616
296470
251355
393455
266521
348815
177266
137876
227388
105286
363259
449328
305925
130743
149148
408397
145949
258470
348581
292795
206733
258449
371987
394713
394477
424170
342545
337394
355924
364195
387187
235409
169419
424345
209515
105806
134723
440963
437981
254319
165664
340751
278503
132799
362367
136554
106697
307966
289059
135087
157103
186087
111114
303965
297674
364587
114802
301904
155023
387998
443849
439615
208497
414746
444938
151282
358081
150582
235628
331617
438086
412148
233330
269968
107185
164827
407294
423925
171585
116627
148651
379399
322017
255582
174827
447807
113044
289942
126251
241945
407709
126460
239902
129405
212412
242702
302769
296092
350223
179434
149374
233939
446029
351314
357400
158363
165255
167493
413800
117891
170744
116870
276463
299380
439692
379792
352230
223504
247035
317232
276194
228559
334044
376117
279329
210827
197380
354163
280562
106505
398084
411776
249490
242240
246427
119163
411522
116721
142260
238428
113687
258086
217678
195431
206913
100373
216060
218638
383977
124969
157579
419196
168451
189069
298606
238797
293943
113785
355690
156071
114636
373949
178049
233236
413583
385579
103811
453647
313399
165362
407872
152624
397370
234667
228225
311147
431406
158775
428353
118235
234476
254574
184712
160358
439715
151932
321142
187810
440686
264501
299415
223354
240793
354453
344045
428639
311373
184796
381304
182249
263530
426655
126808
231275
136892
123468
247252
323998
440328
352206
199805
450156
233801
445502
263773
253448
259049
314447
306684
401676
441376
287388
151765
153989
419494
106795
125645
358751
116257
137916
229961
363037
147278
181688
143924
240790
422289
293828
121985
147624
428743
402527
185014
113813
276677
204336
244214
267087
361504
311641
331150
164204
265729
212823
366287
162003
303710
380043
145927
456136
323939
445657
232568
426071
142416
267783
362658
419417
181787
151893
353266
304298
247197
358457
449709
179953
153267
298018
346175
338155
377907
337196
213925
253784
245132
358112
360690
378686
408532
155041
176130
137420
445267
422411
108037
120692
181043
225411
372339
250111
234805
224521
166911
414471
334379
194245
372968
174142
209259
258670
429993
293185
381357
309060
412880
243883
386236
242830
226418
152781
308438
372062
424818
408729
181412
437135
374924
193215
359426
151880
377351
299195
338667
442362
106673
200541
426524
452536
186358
328148
359878
391651
199541
170901
401483
342134
137121
343753
233266
226350
400336
101646
454008
346640
387761
304435
372860
109055
357966
397105
402503
452927
235265
305868
141364
101502
415965
289768
275485
450686
241325
431482
248713
392577
251090
302724
295170
313942
126294
438193
400769
406331
337863
328609
431679
449267
135759
382316
419947
435038
362288
296932
297055
311616
285760
334906
308522
368677
377459
454018
243693
319606
422136
208129
133545
318472
202291
138619
453156
326097
140365
425234
256906
415973
184902
114458
117963
226192
131430
180949
346755
314325
364998
398015
310626
185743
376188
252905
180789
224730
341710
389650
376164
231963
371601
355064
203988
387488
169979
194498
127252
170677
237736
198678
435460
257604
200288
155660
128913
194930
114982
156832
251947
390100
168020
269651
386562
229359
397248
211289
285379
311234
342381
324350
366813
397200
160064
113043
454312
287749
294305
330585
197653
400835
273872
121662
435033
302567
215750
103463
133513
133023
318937
156845
116358
416338
161172
312066
455433
107687
391019
313990
418156
357356
270912
399096
290228
178572
251678
168858
456094
143794
114277
209477
244787
415316
122684
184631
228760
139719
446963
181016
286344
367842
291961
291209
305207
262089
201132
447573
336836
229716
102787
241072
211952
425991
254354
425708
191456
238455
309179
364287
408607
333588
404143
153565
313232
135209
418264
364926
408889
191578
443417
202276
448671
415391
170021
125392
414159
328787
187467
148011
114093
263577
414168
196356
402351
179556
444393
289918
147890
376641
260186
145029
391009
291680
251995
183181
144967
292884
324304
311462
139234
287445
455186
129927
122290
381051
400405
302201
260181
224299
172379
286145
244333
409946
367014
445553
197757
372905
141516
216915
235267
273025
213562
163508
246333
183201
159801
136672
394752
357071
240676
171714
196540
164267
232276
102700
275656
351923
454832
400758
233376
268113
241119
138027
113113
326341
334468
249364
349262
258465
321883
209816
277523
278758
143163
106829
431521
263623
302304
342678
416784
204979
401189
120064
336844
110910
117368
164541
221301
276655
108837
423166
114891
247063
198361
412446
277890
303996
117289
369834
251564
393289
115899
143905
364721
367393
174454
314716
387167
425532
149749
235807
267667
263890
427802
319287
168397
376190
279019
397738
432523
418239
260674
106547
448322
296134
411350
152069
106776
246943
167100
220845
248291
206789
374772
239968
127315
221619
161246
215450
185983
192477
439806
192458
421818
179214
453504
360752
255237
301758
398495
360739
412654
378024
349976
170899
420315
279866
106370
316203
353102
283566
267699
215122
134864
255335
354560
161110
269048
164936
291026
182607
418361
158001
407390
346946
248255
298006
192323
101495
303713
267053
297293
323742
267306
394710
213624
215926
395313
261315
259877
187505
251621
260196
225123
269781
369122
345414
384605
128081
282704
387441
188753
315732
275601
402494
238629
141229
391932
448595
414145
249757
207977
163671
423446
346297
342398
303723
117027
121817
371981
448750
143891
280615
148779
232780
270501
417541
234677
256082
202718
193418
290787
255542
413063
372155
267206
162336
414670
288050
304819
208150
434078
453281
123100
240529
138713
105042
151382
316202
105992
423858
238159
453450
279596
108630
167194
203360
410764
140738
445180
102875
289583
397207
405294
302338
138802
289646
399153
115419
202249
222848
148535
181536
334859
443944
370780
296972
315449
321522
342572
438920
209203
107970
420466
117673
122735
269801
101929
167931
363207
209124
129531
229249
452347
372296
201562
428577
135321
119766
268124
157887
137565
231921
126982
137621
438726
140933
163811
445039
304849
357802
319804
126152
431353
224957
198081
306362
122269
409735
379461
158792
318626
453017
125143
332862
208381
393510
162990
212056
358089
418112
226778
237505
421286
312335
325046
251939
160124
131635
340622
386164
150333
184317
289210
106165
244272
221178
240884
322066
417021
306477
130313
454270
230723
304871
193068
326614
234008
109387
101121
111551
186861
413190
119139
231197
443912
252868
339508
218131
158359
106838
240492
360927
390839
411472
281316
290026
202932
125079
405007
441120
456133
334271
294817
337220
345368
210288
274448
226407
171693
408150
372567
143454
304309
131934
103166
439513
315452
101093
290894
392084
191069
215436
419203
383901
388001
287163
433383
429092
309151
294871
155544
131893
174736
280933
330080
178411
420188
375909
263845
332374
137608
335433
345243
423006
322548
430857
408103
346645
147881
421668
224449
413677
201255
327402
396863
147226
172778
375543
304320
306149
236819
333099
354291
323790
119684
168067
191154
143769
281267
234821
402252
132088
333239
137713
254657
443579
305099
227946
141885
362619
325943
400401
222400
411666
384465
291966
271300
102740
325448
100192
254216
160404
211494
132360
341928
227383
327397
427533
216277
348943
388165
193656
355409
114083
188824
287440
176598
146936
431092
447780
246125
332001
324306
381390
245680
144731
144376
204077
162705
184891
110373
438540
403539
167620
437436
428370
395147
272254
278357
342106
253165
125333
135595
400024
179862
432533
418216
408297
124941
235448
404044
330043
180677
256474
407822
197946
310464
361701
155899
115830
209357
116743
348981
377301
102564
411652
309961
359138
131128
400455
404972
116090
413062
233903
270377
369646
192369
182552
238490
447662
203534
298189
119574
164390
330031
335582
455525
233345
267124
140625
246027
117445
280641
238582
397233
249882
238215
344741
359246
374302
375554
291507
450736
100839
198113
310317
380645
391833
289514
343161
167605
232114
202314
421019
147592
210499
441813
169994
370160
276075
373654
325704
325895
184065
433434
174291
319737
343328
142612
228377
239772
200133
337290
276628
306638
344891
221062
165099
239847
265211
189210
204053
123421
214198
432451
428322
212657
134472
356780
245545
448867
383969
434827
217385
216980
296808
191547
193785
117115
405629
400475
234716
197339
281706
400777
370054
186088
228724
161894
186194
296701
111692
166613
157213
395551
179321
163393
390318
371813
260195
277907
336334
405569
336904
304562
111181
434525
162396
419459
118374
318638
277931
392541
216069
355491
103994
115678
395659
440198
207302
142437
380664
317540
205645
412806
317387
393462
140976
447375
394543
275380
272542
280872
451493
220894
293151
121620
286200
336557
211137
189384
335667
249905
252824
401161
241562
427741
129450
380374
217667
415180
240247
190040
302891
410322
316835
200458
380771
349383
292004
127003
213397
325176
270076
378704
302708
418726
415365
139608
229952
302014
263202
277533
267743
209724
190350
432838
240045
347076
337489
175632
247565
135799
338779
416462
163698
161971
361457
108129
112362
360223
329001
237425
212868
325636
390458
450615
340518
146468
448529
209036
207588
347309
172629
426527
369229
416391
424963
449901
195896
286113
301366
360849
355060
205243
260779
226286
399341
171121
212276
275645
271219
123934
181357
115971
337407
121315
287933
157957
401572
417959
162950
373196
158120
226235
245134
320324
148430
396042
401735
255262
451631
417274
102831
299991
187819
307529
309191
208677
292245
223655
254666
155079
339982
119284
189869
335338
357512
441180
406335
266425
432244
332383
150526
128155
282695
205240
266980
218277
167699
416501
366449
341804
139969
441600
314433
313314
329293
299689
134541
251704
336166
399606
123783
263776
233130
101162
337015
335781
134607
303961
183843
446467
293222
315519
132365
400266
421785
239806
349917
279681
289736
200400
417273
134826
308479
402128
287955
316750
327643
368728
255304
359117
341366
140064
379192
394825
175107
154436
436259
375523
221174
210890
231870
170667
446377
319820
310489
311382
234381
274205
426279
407281
126687
369317
198471
140609
414932
229518
244914
421273
273084
215819
298731
192910
208908
247631
129741
121316
306364
333495
236658
208938
387089
278369
332735
307407
218096
275192
134165
129341
333564
447057
363102
122924
375026
148305
407623
394079
128551
414234
277287
298243
106443
168296
253613
368119
204123
398612
259509
363393
410121
454028
273328
289131
399098
383919
274066
144961
317905
182698
376364
384314
315217
179503
312456
215585
240952
193868
403505
220164
284600
313360
180960
222082
105713
165570
131623
338706
267064
443488
160204
447885
327492
361530
132948
133280
335064
402873
173323
394594
403016
444282
109153
339671
115525
199095
406437
177139
421542
214546
292413
177644
290417
235992
340891
226335
141916
375834
248715
218817
167487
199709
266971
199331
232776
359756
406039
254075
320330
361153
309050
240584
412392
263700
249158
204320
137605
329187
391679
348329
280732
171533
252987
172519
303411
113008
412359
299138
411591
323510
424044
314284
184224
392137
450160
445529
166015
200381
192600
368216
335512
114183
377233
193883
392591
372074
450521
432363
321045
101738
115133
306189
125444
429884
248248
155442
435723
136612
283027
114516
387989
116934
186582
290571
215195
352189
351387
387627
319157
341541
147351
357501
346275
201743
294850
395018
172256
289829
215411
118635
121573
136527
334819
367902
125735
379960
165896
366864
417337
155689
426529
219546
421532
351551
219011
167816
231432
409370
122520
363778
394976
265810
170402
239977
223915
272530
442466
111257
407510
357713
167584
448818
122831
331298
440645
389261
450444
154461
302726
240016
221022
303878
410344
269802
366785
278571
258556
417859
113579
325062
224115
436867
383720
248423
427933
283126
125309
292629
134682
128073
438837
270191
339241
374725
450315
338450
332976
422705
240430
287592
436481
419383
292217
396129
334925
207805
224057
264192
184580
439580
381527
113540
423210
452957
235151
450362
159180
198983
119992
339088
170354
103596
182240
287030
388638
195430
356232
287118
198330
425356
321733
122753
271561
215482
371238
203013
437331
176903
331562
380942
417981
118283
443693
403773
445539
117845
160990
415048
317872
332763
368648
211898
450157
263242
392948
370508
390654
189920
131386
389982
274212
319185
183339
455828
265455
124018
129998
300561
372680
170025
278127
285319
231361
191886
402620
204169
436090
451103
357272
290347
411276
302982
454711
290971
135307
219550
192234
132052
258226
268891
252406
101930
308777
315208
380054
393387
381116
394686
212421
251462
440617
180628
418881
375111
292705
290381
419437
351399
227733
141825
449880
120018
360713
432378
147950
123262
334781
342766
191666
325402
434041
447718
241430
358812
273943
290458
142356
232393
385779
275753
261370
190433
344709
421111
364342
381912
175777
183252
265040
362811
182113
417853
117517
265151
422037
206726
408251
347593
193871
249945
315149
389327
424748
161400
287997
306226
423165
364215
403491
219508
422199
113121
133535
126635
129746
304815
249405
276620
294882
358717
408983
340777
103911
278621
385184
150213
449950
320218
148756
276929
447247
339413
199358
109313
246360
376699
339243
192798
164759
360304
151781
109621
112131
315601
139257
396416
405117
143327
382252
101006
100540
117342
253120
351706
354379
102150
432222
341269
266271
371159
388477
386658
371609
310100
111931
124267
297919
344448
380416
112481
285392
182180
413838
329797
188952
101538
296794
386877
278163
155819
331998
301143
433721
295909
363145
331136
219430
363517
438447
295731
135982
316548
256239
162400
334578
193784
331687
179835
260963
321369
151473
278689
116957
307059
158870
134893
338981
261849
250638
171008
383507
184597
149238
233875
434414
384194
189309
375602
415211
424705
416022
231195
358520
346235
140439
225921
338763
164426
144223
377448
421154
280309
226435
447342
209075
383591
360772
260379
166939
436890
396347
437194
271749
169434
305226
186417
385347
174947
171648
231744
408100
204105
247716
141513
361285
171756
392268
328093
217893
239392
233853
120890
255592
286592
445251
101515
221850
130846
113377
424577
337649
188676
387477
259818
409924
360689
150345
107694
360228
362292
258123
388771
299225
245394
155521
170241
394828
444275
322706
345691
401153
454182
179279
163270
266524
166915
268548
332328
208789
265053
396658
309681
308123
247242
211345
329405
184851
194583
181178
168924
330451
400337
220520
320588
383150
276381
180138
318395
361031
247212
117694
241750
346199
176434
161217
356940
314128
297975
222025
274880
125206
398357
294280
448076
162973
392614
162220
184370
380681
229121
280129
234703
412828
219629
228281
328391
275732
291192
433428
183920
280974
395687
186053
335208
320721
448267
393313
346676
420981
210762
366738
293346
267785
184428
194045
114278
180427
231379
145537
324301
198756
311803
351622
128732
341625
237968
360029
265102
182729
291355
407014
193892
292165
166616
296496
147654
420746
259798
432581
102521
434172
268242
356177
134526
159664
133194
231728
259151
310980
333567
311815
302729
281767
283853
446932
195827
156460
257173
410869
388807
330570
352861
247454
215149
117721
298339
240945
263182
193257
225055
145453
195136
443293
147904
128224
387770
262336
358241
118053
204908
337073
453087
439307
144261
310527
265659
199559
449786
283275
296989
288209
406071
145896
379419
225637
195698
407020
101773
246441
400826
186251
182518
159292
385059
189868
218454
100651
395192
318788
227206
440271
292636
300683
274514
349702
285047
282254
237139
437959
188973
269234
401929
315279
343435
425235
208957
137683
204385
148093
115098
425510
176404
150156
131439
334249
362756
138183
316507
195605
419723
356860
314461
317746
389145
331766
253308
126477
314302
374112
151657
374691
229857
312999
433652
110086
234214
171968
211712
100773
139214
152705
302604
172901
316962
153448
257753
177607
362606
213219
198947
387841
443745
283394
162416
276673
325367
226855
148734
226200
428076
319315
219792
107353
181754
355934
343066
372626
397656
198126
324001
241621
441925
195514
386469
434758
408704
436774
384236
361298
104364
342209
446966
123819
413573
304334
414455
118513
226663
406955
432281
371459
175725
136927
270534
141672
121566
139925
136369
356455
341133
269401
406498
257714
397948
451447
279890
125380
186707
446681
403052
176464
331341
339547
337745
127342
155909
183229
213615
433194
245323
332016
200958
101540
411688
245898
434934
189580
375684
176995
351264
103822
427554
296460
301785
259413
422125
400628
221053
234200
260290
440184
356109
338133
380765
171547
301059
380311
278881
109498
122277
163680
179359
443526
430306
342285
260312
166797
363402
242781
428284
140895
136525
341991
152829
120792
139911
183679
408585
131837
438982
282818
180997
366637
370755
289245
344976
233332
143354
167733
209859
329228
308089
311577
357298
265195
148678
400737
307573
354038
101166
324953
380362
117039
310868
445565
422106
166333
257319
343271
408909
284370
264122
257033
334720
133470
403441
360363
392926
213157
343130
420472
448906
147897
160268
418979
192579
108374
375693
228026
399650
439606
281120
340620
360649
353069
361283
353848
453873
443940
120153
191139
135568
148279
353874
119973
421161
408327
312293
204661
316537
447478
275955
132641
361312
335995
319963
360958
310129
398320
309182
431880
214765
344695
380266
285171
129861
334108
417293
136598
253823
241440
209917
163879
116750
377535
348640
199518
119183
352743
393042
149021
370772
231126
272833
321109
129661
421812
329342
135722
192694
279674
426400
286014
451548
422726
211722
320264
302316
223351
115104
376136
394501
165941
441400
217390
213108
338546
432317
280780
151191
218549
435744
270367
176544
227903
409030
113204
103523
332679
197221
292578
449474
371861
323851
150385
280790
105150
214063
398119
400467
420743
335661
188455
249750
154317
233947
176614
336072
170245
133389
281977
206725
310698
164965
145234
114786
273143
412253
320696
148604
313295
165518
124714
134980
130547
111572
107536
285217
400231
173226
409067
171925
378727
366035
288298
167190
105687
186069
388941
153927
372605
360270
391706
199711
149432
400413
318458
139706
444926
157662
442200
259781
223563
187054
181315
121267
241458
227015
279576
337892
160918
163555
317869
221073
296829
148193
113698
309940
421580
441214
284705
244668
344940
127663
323403
102094
448957
314963
367208
369509
188942
324770
113679
226064
451467
369214
342484
204424
166744
105624
208717
241071
184593
379646
456225
154913
429104
150940
146558
251690
428496
362722
144487
240927
133774
436145
225897
291607
138974
366372
330413
302558
393287
330077
277754
273772
173950
165293
244202
224399
253670
424892
226312
145894
399588
115315
256848
153916
218585
323404
334915
370129
151698
377425
438833
288582
196810
401783
201702
207487
234701
100892
439708
159422
315131
181918
236204
211299
197825
375985
397001
235199
318419
214490
365485
132997
263921
234408
344526
360416
342132
210831
118702
372068
366764
126550
414427
254469
126702
127995
184377
377262
314324
186659
179266
387416
275094
302977
311592
443053
237463
146967
429803
267571
342061
406912
295967
273785
302564
375561
109822
239025
272695
419687
307957
441216
310786
259183
321087
131244
325130
306272
366610
445703
292628
166786
166456
131289
117552
277553
140291
130097
416548
361840
455258
429695
129219
344922
450325
362276
181177
187889
368106
191187
355098
173600
272694
205454
230719
278801
251282
422673
421065
357482
226808
181246
157437
147580
106127
273263
195120
104707
155398
320299
407318
185052
193495
178580
209777
194202
453866
412665
206442
307499
179549
241391
124664
420798
420205
400752
455855
207571
238697
136087
338472
125350
433489
410319
235564
143048
200454
442726
162087
209805
365494
390314
205301
198913
374517
167483
400050
434636
176786
254553
346894
299058
224451
381260
301594
283782
259530
439463
405288
187321
346441
155916
343108
103237
431891
336406
158476
222866
443995
204549
373417
374760
186989
365399
295695
451595
298803
297784
237805
292230
336639
175401
152639
371225
128730
333928
329257
230375
204938
161602
344555
217012
295252
206115
280687
411967
255266
151359
326829
388094
108889
433479
431239
453166
292770
232619
415084
305953
257327
277382
321998
450426
436272
204912
104896
289675
266973
179157
149824
227406
281030
149880
359217
315909
454815
388180
281652
137243
434634
162115
108972
274761
431648
178546
186022
135576
172764
321626
278401
109894
343303
406074
178978
113666
293854
344371
153688
372918
239821
223280
199090
190399
124657
376942
207421
314113
330021
220798
326082
274569
270256
264004
202742
312093
244474
174163
352491
380605
263586
204353
286532
121664
230712
137322
269002
285711
175797
290044
368998
387581
245859
416174
141098
403392
394933
182463
313868
239133
435028
236202
316024
126179
134020
317388
149527
121330
242993
318575
243823
168258
350143
134616
313408
416845
250476
152491
145010
149833
267734
410310
264990
348111
342652
213198
200559
143051
209215
291046
251751
366531
172826
212932
244258
360749
397223
363077
106128
128479
143580
308131
103333
226034
387587
370860
131642
331448
199169
137319
101937
179355
452480
132298
146681
203707
431370
374012
166874
138666
124659
105778
329703
259763
351900
265185
143040
259542
246291
309305
451202
102451
304669
143984
174808
358967
158024
312485
198162
308541
312789
211023
379965
313260
156613
436864
101131
369213
440010
329171
220134
382861
370650
326257
276663
249967
278217
344467
248682
223426
393297
128365
249178
148882
317382
396843
428669
259745
273808
248571
316415
231188
450048
188145
390900
150927
148469
289582
256463
368866
326348
427354
381312
357538
351130
194473
320444
280323
204178
226322
227726
304317
310308
395522
149551
316124
442242
451637
430811
259267
451030
121603
219010
169758
280239
336523
179879
120402
144749
443246
214961
195972
328870
269796
252211
330328
346366
102891
376219
133618
369975
104806
242396
191563
130247
169706
365029
340531
381063
166936
332702
408640
412786
237797
128386
284679
356838
442917
360282
291176
314140
143675
121231
427929
240127
392787
153025
386118
134966
296740
404383
259847
234989
446718
334346
168606
399336
126600
260378
412690
367586
452757
406000
166999
162301
154022
164105
142045
417336
413643
425868
360481
112550
316968
255700
120815
123562
415797
225587
303289
195610
385341
107904
113567
402907
172625
455762
297655
422765
421748
116625
410402
401782
294824
168590
240965
380594
181568
425640
366208
379802
108874
412189
245538
209160
266480
304868
215128
305992
268680
214147
119363
205461
353286
394234
355561
269646
388113
132569
347334
251614
336093
380449
331002
371597
273131
347200
139823
169634
255341
112503
267788
237587
294725
240706
170219
104962
245739
336666
136024
332051
281388
288870
280062
340670
331402
308638
405495
199250
141783
438538
233806
366608
332723
365268
210305
197742
342626
228261
224909
254737
105662
249512
311735
124411
408697
181041
438194
385926
422953
228473
277948
128804
373010
187191
173499
386998
230528
365551
169408
258861
176150
230080
225480
186633
332114
384094
211353
418276
315392
112222
442068
105140
271676
330319
396845
410394
163919
455616
261816
308583
176564
179215
221834
314701
225275
349576
377616
415198
131408
327352
244332
424037
353702
261224
201361
317947
275497
157084
423246
335935
226587
180772
332822
431085
231500
357643
124757
420110
405086
202481
176372
186215
269126
151345
240434
291927
276006
324815
238493
192906
347068
306336
132416
159028
286879
341527
354781
193451
282511
222997
422539
429706
284402
263342
165501
241316
201745
381983
424698
308571
276923
314971
196187
253790
410090
146823
431530
322304
241603
253699
134596
305724
104017
170071
345293
274582
271771
377125
165072
256104
237948
134633
212574
309424
206237
168267
291229
265034
315204
157707
238267
326694
326759
212122
156004
184762
182475
151937
416933
251916
138844
206489
190896
365911
321072
303617
319054
260448
250615
441707
258445
139147
102209
446516
323662
149128
395695
300925
253121
447778
143147
144051
280960
368596
391100
156248
101814
455858
240850
340791
371201
449715
156692
334393
171930
255819
213702
218466
127949
174227
187792
330224
149441
281612
216476
375389
380524
170469
137098
291243
148211
452254
198943
219643
264653
424078
265871
294956
164275
366792
101566
279438
161018
358037
341658
154649
244380
376744
251243
381324
444099
190357
240596
372158
120192
255418
228631
446527
136478
218988
133164
108246
268348
411866
168096
372024
128111
197859
160776
441034
424964
427189
424808
430501
230197
302375
106651
169280
443942
202388
129252
141574
368997
430444
146346
375510
152099
143937
216671
278955
119505
245122
376588
100124
449722
257498
414773
454635
342108
315694
406334
317920
180061
348441
282882
448923
140692
194950
364294
420404
417938
181220
244762
364282
226139
405949
311836
100862
156643
150035
207288
192867
345914
217784
247519
388452
224390
406546
114597
173661
247838
383790
390304
354797
292026
435037
298648
345926
410492
187924
170287
158725
333439
269629
449107
312805
251755
287674
155056
442284
357507
358856
412233
378410
356229
246095
349903
318977
158907
443860
392147
239714
400433
434021
271861
151431
248312
289415
255740
326665
320005
200822
185225
352866
101727
220131
174894
288236
141838
310000
190067
143246
358890
118517
266781
235705
284308
237363
360576
234766
364604
371682
449175
164765
380365
291935
290779
207209
171632
327274
345131
210082
419302
210521
372591
173041
228993
114155
120049
333013
437504
256255
224247
295537
116705
320401
226764
363104
238533
262723
415340
253054
194067
140914
407505
114228
364795
208252
343715
184644
294467
339086
188582
142208
340915
144738
392744
333915
140972
178481
215522
207627
122997
267719
423647
134027
310090
297661
219683
293079
300091
344847
189831
422097
271707
397484
226690
212330
118593
365561
101606
450932
433586
447615
175419
147944
142903
354400
116762
225658
343913
237405
305124
419559
284913
353420
351466
392448
262082
125857
374538
119819
417099
455566
105444
282496
257032
430776
164225
188250
300231
143985
141321
289533
312070
178674
329658
246440
188642
236254
399425
135983
445967
411795
254507
181566
402299
403925
166992
325100
367420
419641
427112
375323
351793
350030
247536
140783
340990
396524
286067
449521
184466
334575
310756
288107
282716
113240
273577
223374
447162
164826
414005
110120
355302
443465
414215
292877
165642
186067
284532
280689
108137
258909
139733
158999
421769
351272
147042
306728
407359
324975
360892
407103
415590
384421
320531
245009
162213
426103
199974
243074
376192
394876
443899
420017
274231
203709
218940
254463
129582
366710
127765
370143
129967
103853
187469
100195
114088
172756
232510
347466
302073
414387
140570
353975
380088
306001
190079
231980
109148
277194
101552
436487
152435
218373
424468
426242
142346
147558
227211
291649
449811
157412
311372
201523
322515
395514
108553
379697
378088
106299
163890
188186
326895
328421
418624
263285
267772
306287
202193
451195
286280
183269
137247
156946
100396
112942
417800
426301
106637
318085
100103
254912
368954
361280
227039
251227
220526
123101
456056
292849
127088
388410
382248
196558
267554
291535
229679
352513
280528
454951
120728
239569
169602
358575
326728
181728
395458
344742
276452
344474
372948
394497
343447
389658
436646
367764
344344
351493
152581
217752
130096
159194
296488
202810
205314
273412
447501
271008
380736
149542
102307
273055
442916
452611
307681
109521
367054
142954
387733
103407
203818
234839
182703
350821
288124
391006
420600
101282
143978
205660
386396
419387
113981
378800
200563
261663
145546
120608
434204
409178
423296
304285
227544
435290
117309
360406
378178
291079
152498
433346
318922
160229
413125
137236
445910
161221
454602
227374
347724
414893
204355
177598
377575
226687
173131
290185
283473
378380
422888
259979
192478
180357
236646
159347
177531
344070
455185
433803
450247
143392
355668
327778
377002
453993
408434
144279
346827
320169
335162
191830
415760
232286
214426
264839
129092
371190
118432
157750
345376
183185
219020
370318
382648
438699
210506
171389
296901
391793
279818
280852
194032
137190
301340
280162
239984
106492
210975
365983
341322
121336
103935
247887
182934
162042
453757
304116
166795
263806
235959
234206
232946
137490
281046
227212
263884
124019
362626
307719
277932
389928
390022
429041
149646
352088
221029
142818
428737
443468
248061
132098
389322
354756
440972
438669
123624
239512
399322
356692
119508
394907
365963
449231
412403
374252
222607
144846
398992
382558
431193
143856
153610
326630
220405
248793
365908
212582
244644
427566
262558
144687
196050
236001
439428
221013
300878
165870
235360
431925
237839
451363
287379
402319
101749
232843
142425
269783
227327
365517
420486
224629
107989
243512
116748
290859
265887
426794
253581
239601
426049
234602
389228
192850
194859
385540
271414
161448
172534
157878
427270
191829
335022
367718
179304
312622
266130
383726
382978
315776
327235
331424
261586
315127
151243
272497
133542
388718
362608
403895
349298
105162
244161
355988
248625
346408
151886
118433
351004
154632
366098
203510
302788
127678
441043
184397
445159
379216
409142
387809
236542
127256
402685
312405
113954
213573
306371
259320
285623
203147
162803
199940
235610
358486
448731
273717
191716
390891
275326
253636
441549
381474
379032
147634
244038
352115
148685
343759
334496
390546
394532
344180
350663
225087
162409
137028
153115
321240
378573
321619
152712
179353
393448
140113
323778
218968
209375
193504
338930
223273
100316
217111
165012
158702
196086
182041
440067
122417
156734
351432
414167
110252
156262
116506
267603
351712
303886
287600
105665
319003
407412
135696
346973
403272
362779
277495
446181
328932
217767
325929
407992
151389
305100
306514
436907
283744
390217
411931
439734
414901
424487
163096
161598
409901
417200
434592
123436
307192
348636
177604
193546
160987
331324
189994
418892
197309
314901
297578
200647
231090
210303
213160
405889
389577
216309
270197
415862
349486
186196
253064
355373
381351
182801
449273
410808
310684
290947
432016
346861
452841
189119
104214
216528
361216
414247
384139
266677
340875
270967
389580
144273
160907
241053
278852
374504
139163
285898
333325
185631
448537
414571
225899
213466
275207
302832
273041
303699
423221
195845
273616
165028
381239
426327
356543
303545
358757
173767
415925
228660
344434
422801
391711
195427
341595
451292
297214
356936
397823
280584
206942
120022
311384
149097
195087
235169
289548
354341
240160
361731
265067
254746
153806
253541
126613
279427
369125
187166
338629
203178
212465
216500
118927
329181
360247
324813
344187
113478
432387
136084
257377
433286
206821
341914
369891
355401
150590
268933
265047
202542
120551
367773
379981
402828
120973
370583
100660
207126
308138
235422
318327
430420
277293
285563
193905
126085
261168
417211
219484
117098
188244
366922
121520
175017
436866
279905
256536
243787
387959
298915
211124
118362
115111
280039
395580
113339
223362
301496
202723
206351
357237
328952
354255
184678
336900
222455
263680
407352
408175
382197
393926
374651
131649
112218
343558
143763
379908
153791
191017
274834
283867
176385
257693
360142
333595
446871
231057
418347
418512
434919
215601
434498
405440
234140
361470
112150
365090
409824
129865
321449
298688
157975
180893
354499
355762
395697
113077
102543
298407
293348
197957
355559
269624
223935
443358
402912
297837
403587
442336
211226
217975
156351
356372
442447
256514
444351
182503
214303
102084
111195
342536
332024
192843
344517
274308
313282
444292
227123
109082
248329
430236
149301
298878
383292
411758
413952
421444
150098
346678
426062
236780
403533
386885
245320
268669
139852
435050
260354
283016
217415
293156
209463
296085
368657
305222
413665
217193
285265
427576
366336
447661
290808
266609
266023
217670
191100
250518
217322
201971
231327
421533
447340
418187
269864
318542
442955
425570
237438
333294
133100
400353
383284
444857
258218
266372
434071
169739
171653
110057
371622
377346
235158
389230
230051
198570
149674
231692
321408
221439
329640
341145
414834
417520
366633
210589
427974
179269
150394
268266
359653
350978
119004
275790
161493
209798
263910
316553
389556
157175
299044
297680
258265
329270
439857
429346
291363
121420
418189
141469
239435
427349
251664
284778
334920
404283
135920
109692
402800
169896
138059
406149
432989
146152
102631
104508
136595
263859
360335
280202
193812
398402
228523
429371
109475
202173
158578
342623
362180
330733
392434
229035
341792
233902
440909
270923
206438
436608
389983
199317
364608
344596
437085
246468
368716
404486
238824
433753
115842
217157
147829
252161
264218
434998
322294
271879
140659
446953
285158
350562
131146
424052
203572
107788
219757
230643
360922
424944
264706
244052
335548
258901
150336
360862
110366
450776
223261
187457
407871
262946
354968
243415
207467
219972
271506
168463
188047
407009
273659
329619
128422
373708
434526
391084
394768
305948
216836
383711
157669
306559
341567
209472
184506
144303
110873
390906
380951
302262
261096
114536
149497
140509
366822
179423
183029
390960
431118
358578
154485
317918
399764
386896
139524
267701
176002
290870
377014
441962
266917
242903
151287
158405
106622
278658
110415
355882
317109
447352
412340
125741
451974
204018
105901
420965
183083
313420
335304
152049
300378
105697
295844
305859
318136
239802
195093
375540
257555
426514
264413
170554
264730
187790
116887
289866
116809
180922
385748
261030
247939
161828
197220
123692
268811
440420
182561
209438
425422
260839
361174
250087
381613
258161
277542
332380
205634
283367
266063
283851
367282
122524
234558
129139
254227
302890
204367
286336
130579
439916
138657
351781
399848
413873
362059
407234
285362
314920
325507
438945
284693
419074
235615
155166
172154
451625
199689
410232
301726
238466
423127
145163
418385
249014
389598
353149
163456
248884
153431
284514
165731
332136
274692
342219
399436
288987
368786
388982
349896
264725
152235
321517
319442
396632
226821
186562
261453
156586
243553
157749
232454
302740
249618
303655
434839
123661
311216
245997
254557
219818
260168
224314
286293
277539
109629
308563
100326
417726
273714
263146
241145
424172
322964
361344
435338
423657
209903
150470
434734
165187
330551
353156
220885
389452
186272
411562
243347
358692
100269
166098
176874
264757
118832
145357
152854
216443
240033
344661
306085
101924
179744
271283
200509
364111
365535
379682
224866
325463
257423
110654
418497
350158
310612
158899
427213
287078
135832
354992
289681
242051
314668
218726
293803
351540
110291
187946
100838
322139
441495
231331
414495
257347
110476
426942
333329
175060
249050
139863
316722
261074
288710
117262
301092
410109
354116
326379
327378
228635
131330
132697
248779
218770
237461
209783
449187
328574
325871
223397
372340
324398
429988
251491
403334
442211
112074
290268
239095
286385
286970
255836
341712
311133
125173
285560
172981
336877
255624
124471
126810
355897
431922
444363
219456
248692
361468
347751
428798
199762
136351
159916
413382
450874
230319
122406
290776
249104
280670
110374
435198
278350
232097
155869
344389
432844
100634
140003
250238
117697
451843
348196
340273
425238
157161
277901
422989
281293
249037
110132
287505
142520
159970
361562
453447
321326
331226
402786
377124
439246
382119
378805
282608
443021
387320
125296
184806
190464
257945
302001
174111
198958
128620
281821
394503
322943
321977
165248
439946
217261
337709
413988
213902
283967
236544
365620
375899
228966
194800
256520
203763
323702
394793
215960
352318
312398
152241
341852
413782
253626
258874
156178
320497
355861
399502
342908
387710
239414
204792
276738
279168
126854
201151
195195
366551
253359
342903
159138
234747
393230
166865
365147
198526
325333
370559
126257
120662
158904
137302
435645
219681
389916
207326
432701
103069
195490
295359
239874
412315
372366
106257
295548
131380
262602
361037
197446
299267
424057
189475
389801
136401
440515
310643
384010
365933
443604
175243
375954
326800
416004
242780
282610
350549
398905
175966
248074
428570
227786
334883
311566
260861
149844
390763
390043
233616
219829
436946
429573
419284
300234
372620
256999
136055
429922
393122
128869
137330
418681
327380
416642
154810
245197
204248
137019
251657
115227
419706
227240
207640
301917
214471
256800
428123
181725
232214
118625
370612
432063
228454
312150
229495
361650
308848
216581
429639
413399
393044
177245
394770
184147
195237
265554
439262
434105
272766
379306
307656
268288
235670
429865
419894
338562
409842
245583
180211
184753
155615
312454
310149
411257
325004
347704
206390
376888
231366
410050
114530
439269
333367
425058
364752
423812
393800
434305
447552
183319
203609
444156
181227
369635
142026
234292
100844
226753
416943
111046
291700
222792
287432
170399
440844
150629
284724
227244
386687
141661
401293
252408
211552
188805
334672
327526
328494
394070
231287
186691
420442
343861
353408
396521
327711
325351
277405
107669
103136
451393
359555
259659
127439
333318
186512
198586
433887
254361
316359
350302
358515
194886
111092
394780
386993
166502
273145
213761
262212
158473
161809
340441
238352
219522
300713
253789
143049
162061
346279
175502
136562
235108
355623
412375
445733
410655
367779
427332
385864
230095
154528
195682
455198
183500
232970
276878
246865
319411
215467
211817
399335
386474
247542
204810
329906
122986
434278
188806
243378
191795
253781
108452
308044
442999
406625
111974
425359
142769
159017
226967
106589
233848
355113
250715
192321
254624
299338
420041
292723
109494
224580
321904
276656
388305
393866
441756
340973
415398
437780
278051
312964
322308
363714
264009
217037
137141
244297
455665
226215
262199
250168
239032
418176
255116
254991
406772
153128
302619
454484
430069
281000
416341
341976
447749
346868
280260
219104
454914
405075
254175
306170
448715
172810
147448
311377
249498
442601
387328
326408
281830
408473
145959
292129
358146
413825
450313
133707
378741
366527
185613
238175
232013
211432
444145
402059
382659
436795
268991
438376
332230
374944
243804
238920
356228
178195
288385
271350
342094
236164
114665
444535
269040
339898
219662
207120
263384
328921
430511
415321
394194
118629
174731
234883
190370
232448
293484
214029
413154
328146
374036
350388
111117
113437
334776
131230
453839
323447
328373
438104
208525
392490
424385
234652
316333
213699
316875
228024
324195
270525
241580
206512
226278
178940
306058
173681
389050
135861
438391
399488
172148
185905
218533
389017
431050
323175
172375
371184
122172
437400
208904
445664
259011
370759
441068
339717
199758
293109
317262
395766
189713
119902
305608
416493
420139
142096
324478
342954
170089
392767
234252
406829
144942
203140
272549
157167
150513
348645
143179
265120
173938
352957
112890
290017
231213
208729
259936
303745
306754
287663
432723
221167
366801
180561
274879
347778
118488
301839
130031
183327
233414
335034
378593
225398
406412
345462
419996
130288
259606
341517
251283
421820
185097
171609
269951
104209
232921
443787
336369
272839
419872
448627
421389
315796
289661
429720
321554
343509
228623
421092
335201
430141
434082
162593
342763
253226
245397
388885
355797
284330
178090
217934
107195
389766
191216
178266
165318
119957
331072
261295
222077
163545
399553
425305
109528
371315
394577
101112
372560
311320
213176
173699
222272
380961
355272
444198
435847
294367
301879
194742
236738
339576
412927
180016
394660
184427
288865
440648
329151
297841
379632
354574
170628
168659
110678
147028
406180
432519
369226
309438
179029
362553
280987
232548
291884
105033
189983
294747
235339
410541
113389
342922
327599
419670
221690
304001
380265
333714
428560
424902
404824
118206
414099
445400
431115
422783
375914
305262
169096
357178
201636
395329
143208
374248
333751
443140
344574
206618
262927
364708
345911
400641
148259
315197
322882
367448
334550
107155
260209
445782
157833
281898
162996
293730
189619
439798
332903
269327
448444
354888
262003
426969
233573
291405
140092
426415
107191
446848
330972
191331
421633
182454
302272
306737
188984
228146
145267
247996
162581
192083
162530
261636
442844
295732
321395
225458
176488
233728
151044
121845
393643
109419
119687
298045
406535
148037
185104
217834
444135
205536
159177
224295
131225
217922
112247
254758
257059
402514
193743
226935
164416
421881
119640
369118
136405
369644
316873
252436
129452
211283
310175
278062
374329
296305
451779
108258
139033
205317
279738
214784
139751
133680
345311
110574
263687
321104
373144
175918
267367
202942
102275
229983
379801
122464
387732
313854
146207
367045
263838
285820
291743
309105
316790
184565
239878
213652
415803
186559
252977
280073
278669
344943
341500
398607
376851
203942
442352
101914
102531
211678
187965
142702
199644
161776
192748
416800
167221
214618
422730
124842
275535
312924
317999
143569
266013
412968
430093
373655
254867
449065
279269
100650
395656
254687
298466
200643
446021
313654
351224
101070
397942
226743
112327
321611
284938
173843
293919
361384
369656
216986
331013
311389
106254
322145
322745
433807
253256
202919
243507
133116
251290
298418
240611
314924
111417
308813
347345
174817
259910
443453
439429
116810
290651
147508
233420
329259
186118
123769
453472
221810
184639
177773
259191
349160
156482
385160
418418
156359
278504
268636
252409
393338
361484
256399
234514
277631
256953
337383
185361
211906
400074
138515
161648
422757
366316
209509
113441
355652
279344
445715
354466
177945
342538
316401
274676
196167
199838
251814
317782
321290
348046
212195
223443
236382
230980
362939
219268
455954
233465
110819
416468
373676
211968
447130
332394
190799
281481
315082
383650
337263
384813
378175
345378
325977
397934
136756
154802
306780
377438
220553
421275
219857
318365
323460
115664
365745
174799
248123
267409
150288
261158
418538
266691
123481
103423
290420
397409
308437
387432
193571
310133
132520
142823
335847
395690
378804
143799
391709
324775
105944
333095
237742
439401
424935
375199
370942
279514
211538
187016
327563
369228
210119
235502
363332
378904
133519
441553
408140
169922
438234
134340
348198
107708
419605
345801
380472
349999
346813
317807
267846
446903
291684
133135
319470
432179
340230
254332
383844
282707
357729
291374
420133
233715
137197
322575
127253
163914
402413
217372
263982
136304
258324
110508
419597
282967
350232
189495
106847
151705
127408
273991
298755
103017
357040
166620
173025
440157
299617
133155
384616
334314
437958
437600
449990
210346
125013
164988
119073
288449
163178
370001
423491
181493
178696
406984
352574
223800
227838
292209
223746
280645
142695
361442
362842
369389
165088
225356
173672
285799
311852
440284
449584
325407
226878
254297
422569
132099
176899
305167
126944
428381
372952
255940
292083
219254
292478
215075
164743
173463
147977
294283
391978
262923
115879
238043
211842
379791
359025
123487
445486
314565
323564
175785
312165
110577
139759
124541
230729
103055
195221
269359
226817
446520
400984
282054
221831
419614
308151
199395
143637
156886
199035
236114
342179
269325
127521
296629
392043
320174
387239
383823
384620
384473
281746
403148
347295
236088
267442
436253
422824
173516
236265
407187
361359
130232
412334
312457
269097
446250
320051
215373
270359
124211
399880
408313
352184
388874
255708
307490
449073
225155
453719
182811
126040
330669
428400
148848
115994
186680
107716
121291
160477
337937
163720
160495
197373
452378
366647
160311
355429
164137
130026
244374
189802
441259
437620
355936
350092
387161
192250
275196
265176
317295
437782
356313
373100
453787
153631
132196
239403
232143
435907
319328
105410
271817
309943
169843
306781
239208
217818
304697
316102
179999
109793
202244
392791
441845
227095
119872
186941
177793
245649
276083
284704
229308
221091
284542
253599
322125
360117
160912
266645
171500
250978
128808
204302
230129
419663
116330
166527
399687
101127
359573
360866
126858
342231
159497
143009
158970
200880
174370
362538
391000
229092
174724
249138
419528
266778
266985
428662
433465
435427
137115
410574
344305
296879
163359
325559
250385
336640
270478
320893
154183
243422
441496
303851
278546
278494
325143
383882
318889
167496
212010
178277
329699
443523
454803
301959
389524
224780
409888
421159
327538
196923
383228
301793
278574
429730
368958
142862
399415
204347
308367
306196
427230
389332
418429
385654
195499
430733
230609
106466
449031
220912
285107
414300
260141
292036
272429
208568
441806
398957
102646
339080
191620
365195
386702
356272
239590
290767
337349
299245
263583
107493
166408
244771
196806
328301
101463
216123
282523
251925
219242
217896
139094
237504
168641
254505
138864
231187
219299
116792
420096
386466
160590
141442
353893
234424
234212
386067
340481
157700
439023
417908
347520
178244
305955
260689
334410
196725
362724
224603
260787
349217
350105
266966
348618
435994
333511
153309
445088
409329
263439
285503
119201
324245
393583
429917
139210
273453
108152
316949
392262
203453
347567
389699
308400
116061
108133
111591
175449
122335
252394
185372
101492
289322
225272
361921
372009
157063
183094
264629
376864
437072
175165
226727
328613
333148
205468
381958
384084
146930
357923
377612
203467
304127
407372
114252
363594
177278
236909
160846
212394
417978
175328
337213
246719
249051
155175
156899
454253
136954
336058
205270
424065
185437
159309
293921
409721
430470
262735
263274
232595
438110
363099
387700
117386
407701
341402
117197
247096
142593
136196
371610
352790
132515
115976
350793
191155
358616
352509
205481
429133
247471
217105
321729
191136
252138
273748
241803
447827
223828
197798
288894
380454
357664
363304
280487
382838
212365
179143
393619
241884
365331
133076
438491
366665
212285
296574
169807
172306
419366
112043
280476
244337
323467
443341
428927
249599
383223
275035
434853
407649
327067
429152
246261
176274
143888
179439
160163
379245
144985
151926
240598
240682
178274
139450
400060
219674
288024
197909
448396
214747
104950
106432
403200
134681
155571
304550
395781
370576
404255
402011
373950
325071
354915
213532
398946
369499
395323
254703
322620
414525
374513
289282
228484
159377
263382
185413
304963
209818
398514
