345380
206473
361798
332331
394163
352124
153177
214101
279864
212680
125941
360568
195156
450442
426478
324985
275241
365950
342717
105409
241328
375746
408372
390506
178877
239666
332105
384511
279749
434944
318911
329620
138163
144059
163846
250332
409952
205971
385533
319945
275074
311964
256586
348586
376763
211433
166211
450043
407912
121222
202961
117907
302755
442808
164135
338267
242206
327746
226723
248412
195056
334887
252393
347320
406746
222860
330960
102670
207505
190595
440454
432006
198679
173068
449386
450839
365124
317919
439425
344206
215570
326632
127053
434067
152387
393595
422579
173945
260499
327319
242980
337384
230836
156809
318728
306451
177765
436702
246241
409231
173577
283423
173910
221290
230711
187735
217879
187277
309841
221778
397899
145210
378873
378237
316869
313476
248100
336481
425495
342671
325533
316450
424310
275512
344066
335641
352414
184939
339829
219742
254124
414523
439184
338778
351044
254851
281029
278928
331634
341689
279637
355586
362460
210725
377395
402637
180914
215899
371628
107855
401361
452415
222612
146071
318823
265155
252659
375484
431451
269047
327070
145873
351730
146339
231623
359696
166862
171282
202182
360337
111637
370789
142129
421579
334747
355285
132301
279780
276000
412620
113162
291494
193348
300960
196353
363335
116805
144535
388721
368807
149535
177500
233008
232975
281034
339044
109074
332970
450892
366534
188058
140956
102843
112094
134457
159542
173613
375391
428001
415970
109172
413418
421204
201565
427280
376625
382071
121699
391454
141477
311591
156851
107052
323829
290054
216292
218672
230884
269551
309240
377793
443455
228311
107983
158759
317045
326059
417170
161092
208012
162774
362051
383339
292811
246686
455350
335575
182359
227047
362519
297295
377800
124828
177912
258404
280534
132813
160344
438134
110370
319621
251887
174834
113157
151212
257515
298589
282563
332558
268285
271041
138594
279093
272823
287795
271428
256085
403756
398392
122546
411176
442941
425998
235163
290847
436759
209541
447687
308036
243944
345997
213445
296525
436424
269806
402706
385374
440152
427479
331814
194991
429387
404136
186306
222319
115610
111676
175920
198301
187916
376861
181046
203866
338658
454785
349040
353143
336371
373449
183246
360918
426632
456067
371646
118764
123043
391171
422203
243285
438142
118140
257919
234988
261615
199627
214112
244549
243142
274339
445136
395797
442297
447212
289760
182983
132199
414195
372176
274250
255655
219462
249433
312274
311681
132538
283246
382034
344781
401642
397469
179388
175900
430746
215424
370187
189899
166358
192944
166124
118869
137427
333090
382253
380417
173093
374232
349701
405859
255379
135000
271376
270841
161870
452848
361233
435883
422492
319884
317245
427167
155477
284171
383079
266723
240792
267991
113946
331671
184062
183875
152341
126216
324926
247860
356758
209600
138466
264894
143130
378817
154638
227988
168173
412691
337588
146529
269407
170746
318321
169270
391277
360547
151990
125207
361006
325558
158398
390197
177355
107892
213237
356339
160794
170240
358820
264066
237979
431489
189510
185478
226761
250263
122792
366086
175299
144281
340100
106989
291792
157846
222810
446421
177969
432337
101766
356962
400145
260522
249675
261444
214442
182130
318604
337376
436601
396243
166181
146595
443036
234508
265531
226705
308790
157448
329004
204798
140985
258103
223009
327724
377632
452761
343713
220892
372096
270857
333592
244755
307737
409794
249437
183971
115732
189231
267052
110823
134024
257281
272142
433001
243400
428265
213730
139119
375343
168849
136460
327152
339355
336614
275880
435780
226287
374191
191294
131640
176041
411253
302746
427328
150847
429309
320151
214565
115160
442978
430534
364742
252377
340118
182335
408323
182906
437362
291296
189720
168312
119355
308955
105666
177645
454068
152515
316038
184889
297969
402199
211126
399030
339542
440435
171073
335884
258854
239361
202358
273357
384232
398803
395610
331570
321132
274753
250524
317106
285057
239621
363685
266101
310621
261391
307909
375457
446285
331392
151078
388689
145352
224292
234113
215129
425724
322808
181990
429486
187368
199004
428277
350069
230639
198631
373200
150334
326810
256788
151026
425153
424802
153851
287021
102349
214365
424024
341202
171688
436217
407231
123420
303566
340282
168474
286478
299714
431513
413235
184129
251541
196720
312561
294351
176115
348377
134182
353429
114966
440250
205030
241343
293101
302121
287409
282123
164742
179378
282529
320705
345701
187963
309862
142985
140907
256792
243370
137850
417032
317202
106133
196282
103098
276784
115506
272917
327944
322530
103510
338069
241909
315505
388282
330339
255164
378737
305927
422217
283268
186343
382350
437272
106348
302573
108648
322118
157231
117819
390943
102959
412752
188426
449125
145277
103543
109195
199063
181877
313575
147100
182488
169126
418751
323385
451899
226628
262129
191245
440061
168439
129018
373127
321672
222708
181025
288777
352880
101673
206865
109267
240705
402510
252343
294648
236381
372443
243033
431829
192503
397526
315950
258511
148908
144564
425318
211058
300024
335049
294210
287408
106601
223664
149818
443624
198213
455117
364207
225420
170079
108636
396564
110704
384993
210289
441862
153996
430152
326132
179394
165344
219196
194618
301498
349532
147658
378439
214106
267933
453304
314162
389740
180065
151314
327372
412984
251391
249815
326137
443429
332725
161779
248837
255577
180831
173258
106744
334538
161157
185776
118113
285706
135046
289449
430712
394973
242046
452600
288309
100130
149553
230176
235997
285616
349470
202838
188110
448684
212148
378029
230194
164347
286351
355215
427806
214285
240687
352073
358135
153246
454624
166428
366871
109542
214676
157427
292241
195615
350788
411818
437476
305193
422898
434992
428113
351765
205190
173279
363167
375613
138024
293772
224131
134100
381985
291400
115303
434803
170971
250620
425331
171150
441195
312683
171108
219956
173545
378376
322581
414905
413289
303131
420751
112812
404553
284942
430601
144187
117751
346310
261017
321811
384241
175841
232484
123746
164779
352155
280320
344952
446297
287740
156054
417106
306369
441521
213360
218140
153974
103068
187404
134662
240018
151384
191833
325823
188428
119943
302326
406018
280063
282588
130770
361180
289837
174979
143446
152126
419327
383462
368812
133634
428465
414232
210256
416573
124059
330751
295807
319913
453531
403745
433562
320367
381015
119078
118298
278581
289911
259241
251510
350689
355694
173639
143141
274580
377613
247022
246020
205459
255856
138552
454596
183634
216372
204754
394871
387660
301254
277883
220075
421916
304221
312320
252316
144455
221537
216797
264390
397050
402435
420126
234656
122774
450098
264282
336612
258323
161542
261417
185761
356225
125821
342009
202405
211618
183671
273162
304499
231155
333640
264518
332142
137814
103002
161541
170096
239947
206758
401985
220858
324117
291483
329225
196688
189934
338545
122270
315904
153317
186147
142389
219433
327390
415909
340731
419809
137681
175399
373979
409392
302884
254247
431528
188320
237178
305471
255258
249619
152347
362437
146701
338764
127245
425937
254726
381703
293247
303311
288878
417147
276326
355165
309434
178875
181146
158541
362401
102311
392366
451598
145612
126986
439702
354794
413056
168605
304841
262858
142483
110274
204462
340418
438794
258481
441198
330705
121306
156144
332950
346991
292901
370116
321060
354556
374213
323392
451780
327000
418879
368773
312753
335718
257554
117337
195934
259794
226755
252732
294616
230627
161622
281063
120197
157762
389307
155956
292265
133801
294119
258688
205470
379554
165328
238390
288952
300311
282749
103264
208990
170648
149670
287849
325575
362713
364168
353004
376587
449359
297492
401698
256859
150544
336702
245518
252890
112929
147646
281090
418140
442865
232538
332134
396163
144271
445582
285654
177713
404877
124104
326075
206160
199049
414917
304767
362366
293236
324807
135088
123340
251456
186270
327006
298734
232419
152471
270860
382928
318824
262506
151256
439629
180212
294533
279511
342580
310449
203670
362324
272724
101420
243810
321857
361325
363738
276646
345317
403190
280307
303291
391087
219172
108578
399607
282901
267811
454465
147057
440550
196409
362006
393887
120294
415555
341627
340684
309565
183161
347246
225056
388070
385433
143107
121127
179976
450679
297187
369085
342731
312416
181027
137245
222361
315107
109945
339506
114928
401265
146160
267944
214259
259075
137282
311502
375514
237982
158373
275322
107552
203524
400717
301316
339732
199853
145217
253184
231746
231566
112462
151557
200963
130787
356921
246523
344834
263814
388038
455070
330202
450484
279349
437824
411465
321261
374836
246859
273783
404455
234762
432683
100355
382291
401678
114702
147988
120626
374490
124865
337882
206344
174106
451021
321641
139860
325055
124978
416382
290488
382727
411088
203356
366958
198269
107518
176221
332851
179174
150048
173979
194417
182505
435456
311422
391624
372499
133102
146777
265149
336968
315455
180565
206980
364066
398052
276427
429965
161599
363753
378548
153402
210459
341254
428383
275385
111684
361273
254416
211220
303901
429855
285009
301466
259289
218880
161583
409565
264355
316420
127296
115826
396083
258694
189153
248953
140959
427266
234722
319629
188311
440111
365470
212138
342273
123996
259651
432933
323223
317643
327472
370290
132544
129000
315409
294649
256592
394863
173801
446796
201217
403002
207657
282866
454677
393161
113594
401255
184014
257016
400683
190187
177675
216246
259747
289879
256734
276792
268571
233231
104190
228310
272855
177914
422104
216767
176185
114174
104938
129735
445724
249524
394039
223413
318717
183819
136334
126439
160346
101564
115960
327039
284684
406196
268965
418107
429213
428782
330797
326725
181377
431478
350514
203278
152671
436834
256518
242405
170032
202109
108959
335268
386667
418944
257095
407810
264448
130803
450250
247107
125879
418234
368123
348557
126192
274434
333963
407956
367571
392141
186818
151034
226020
370442
267929
447418
347786
257595
234616
296470
251355
222639
393455
266521
348815
177266
137876
290425
105286
363259
449328
208885
305925
130743
149148
408397
145949
348581
292795
206733
371987
394713
424170
165329
433521
342545
337394
355924
387187
169419
209515
105806
134723
440963
437981
254319
410128
165664
278503
132799
136554
307966
289059
135087
157103
186087
111114
100239
114802
155023
387998
443849
144505
233665
208497
414746
151282
175057
285647
150582
306762
235628
331617
432216
438086
412148
233330
145566
390062
269968
107185
164827
407294
106072
113718
315419
423866
387332
148651
322017
255582
447807
113044
289942
126251
241945
407709
126460
239902
212412
242702
366804
302769
120751
350223
179434
142582
233939
351314
357400
215471
158363
165255
145637
413800
243107
117891
170744
116870
202827
373705
276463
299380
379792
263843
223504
276194
402320
228559
334044
100119
376117
279329
272153
197380
354163
280562
394135
398084
162255
249490
242240
246427
119163
144737
411522
396689
317082
116721
142260
238428
113687
258086
217678
179066
100373
244494
216060
110714
197289
383977
124969
157579
168451
189069
298606
238797
293943
355690
156071
114636
373949
400126
233236
414441
385050
413583
419533
385579
103811
313399
407872
164797
152624
234667
204922
423466
228225
311147
371055
315372
431406
158775
118235
234476
220067
109747
254574
113284
439715
151932
187810
440686
299415
166075
240793
354453
344045
428639
328700
184796
381304
182249
426655
230570
188514
231275
136892
123468
276077
247252
362057
440328
352206
199805
233801
445502
263773
253448
343058
209948
259049
314447
306684
401676
405342
441376
287388
151765
153989
419494
125645
358751
263965
116257
137916
229961
363037
258285
181688
436819
240790
293828
121985
147624
435065
402527
185014
247318
113813
276677
204336
267087
210799
361504
117794
311641
153216
331150
164204
200251
265729
366287
303710
380043
145927
456136
323939
445657
232568
426071
142416
270724
362658
419417
181787
151893
353266
304298
449709
179953
346175
338155
377907
337196
225421
213925
268196
327453
161591
360690
310041
265972
299811
408532
220637
176130
137420
428909
268058
112652
120692
435505
250111
234805
166911
414471
194245
209259
258670
162743
429993
376120
293185
158386
219316
381357
223619
412880
243883
242830
152781
308438
372062
290155
424818
408729
111288
181412
437135
374924
359426
151880
443337
377351
299195
442362
106673
455740
275664
200541
128584
186358
359878
391651
199541
446687
225667
401483
342134
343753
233266
220152
226350
141920
101646
454008
352502
346640
329222
387761
429057
122485
160888
109055
357966
402503
235265
229310
305868
141364
101502
265496
138300
415965
289768
275485
450686
431482
248713
392577
295170
313942
438193
400769
196591
406331
337863
328609
431679
449267
135759
382316
435038
362288
247273
297055
334906
308522
377459
172225
454018
138005
170948
443041
319606
133545
318472
202291
138619
453156
326097
140365
425234
240078
256906
184902
114458
161358
117963
131430
180949
346755
314325
230664
398015
185743
376188
252905
224730
341710
389650
376164
231963
371601
355064
435938
203988
387488
169979
129080
105953
194498
324357
419297
170677
237736
198678
257604
200288
128913
194930
114982
156832
251947
390100
346877
269651
386562
229359
397248
211289
285379
311234
342381
324350
366813
424616
397200
160064
113043
287749
294305
327292
281670
313875
273872
121662
302567
215750
103463
133513
133023
156845
116358
416338
161172
207509
312066
455433
107687
391019
313990
418156
171016
357356
270912
399096
178572
429783
168858
143794
114277
209477
345535
293280
415316
162651
184631
228760
408057
181016
286344
367842
175318
196207
262089
201132
447573
237801
336836
229716
348224
102787
241072
211952
425991
171315
225980
254354
425708
191913
137946
191456
446948
364287
408607
209750
404143
313232
135209
364926
408889
449251
194873
191578
443417
148398
202276
448671
415391
170021
125392
414159
328787
187467
148011
114093
255788
313091
414168
196356
270088
301257
289918
147890
242738
375770
332817
365097
260186
145029
391009
291680
432665
251995
191026
183181
144967
292884
324304
311462
396733
129927
122290
381051
400405
268485
302201
422785
224299
172379
286145
244333
409946
367014
445553
323542
372905
141516
181852
235267
376554
180781
273025
213562
321657
163508
246333
233663
183201
394752
357071
287210
240676
171714
196540
232276
213918
351923
341786
454832
400758
219656
233376
268113
174364
120529
326341
334468
249364
430190
349262
218316
321883
366117
209816
277523
278758
106829
302304
342678
416784
401189
120064
336844
110910
117368
411066
164541
221301
276655
108837
423166
114891
124771
198361
412446
277890
303996
369834
251564
393289
143905
174454
314716
387167
452538
425532
149749
235807
221587
267667
427802
319287
168397
376190
279019
368168
397738
130985
432523
418239
381547
230286
448322
411350
152069
439247
106776
246943
167100
248291
225900
206789
239968
127315
221619
161246
395530
215450
185983
240072
439806
192458
421818
433585
179214
404782
255237
398495
360739
378024
349976
174958
445674
420315
279866
106370
316203
353102
283566
267699
410105
417653
134864
255335
354560
161110
269048
360747
164936
291026
182607
418361
158001
298006
192323
101495
303713
297293
108776
323742
267306
394710
454401
213624
261315
259877
187505
251621
260196
225123
269781
251041
133526
177148
369122
345414
384605
128081
282704
188753
315732
424910
275601
402494
238629
141229
391932
448595
414145
249757
207977
163671
423446
346297
144569
303723
117027
342445
143891
280615
148779
232780
270501
417541
256082
253013
202718
378264
193418
257751
290787
255542
413063
106007
119358
231948
267206
162336
414670
304819
342384
394820
453281
123100
240529
138713
105042
316202
105992
423858
238159
453450
279596
167194
182605
203360
410764
140738
395111
287596
102875
289583
146271
397207
302338
127779
138802
289646
344810
115419
202249
222848
148535
181536
426518
443944
370780
296972
321522
342572
334967
158110
209203
420466
117673
339068
122735
269801
167931
363207
129531
229249
274436
201562
247692
428577
308767
135321
119766
322869
157887
439393
137565
126982
137621
438726
140933
163811
445039
304849
357802
319804
431353
198081
306362
180292
122269
409735
379461
158792
318626
453017
332862
208381
132551
162990
418112
255071
237505
454921
321682
325046
251939
160124
340622
184317
289210
106165
221178
240884
322066
417021
306477
130313
454270
230723
156166
193068
326614
375926
138058
267168
186861
276102
119139
157388
231197
443912
284213
339508
218131
158359
399386
390839
411472
124707
145703
290026
202932
125079
228849
363026
456133
334271
294817
337220
226407
412947
438174
171693
408150
372567
143454
304309
131934
103166
439513
290894
392084
191069
419203
383901
265865
433310
385158
388001
186904
287163
433383
141934
429092
309151
294871
155544
131893
174736
280933
384390
187878
330080
178411
420188
263845
332374
140709
137608
335433
345243
271835
423006
384036
322548
430857
147881
421668
270259
221126
224449
182416
413677
201694
147226
375543
246536
214308
304320
306149
236819
333099
221033
181921
354291
192357
323790
119684
141695
168067
191154
145397
197807
338091
281267
234821
434277
402252
404522
132088
333239
137713
305099
227946
141885
362619
393026
359047
422684
252132
325943
411666
384465
291966
271300
325448
100192
254216
160404
211494
132360
419587
341928
318078
227383
327397
427533
216277
388165
193656
355409
114083
287440
176598
181454
146936
431092
447780
246125
118405
332001
324306
245680
144731
144376
204077
162705
184891
115120
110373
438540
319092
167620
385594
199517
194685
256756
437436
428370
272254
397535
222897
342106
253165
110702
135595
400024
404673
179862
432533
418216
408297
124941
235448
121173
404044
330043
180677
256474
378405
407822
197946
361701
155899
115830
209357
126990
348981
377301
411652
131128
400455
404972
116090
413062
233903
270377
114624
369646
192369
182552
238490
447662
203534
298189
119574
314925
164390
330031
127965
298709
455525
233345
267124
140625
280641
238582
397233
249882
238215
344741
138133
100839
198113
310317
289514
343161
167605
232114
202314
421019
342225
147592
441813
169994
276075
104517
373654
303154
325704
325996
325895
184065
433434
174291
319737
132181
114220
228377
239772
337290
288504
276628
196260
221062
165099
215215
239847
265211
418320
189210
204053
123421
214198
428322
134472
356780
245545
448867
217385
216980
296808
292920
191547
193785
117115
405629
309576
440075
400475
238162
197339
293343
400777
370054
115241
252396
186088
228724
186194
111692
252110
157213
215169
395551
179321
371054
163393
390318
371813
260195
157135
277907
336334
405569
304562
111181
434525
162396
419459
118374
318638
392541
248732
341839
210980
355491
103994
115678
395659
440198
207302
142437
317540
205645
412806
317387
410850
393462
448800
447375
394543
272542
280872
149508
277892
237600
220894
293151
233418
121620
286200
211137
189384
335667
448363
249905
252824
364745
100410
427741
129450
380374
217667
415180
240247
413306
190040
302891
316835
139078
380771
349383
292004
127003
422420
199794
213397
143439
325176
270076
378704
302708
418726
415365
129385
415979
112653
139608
229952
302014
263202
137677
277533
209724
162886
190350
240045
347076
337489
175632
247565
135799
416462
225274
100398
161971
306295
361457
108129
350510
167539
112362
360223
237425
212868
325636
186748
450615
340518
146468
421625
448529
209036
207588
347309
172629
193391
426527
416391
424963
449901
286113
279115
301366
360849
355060
260779
226286
399341
212276
271219
167202
419847
115294
390312
115971
337407
287933
401572
417959
148092
201245
233380
245134
320324
148430
396042
401735
176159
255262
451631
417274
336554
187819
141253
309191
208677
292245
270110
254666
291136
155079
339982
119284
189869
335338
357512
441180
406335
266425
384381
332383
266980
218277
416501
366449
139969
441600
368459
313314
329293
226462
299689
134541
251704
455611
336166
399606
399984
123783
263776
101162
335781
142858
183843
351515
446467
293222
315519
132365
400266
154664
421785
239806
197753
127167
349917
279681
310862
386784
200400
417273
134826
308479
402128
287955
327643
446619
255304
275346
341366
140064
394825
175107
436259
375523
221174
333736
210890
300994
231870
104753
170667
446377
319820
175124
189457
310489
311382
234381
214010
274205
407281
188316
126687
369317
198471
198448
414932
244914
416979
273084
215819
298731
192910
208908
247631
129741
306364
333495
236658
208938
387089
375251
278369
307407
338739
218096
129341
447057
309252
363102
233443
375026
148305
128551
277287
448531
298243
253613
368119
204123
398612
259509
363393
410121
454028
273328
289131
399098
383919
274066
144961
420899
317905
232136
376364
321609
384314
315217
179503
312456
312889
240952
193868
176750
220164
284600
180960
222082
105713
165570
338706
267064
447885
179937
327492
361530
340898
329558
132948
133280
335064
402873
394014
394594
403016
395221
444282
109153
115525
199095
406437
177139
421542
214546
292413
177644
290417
235992
340891
226335
141916
129480
375834
287753
167758
248715
148186
218817
407821
214935
167487
231376
199709
373904
199331
232776
254075
320330
361153
309050
240584
263700
308283
265832
171954
137605
329187
391679
377997
280732
199294
171533
252987
172519
303411
113008
206507
412359
248262
299138
408180
323510
424044
314284
437170
184224
392137
450160
445529
166015
200381
352804
192600
114183
264345
392591
372074
178780
450521
131274
432363
321045
455225
101738
115133
232119
370448
268097
306189
125444
429884
435723
136612
419133
283027
114516
387989
116934
372974
186582
375658
215195
351387
387627
319157
147351
357501
346275
294850
289829
215411
272819
118635
121573
136527
334819
237941
125735
395540
165896
366864
417337
155689
313105
426529
219546
421532
219011
167816
231432
409370
212927
122520
130631
345786
452201
403413
363778
337013
265810
147274
239977
150296
272530
442466
111257
392381
448818
331298
440645
389261
123808
172277
420999
306750
182853
302726
240016
221022
303878
410344
269802
258556
417859
113579
325062
123712
436867
291576
383720
248423
283126
134682
128073
438837
270191
339241
374725
450315
338450
299876
332976
422705
242538
287592
114306
123731
348647
400389
396129
334925
207805
224057
367050
264192
184580
439580
381527
113540
423210
452957
450362
159180
373581
339088
170354
287030
388638
356232
287118
198330
399899
172979
321733
122753
271561
215482
187354
371238
203013
437331
176903
331562
214142
404139
118283
403773
160990
317872
332763
211898
450157
263242
359344
392948
168687
370508
390654
189920
270974
174345
131386
333079
274212
320611
319185
183339
455828
265455
124018
274990
372680
170025
278127
330519
285319
251461
231361
278142
403621
355130
191886
402620
204169
436090
451103
357272
290347
411276
302982
454711
276659
290971
135307
219550
258226
268891
252406
101930
308777
380054
397418
393387
212421
251462
440617
275175
314663
375111
358423
411297
290381
435089
227733
141825
175232
120018
428734
360713
432378
147950
334781
342766
325402
434041
447718
358812
273943
142356
232393
385779
275753
157099
306404
190433
344709
364342
381912
175777
348532
183252
308524
265040
362811
182113
186887
116004
117517
265151
258205
422037
206726
311782
243360
347593
193871
249945
315149
389327
424748
287997
306226
364215
403491
422199
113121
133535
126635
129746
304815
276620
294882
358717
419413
340777
103911
278621
385184
449950
148756
276929
447247
249167
339413
410928
109313
246360
232954
376699
226941
339243
260755
192798
360304
151781
109621
112131
282385
315601
281114
139257
396416
405117
143327
405109
100540
438957
253120
351706
354379
341269
266271
371159
388477
183210
371160
111931
292975
111497
328635
316129
297919
380416
112481
182180
329797
188952
215994
101538
296794
386877
155819
184628
433721
379543
295909
123266
219430
363517
438447
295731
135982
316548
256239
334578
193784
428693
196763
108140
179835
151473
278689
139330
116957
307059
158870
134893
338981
261849
250638
171008
383507
184597
149238
233875
434414
384194
189309
415211
424705
278090
358520
346235
225921
144223
421154
280309
226435
447342
301918
182743
209075
383591
360772
260379
190218
166939
436890
441330
437194
271749
165323
169434
305226
186417
385347
174947
408100
283924
247716
141513
361285
171756
392268
217893
373442
239392
233853
363203
255592
286592
101515
221850
130846
113377
424577
337649
188676
387477
259818
409924
360689
107694
360228
362292
258123
299225
245394
155521
170241
444275
143053
157344
322706
401153
454182
163270
266524
166915
268548
208789
265053
396658
309681
308123
211345
329405
184851
194583
181178
168924
330451
400337
220520
320588
383150
276381
298030
318395
361031
247212
117694
241750
346199
176434
433372
161217
238239
134257
297975
222025
274880
125206
294280
448076
392614
380681
229121
280129
437213
328391
275732
291192
258105
433428
388404
183920
280974
395687
186053
335208
320721
155764
448267
393313
346676
420981
210762
326191
366738
293346
187046
267785
128508
211376
187535
231379
145537
324301
406633
198756
311803
351622
128732
341625
263265
237968
360029
265102
356171
291355
193892
301511
166616
296496
147654
420746
102521
434172
268242
217894
356177
134526
275138
159664
308275
142555
269442
231728
310980
333567
311815
297964
271405
168872
163208
302729
283853
195827
410869
388807
330570
352861
132578
247454
215149
104705
117721
298339
240945
193257
440661
448708
195136
435947
147904
128224
387770
262336
358241
204908
337073
116405
453087
439307
144261
310527
265659
199559
283275
435779
296989
288209
406071
379419
225637
195698
407020
400826
186251
182518
159292
385059
189868
218454
100651
395192
318788
300683
274514
309186
436077
437959
188973
401929
315279
425235
271963
148093
115098
425510
176404
131439
334249
316507
415429
159714
314461
371602
317746
389145
253308
314302
374112
151657
444844
158428
374691
229857
433652
110086
234214
171968
211712
388041
100773
147053
302604
172901
153448
257753
169208
362606
407202
213219
200771
198947
387841
307258
276673
325367
226200
144952
428076
319315
219792
181754
355934
343066
372626
198126
241621
441925
195514
386469
434758
408704
436774
361298
104364
342209
409781
413573
304334
200102
414455
432281
389309
339469
371459
175725
136927
313543
270534
141672
121566
240757
356455
269401
133137
257714
451447
156514
186707
394484
446681
446985
403052
176464
455068
187526
331341
339547
337745
127342
411646
213615
245323
332016
227702
101540
343764
411688
173266
245898
290274
434934
189580
176995
351264
103822
427554
296460
301785
259413
333195
400628
221053
234200
440184
356109
413199
380765
359686
380311
278881
109498
122277
179359
443526
293290
430306
342285
205213
260312
166797
363402
228548
161565
420322
242781
140895
341991
152829
120792
139911
131837
438982
282818
180997
366637
289245
233332
380665
143354
209859
329228
308089
265195
148678
400737
307573
101166
324953
380362
117039
310868
445565
422106
166333
228820
352375
343271
408909
425170
264122
257033
334720
133470
289326
403441
357395
109403
392926
343130
420472
147897
336205
167791
160268
418979
192579
228026
399650
281120
340620
360649
353069
361283
443940
371449
120153
191139
135568
148279
353874
119973
408327
312293
316537
447478
132641
361312
178575
319963
360958
310129
431880
344695
331946
380266
434294
152018
285171
129861
334108
417293
136598
253823
334275
212615
241440
163879
116750
377535
348640
199518
119183
352743
370772
258474
289985
231126
272833
421812
192694
279674
280564
426400
286014
451548
422726
320264
302316
223351
241135
401317
115104
376136
182250
394501
165941
113080
441400
217390
213108
338546
432317
266987
411817
176544
227903
409030
113204
159259
168997
103523
268176
197221
369641
449474
371861
323851
150385
280790
105150
214063
398119
400467
344968
140228
420743
335661
249750
154317
233947
199034
176614
336072
133389
311528
206725
270634
310698
164965
319721
320696
120080
313295
165518
124714
134980
228350
417374
107536
400231
409067
171925
378727
366035
333656
288298
196633
167190
105687
186069
388941
153927
205945
372605
360270
199711
149432
400413
318458
139706
444926
157662
259781
223563
194063
279576
337892
160918
163555
317869
296829
148193
113698
309940
273745
421580
441214
284705
244668
309166
344940
182797
127663
323403
102094
150033
303737
448957
314963
369509
324770
113679
451467
369214
342484
204424
166744
450147
105624
203789
208717
310870
327541
241071
379646
456225
154913
429104
150940
218785
146558
251690
428496
144487
240927
133774
436145
291607
366372
330413
302558
393287
330077
277754
273772
173950
165293
224399
253670
145894
115315
153916
218585
323404
334915
370129
151698
377425
289444
196810
401783
201702
207487
234701
100892
439708
341411
181918
147355
211299
105485
327240
375985
104564
404457
318419
214490
365485
132997
263921
122968
234408
344526
360416
342132
210831
118702
372068
366764
414427
126702
127995
377262
314324
186659
179266
376601
275094
362217
302977
311592
156892
443053
237463
146967
429803
267571
342061
381706
295967
273785
302564
109822
239025
272695
419687
307957
441216
420675
310786
259183
321087
325130
306272
445703
292628
166786
270169
295578
117552
352774
191558
130097
455258
429695
129219
450325
298290
181177
356719
187889
368106
191187
355098
173600
174776
384152
272694
291163
230719
278801
422673
357482
226808
181246
157437
147580
106127
273263
195120
104707
111361
320299
185052
193495
178580
209777
194202
453866
412665
279014
241391
124664
271695
136087
338472
125350
446886
433489
412896
410319
235564
143048
418325
200454
442726
162087
365494
300843
390314
374517
167483
434636
176786
346894
377430
299058
244020
224451
381260
301594
283782
214455
259530
439463
169620
405288
444541
187321
346441
343108
282369
222866
443995
204549
186989
451595
215616
298803
177662
297784
237805
319466
264581
292230
175401
152639
371225
128730
333928
329257
204938
217012
295252
427010
280687
411967
151359
326829
303914
388094
260342
108889
433479
343890
452211
431239
453166
198827
292770
324523
415084
305953
420449
277382
321998
364994
436272
204912
104896
289675
266973
179157
149824
227406
110483
149880
359217
315909
454815
388180
281652
137243
162115
199908
207200
274761
431648
178546
186022
135576
321626
278401
406074
178978
113666
293854
344371
153688
372918
401423
223280
199090
190399
124657
376942
207421
320829
314113
338795
330021
348001
326082
274569
270256
264004
282919
312093
244474
174163
380605
171957
153674
445067
286532
121664
263880
230712
269002
332747
175797
306720
356143
290044
368998
261100
416174
394933
239133
390375
435028
236202
316024
164745
126179
134020
245140
109157
149527
242993
318575
370382
168258
108480
350143
134616
313408
416845
250476
152491
145010
249511
410310
264990
348111
283158
342652
249164
220550
103563
200559
143051
209215
291046
152238
251751
161601
366531
430900
172826
212932
244258
360749
397223
271116
301925
177723
363077
106128
128479
143580
308131
103333
205597
159448
370860
131642
199169
137319
379010
101937
179355
148202
452480
132298
456051
146681
211473
203707
431370
374012
166874
138666
130234
329703
259763
351900
265185
271840
143040
246291
309305
451202
304669
143984
174808
218544
158024
312485
198162
423093
205484
308541
403792
312789
256219
379965
313260
156613
436864
321263
369213
440010
405459
329171
382861
370650
326257
276663
249967
344467
311533
223426
128365
249178
148882
317382
269694
396843
428669
450912
248571
215397
316415
231188
108996
188145
191156
390900
150927
148469
256463
326348
168700
381312
362209
351130
194473
223004
320444
280323
204178
188869
226322
304317
395522
149551
316124
442242
451637
430811
121603
219010
169758
336523
201956
120402
366360
440871
144749
214961
195972
328870
252211
164915
330328
346366
358115
376219
174753
133618
369975
104806
119558
130247
365029
340531
411897
422652
381063
218816
408640
412786
205630
128386
284679
356838
442917
314140
143675
121231
427929
155071
240127
329743
363986
392787
160898
153025
386118
130132
213127
404383
259847
446718
334346
168606
126600
295806
260378
448576
412690
367586
406000
365360
166999
162301
164105
142045
417336
413643
425868
316968
255700
120815
123562
326236
415797
357360
382032
303289
195610
385341
107904
113567
402907
344566
172625
297655
422765
421748
116625
410402
195470
401782
294824
240965
380594
181568
455856
425640
254619
108874
407028
412189
218433
245538
209160
304868
215128
264801
214147
119363
205461
394234
355561
363912
269646
388113
347334
201039
251614
336093
380449
331002
371597
372954
273131
347200
139823
362018
169634
255341
112503
267788
237587
294725
240706
170219
104962
245739
336666
136024
280062
340670
331402
308638
246470
405495
215123
199250
438538
233806
366608
332723
365268
210305
311797
197742
342626
224909
254737
105662
249512
311735
408697
244180
181041
372801
438194
385926
228473
303206
277948
128804
173499
329402
365551
258861
176150
230080
332114
384094
315392
112222
369998
105140
271676
330319
410394
163919
166958
455616
308583
259989
139235
221834
314701
225275
349576
415198
131408
244332
424037
201361
317947
275497
196824
157084
423246
314800
226587
180772
435955
332822
316392
431085
231500
357643
124757
262122
420110
405086
202481
176372
186215
142343
151345
291927
199590
324815
238493
192906
347068
306336
132416
431208
159028
286879
341527
150319
354781
173954
193451
282511
222997
428167
422539
284402
263342
165501
201745
381983
424698
308571
276923
196187
410090
431530
453513
322304
241603
373974
253699
305724
104017
170071
145145
371599
344639
372611
345293
274582
415662
114678
165072
433171
256104
237948
134633
212574
309424
168267
291229
338611
372363
265034
315204
157707
424898
193380
326759
186222
212122
156004
184762
182475
151937
416933
138844
455724
190896
321072
311410
303617
319054
260448
250615
441707
258445
139147
102209
446516
149128
182114
395695
253121
207077
143147
206466
400944
144051
280960
368596
413571
101814
456157
455858
340791
263107
371201
449715
156692
334393
450213
432713
255819
213702
392361
239434
438591
218466
127949
174227
187792
330224
248081
281612
216476
375389
380524
170469
133995
291243
148211
196107
219643
264653
421737
424078
195059
278562
116791
265871
294956
434871
164275
366792
427778
101566
279438
161018
358037
341658
154649
244380
245920
251243
444099
179564
372158
120192
205033
255418
228631
446527
136478
218988
108246
268348
411866
168096
372024
128111
363313
197859
160776
441034
173228
176235
293110
424964
401810
315931
427189
437555
424808
379368
430501
230197
302375
106651
295222
169280
443942
202388
129252
141574
368997
164697
430444
146346
204243
431725
375510
152099
143937
216671
278955
375281
207507
243119
245122
376588
100124
449722
414773
454635
342108
372841
398316
315694
352177
406434
406334
317920
282882
448923
140692
194950
364294
420404
417938
364282
405949
311836
224476
156643
155953
150035
207288
192867
345914
217784
442099
247519
237830
388452
224390
406546
409096
233464
173661
247838
390304
354797
292026
244872
298648
345926
290390
385862
410492
187924
170287
158725
250456
269629
343987
449107
312805
251755
155056
442284
357507
358856
412233
378410
246095
349903
318977
158907
385856
443860
392147
372511
434021
271861
151431
248312
289415
255740
326665
320005
200822
185225
352866
101727
220131
174894
209797
141838
310000
143246
118517
266781
235705
284308
237363
360576
364604
304203
141018
371682
449175
164765
372635
380365
291935
290779
207209
123023
443911
171632
368649
327274
452972
345131
210082
419302
110852
372591
131894
177194
249189
228993
409378
120049
181533
437504
224247
295537
116705
320401
226764
363104
214160
238533
380759
303867
262723
104464
415340
257374
121084
194067
140914
407505
384223
114228
364795
343715
294467
190016
297291
188582
340915
144738
392744
333915
179039
140972
178481
215522
207627
122997
267719
310090
219683
293079
317430
344847
189831
369268
211149
271707
202586
397484
265736
236983
347820
165719
226690
212330
118593
365561
101606
450932
433586
447615
216584
440678
393581
239129
175419
147944
142903
354400
408859
154157
343913
237405
305124
419559
353420
392448
262082
125857
119819
407639
362023
455566
105444
282496
257032
430776
164225
188250
300231
143985
141321
289533
312070
178674
448501
137554
236254
399425
135983
445967
411795
141295
254507
181566
402299
403925
166992
325100
419641
375323
351793
189002
247536
340990
396524
286067
424504
171329
184466
334575
227378
288107
113240
365111
273577
223374
180411
447162
164826
443496
130112
176113
110120
355302
443465
414215
255514
223721
292877
165642
186067
280689
108137
258909
139733
351272
204892
434231
147042
306728
407359
324975
360892
407103
415590
337466
320531
245009
162213
426103
199974
243074
376192
420017
274231
203709
381348
254463
236208
138206
426261
366710
370143
129967
103853
204422
113014
187469
114088
450899
172756
232510
347466
302073
140570
356799
303224
310572
353975
380088
306001
190079
197635
231980
109148
277194
394650
175616
212230
449834
282883
218373
424468
426242
142346
392897
238661
439406
449811
157412
201523
322515
395514
444337
424794
446782
378088
188186
328421
263285
267772
306287
451195
286280
183269
137247
156946
112942
369029
417800
106637
318085
254912
368954
279249
346072
361280
227039
251227
445604
220526
123101
127088
388410
382248
196558
267554
291535
229679
164104
352513
280528
120728
239569
358575
326728
354125
181728
395458
344742
276452
344474
230943
372948
101335
394497
343447
389658
263063
367764
344344
351493
369770
152581
217752
130096
159194
296488
202810
205314
447501
380736
149542
102307
273055
307681
367054
142954
168172
389546
387733
103407
203818
234839
182703
350821
288124
101282
386396
419387
113981
369814
224212
200563
222129
100971
261663
145546
267812
158130
120608
349591
423296
304285
227544
327736
427987
336114
258509
435290
117309
438704
360406
257480
291079
412020
152498
433346
318922
160229
413125
137236
446828
229304
146851
203389
161221
237956
347724
204355
177598
377575
133925
226687
173131
290185
221748
378380
422888
259979
130213
192478
180357
328803
177531
344070
455185
177197
450247
143392
113051
327778
377002
453993
320169
111700
374415
255547
335162
190635
191830
232286
214426
264839
129092
118432
157750
345376
183185
219020
370318
382648
210506
171389
296901
129522
391793
279818
186463
137190
141676
301340
280162
239984
437714
106492
210975
365983
121336
247887
182934
162042
453757
304116
278822
263806
235959
234206
232946
137490
281046
227212
135287
263884
380593
124019
307719
277932
389928
429041
149646
352088
113517
142818
334202
428737
443468
248061
236459
132098
389322
354756
438669
123624
239512
100378
394949
399322
356692
180049
119508
394907
449231
374252
222607
436437
144846
165053
340124
382558
322777
153610
307774
326630
248793
244644
262558
144687
196050
236001
439428
221013
300878
165870
422597
431925
451363
287379
402319
232843
142425
165015
269783
227327
365517
420486
224629
107989
243512
116748
290859
253581
239601
426049
374740
389228
192850
194859
385540
271414
160221
172534
157878
427270
191829
387563
115855
335022
367718
179304
174447
266130
205032
382978
315776
327235
331424
261586
315127
272497
133542
362608
403895
105162
225597
355988
329194
151886
118433
351004
154632
203510
302788
127678
441043
184397
445159
236815
379216
409142
387809
379539
236542
183963
127256
402685
113954
213573
306371
259320
304694
285623
203147
199940
235610
358486
332610
448731
273717
191716
260454
390891
253636
441549
379032
147634
244038
352115
173631
383309
364466
312513
343759
156051
334496
390546
394532
344180
350663
195953
362909
143272
162409
137028
452445
153115
102236
378573
152712
393448
140113
323778
218968
209375
193504
338930
223273
379893
135442
126237
100316
217111
361365
165012
196086
187836
182041
440067
122417
107346
351432
414167
110252
156262
236099
116506
322365
267603
351712
179930
332218
105665
319003
135696
346973
403272
362779
244988
269001
277495
446181
333103
328932
217767
325929
305100
306514
198011
363020
436907
283744
203934
197774
411931
202265
439734
385000
414901
163096
417200
434592
123436
348636
193546
121688
160987
331324
189994
197309
372582
149466
165080
314901
297578
231090
210303
289620
213160
323511
405889
130365
389577
216309
270197
349486
330677
385556
186196
257863
253064
381351
182801
449273
162038
410808
432631
310684
437255
199038
290947
342630
346861
189119
104214
216528
361216
284173
414247
384139
266677
287986
340875
270967
210757
389580
144273
160907
241053
278852
263197
374504
139163
333325
185631
448537
337933
414571
225899
246438
275207
230750
392842
234401
182141
303699
423221
195845
273616
381239
426327
303545
102762
358757
173767
415925
228660
344434
387133
422801
391711
245740
180219
436904
341595
451292
297214
356936
397823
206942
120022
311384
149097
235169
354341
295572
240160
361731
265067
265258
254746
153806
291271
388156
126613
279427
369125
187166
243461
338629
203178
311454
212465
216500
118927
241826
360247
324813
344187
113478
136084
257377
171926
433286
206821
341914
369891
150590
268933
202542
120551
367773
379981
120973
370583
100660
207126
308138
235422
171204
318327
277293
285563
193905
177222
428249
261168
254255
417211
219484
117098
417385
188244
421098
366922
121520
350024
175017
436866
243787
387959
360507
298915
433508
211124
118362
115111
113339
223362
301496
206351
141029
263443
357237
329488
328952
354255
336900
222455
263680
408175
393926
374651
340780
131649
143763
379908
102290
191017
164769
283867
176385
333595
446871
231057
418347
216950
418512
434919
215601
434498
405440
234140
361470
352076
112150
129865
321449
298688
157975
389782
289154
354499
199360
395697
113077
102543
346913
298407
170782
293348
197957
199938
372123
273804
355559
363211
269624
223935
387083
138314
297837
403587
198531
442336
156351
356372
442447
256514
444351
182503
384120
111195
192843
344517
274308
313282
444292
407987
248329
430236
220015
149301
298878
383292
411758
421444
425339
344948
150098
346678
426062
403533
386885
245320
268669
139852
435050
260354
283016
328119
217415
293156
209463
296085
422140
389067
368657
305222
413665
217193
427576
366336
447661
290808
266023
217670
191100
217322
213933
231327
421533
389501
447340
269864
318542
442955
425570
244924
133100
400353
444857
266372
434071
169739
110057
371622
377346
235158
230051
198570
149674
231692
221439
329640
341145
414834
366633
427974
179269
150394
291820
359653
228611
350978
424175
256441
127210
275790
137555
193175
253896
389556
271705
258265
329270
162067
291363
121420
141469
239435
427349
251664
334920
404283
135920
456162
341186
109692
402800
169896
406149
102631
104508
136595
263859
360335
431653
280202
193812
398402
228523
429371
202173
342623
125110
362180
337732
330733
392434
229035
440909
270923
436608
389983
199317
445987
364608
437085
246468
368716
323094
295831
238824
207045
391349
366955
147829
229907
264218
434998
322294
271879
446953
285158
350562
131146
139652
421040
424052
203572
145553
141994
107788
219757
401540
125452
360922
264706
244052
335548
258901
150336
360862
368951
223261
370694
354968
170303
243415
219972
416232
168463
188047
407009
273659
183914
128422
373708
434526
391084
394768
103376
305948
383711
157669
306559
341567
209472
104484
166173
184506
280134
390906
380951
302262
114536
200158
140509
179423
183029
160312
138048
390960
322970
431118
151590
385345
386896
139524
267701
176002
290870
377014
441962
266917
106622
278658
355882
327046
317109
412340
125741
134444
451974
204018
105901
251408
183083
335304
152049
300378
105697
295844
195093
257555
200273
335725
426514
264413
170554
187790
116887
116809
180922
385748
423656
261030
161828
197220
123692
268811
425422
415059
160879
260839
361174
292260
381613
139158
258161
277542
355367
332380
205634
283367
289688
115989
289107
367282
122524
182982
234558
302890
286336
293127
243738
252576
439916
138657
351781
399848
148588
413873
362059
407234
314920
325507
294227
284693
235615
155166
210074
172154
451625
199689
410232
301726
206310
238466
352809
147924
423127
145163
418385
237155
249014
389598
275626
353149
248884
303879
414165
284514
165731
332136
274692
399436
368786
388982
292882
349896
136239
264725
152235
373829
321517
396632
225476
332918
292111
188684
261453
156586
307492
387988
237569
417180
302740
249618
434839
245997
254557
219818
260168
286293
293719
109629
308563
100326
393848
417726
181916
263146
361344
427022
435338
423657
209903
218443
150470
165187
330551
353156
220885
389452
186272
411562
395236
100269
176874
138000
167723
118832
145357
154774
344661
101924
179744
271283
200509
364111
224866
174883
145077
257423
110654
186134
450103
418497
350158
310612
158899
427213
287078
135832
198582
221607
141091
289681
255157
314668
218726
293803
351540
323566
110291
187946
100838
322139
441495
231331
414495
182730
330417
257347
110476
333329
175060
261831
249050
288710
117262
301092
410109
354116
326379
131330
248779
218770
379861
449187
328574
325871
223397
324398
352410
251491
403334
442211
290268
239095
286385
286970
255836
341712
342640
311133
125173
135852
248196
336877
124471
126810
355897
344791
431922
444363
219456
124118
230183
361468
347751
420428
199762
110090
136351
450874
230319
237930
122406
290776
249104
280670
435198
278350
109407
408461
155869
344389
100634
140003
117697
451843
348196
340273
425238
281293
249037
110132
287505
142520
453447
331226
169445
181067
402786
377124
254462
439246
382119
378805
373366
393760
443021
125296
190464
257945
302001
174111
198958
128620
359045
337709
413988
231418
283967
236544
365620
195106
202535
194800
256520
203763
394793
215960
352318
312398
392596
152241
413782
258874
156178
320497
355861
399502
342908
204792
279168
349767
323061
293753
126854
195195
253359
342903
166865
358853
360287
365147
198526
370559
175256
177636
268713
120662
158904
137302
342905
179757
441093
219681
100146
167657
207326
295359
308726
239874
297014
412315
372366
295548
185499
131380
326965
385976
361037
197446
299267
424057
339998
389801
440515
310643
384010
365933
443604
175243
375954
326800
416004
396734
290982
282610
350549
398905
175966
207183
428570
227786
334883
260861
149844
390043
233616
429573
419284
300234
372620
256999
136055
429922
219441
383629
128869
137330
418681
327380
164429
446360
268297
416642
154810
204248
137019
251657
115227
419706
124237
227240
302354
207640
301917
214471
256800
428123
181725
232214
439349
118625
370612
432063
228454
312150
361650
308848
216581
429639
393044
177245
394770
184147
347216
439262
349634
149868
379306
307656
268288
305365
235670
165312
419894
338562
113568
409842
245583
180211
184753
155615
312454
310149
411257
325004
206390
376888
266779
409002
439269
349090
406206
264427
333367
425058
364752
423812
393800
434320
434305
113231
336022
284569
447552
183319
444156
181227
369635
234292
226753
416943
111046
291700
222792
287432
170399
147838
440844
150629
227244
308003
401293
252408
188805
327526
328494
230476
193617
256645
394070
231287
124202
420442
171451
343861
353408
396521
327711
325351
384499
226794
253554
419055
107669
102911
103136
451393
359555
259659
127439
186512
198586
435726
254361
316359
350302
419380
194886
111092
166502
273145
145571
213761
262212
158473
161809
340441
397443
354537
131546
219522
272613
300713
253789
346279
175502
136562
235108
355623
125588
412375
445733
367779
427332
385864
230095
455198
183500
100115
246865
328308
319411
215467
255950
211817
386474
247542
204810
122986
191795
253781
308044
247241
442999
406625
111974
425359
142769
226967
404048
355113
250715
164879
192321
254624
299338
292723
109494
224580
274843
366139
321904
340973
415398
322308
363714
127973
445261
217037
137141
244297
455665
332898
309760
226215
250168
255116
254991
335816
250345
302619
454484
430069
226981
281000
416341
302022
341976
176369
447749
346868
219104
374539
454914
286329
254175
306170
448715
172810
147448
249498
222277
387328
326408
281830
159458
271885
145959
292129
358146
142176
294488
236310
145906
133707
185613
238175
232013
211432
444145
402059
270848
436795
268991
332230
374944
280951
398366
243804
238920
356228
178195
288385
271350
342094
236164
114665
444535
269040
339898
219662
207120
263384
430511
394194
394143
180619
118629
234883
190370
293484
413154
374036
111117
334776
131230
453839
323447
169266
438104
208525
392490
234652
367815
316333
213699
316875
228024
324195
270525
241580
222402
206512
178940
306058
173681
389050
135861
208011
185905
389017
431050
323175
172375
371184
335545
122172
208904
445664
259011
370759
441068
339717
199758
293109
317262
395766
189713
398164
119902
416493
420139
127434
142096
324478
284829
342954
170089
392767
234252
406829
128547
144942
203140
272549
393145
143179
265120
352957
112890
434689
290017
259936
303745
454249
211288
306754
287663
175572
221167
366801
112836
180561
423865
207292
274879
347778
118488
130031
183327
335034
144230
378593
225398
345462
419996
130288
259606
122515
251283
270075
171609
269951
104209
232921
443787
230247
272839
448627
421389
358473
314208
315796
289661
315716
429720
385793
133187
343509
335201
430141
434082
406151
162593
342763
253226
245397
273915
166388
284330
439948
217934
389766
191216
308183
165318
331072
261295
222077
399553
425305
109528
371315
101112
372560
213176
173699
394011
380961
355272
444198
435847
341486
294367
448325
301879
236738
230466
339576
412927
394660
184427
288865
243995
325532
227815
297841
263927
354574
168659
110678
406180
290240
414297
432519
369226
309438
314834
179029
296186
203028
280987
232548
105033
189983
294747
235339
410541
113389
356479
342922
160691
221690
268722
304001
380265
333714
227548
333681
167336
424902
404824
118206
414099
207490
293449
431115
212172
375914
305262
169096
255359
238857
201636
143208
374248
333751
443140
344574
206618
262927
345911
105048
148259
315197
302731
367448
107155
176673
260209
445782
157833
313684
281898
162996
293730
305551
152112
189619
439798
126287
269327
448444
280056
369747
233573
291405
140092
107191
128645
403038
330972
405248
182454
302272
306737
228146
448403
178818
293245
157219
192083
116074
202651
120883
424474
261636
442844
295732
321395
176488
121845
203030
119687
406535
148037
185104
164893
217834
205536
224295
131225
217922
320598
112247
257059
402514
193743
226935
446646
164416
421881
119640
369118
136405
369644
449342
252436
129452
236848
310175
374329
430006
401887
296305
108258
139033
279738
214784
340722
139751
133680
396970
270913
345311
110574
263687
321104
373144
175918
445276
267367
202942
377026
102275
330500
229983
379801
122464
387732
313854
146207
324546
291743
316790
380323
362793
239878
186559
280073
278669
344943
341500
398607
376851
203942
442352
101914
102531
211678
381690
187965
162906
142702
199644
104989
392402
161776
192748
416800
167221
432964
275535
317999
143569
266013
102402
253753
392313
412968
312144
430093
373655
254867
187098
449065
279269
100650
395656
254687
200643
288538
119737
142158
313654
351224
101070
397942
216017
112327
321611
284938
173843
293919
361384
369656
216986
104307
311389
106254
322745
433807
253256
202919
243507
133116
251290
298418
240611
314924
111417
218005
308813
347345
174817
259910
443453
439429
116810
290651
147508
329259
123769
453472
221810
184639
177773
399486
259191
349160
156482
411056
418418
156359
278504
268636
252409
180326
393338
361484
256399
234514
332936
326174
256953
241589
337383
185361
211906
400074
138515
161648
422757
366316
209509
143186
355652
279344
445715
354466
177945
342538
267563
274676
196167
199838
251814
360983
321290
223443
236382
230980
351731
362939
384903
233465
110819
416468
373676
211968
447130
412774
190799
281481
329019
383650
337263
430966
384813
378175
384795
345378
397934
136756
306466
154802
306780
220553
421275
219857
318365
323460
115664
365745
174799
248123
150288
261158
418538
266691
221127
392451
290420
308437
330504
387432
193571
310133
332767
132520
142823
264543
335847
235308
395690
356421
143799
391709
324775
105944
237742
439401
424935
261527
370942
279514
211538
170650
187016
327563
369228
261717
210119
235502
363332
378904
133519
152727
364570
441553
408140
438234
134340
348198
384095
397246
107708
345801
380472
349999
346813
338654
181253
267846
336997
291684
133135
319470
432179
340230
254332
383844
357729
291374
145535
128982
322575
127253
163914
402413
217372
263982
136304
258324
110508
419597
315411
350232
189495
106847
218182
151705
127408
273991
370251
298755
103017
166620
173025
422950
114377
127280
133155
384616
437958
437600
449990
225816
210346
164988
119073
288449
163178
370001
423491
181493
178696
450567
352574
227838
292209
223746
280645
201888
154984
361442
362842
165088
225356
173672
311852
440284
325441
226878
172069
422569
132099
258447
305167
126944
188870
372952
255940
219254
126177
173463
147977
168539
360495
294283
391978
291778
115879
379003
238043
211842
379791
287676
445486
249376
277881
314565
323564
175785
155552
110577
139759
104945
140713
124541
230729
103055
323531
303190
195221
269359
226817
356914
282054
221831
153820
308151
199395
143637
156886
199035
359006
236114
335896
342179
269325
127521
296629
392043
320174
387239
383823
403148
347295
236088
267442
436253
422824
350145
173516
236265
361359
130232
362245
412334
446250
247308
320051
215373
270359
413412
269400
124211
399880
140249
352184
388874
307490
228555
449073
225155
453719
182811
238036
126040
149306
330669
274404
148848
186680
363631
107716
121291
160477
337937
163720
160495
197373
452378
366647
416844
160311
355429
164137
130026
189802
118958
437620
355936
350092
387161
192250
265176
317295
356631
321901
437782
206813
356313
387496
198785
453787
132196
341698
239403
232143
435907
319328
105410
389119
169843
306781
401376
260974
239208
217818
304697
316102
179999
356420
343262
438680
152149
379369
406232
202244
392791
441845
372836
227095
283272
119872
186941
136089
245649
276083
284704
229308
221091
284542
253599
411469
322125
266645
304882
171500
128808
219357
204302
197702
230129
116330
237779
166527
245789
399687
360866
126858
342231
406640
159497
306096
443003
200880
146431
174370
362538
391000
174724
106828
249138
419528
266778
266985
291288
428662
433465
137115
410574
344305
393043
325559
250385
336640
270478
443322
154183
243422
441496
303851
278546
414429
278494
325143
318889
358526
358303
167496
212010
178277
329699
443523
447510
454803
340815
301959
389524
224780
409888
421159
140220
196923
383228
301793
278574
440992
429730
142862
399415
347563
204347
293844
308367
354779
143887
306196
427230
361542
389332
418429
385654
195499
430733
230609
218629
220912
285107
260141
213042
323882
292036
272429
208568
123672
398957
102646
339080
191620
365195
386702
239590
337349
299245
107493
115682
166408
244771
397296
196806
328301
101463
216123
282523
251925
219242
217896
139094
237504
168641
254505
138864
231187
116792
386466
160590
141442
353893
234424
192588
234212
386067
340481
157700
439023
417908
347520
178244
305955
239626
334410
196725
362724
391593
224603
260787
349217
350105
266966
348618
435994
333511
153309
445088
409329
263439
285503
385316
119201
429917
379398
392262
368377
203453
347567
389699
308400
116061
111591
133459
175449
396178
185372
420533
289322
225272
372009
157063
183094
422571
264629
175165
290573
328613
406580
205468
185002
221862
381958
384084
146930
357923
377612
203467
304127
432968
318870
448775
407372
114252
256237
363594
177278
236909
160846
212394
397837
417978
175328
337213
167070
249051
155175
156899
136954
319779
205270
390248
185437
357101
306639
159309
409721
430470
262735
263274
456207
232595
438110
363099
387700
117386
407701
341402
178153
142593
136196
188545
343760
352790
115976
350793
191155
358616
352509
429133
247471
217105
321729
318707
161320
191136
252138
178323
273748
241803
310335
273561
181232
197798
280735
288894
380454
256945
363304
251792
280487
382838
153468
212365
179143
393619
365331
133076
438491
366665
212285
296574
169807
172306
325597
419366
112043
244337
323467
443341
428927
383223
434853
327067
240542
429152
373298
143888
212644
179439
272456
379245
374821
151926
240598
178274
139450
400060
234312
288024
197909
161557
448396
214747
441503
104950
231479
150754
403200
287413
155571
304550
395781
370576
404255
402011
373950
354915
213532
153255
398946
425138
395323
101102
322620
414525
159377
304963
141188
209818
