237906
206473
361798
347317
332331
352124
153177
214101
279864
163107
329508
264954
125941
360568
195156
415780
426478
324985
275241
161121
365950
342717
105409
241328
416828
300424
178877
239666
332105
384511
279749
434944
318911
329620
138163
429926
144059
163846
250332
205971
263292
385533
319945
275074
311964
216761
348586
376763
166211
121222
202961
117907
302755
409810
338267
242206
327746
421354
226723
248412
195056
252393
347320
406746
222860
330960
102670
190595
440454
432006
198679
449386
207102
450839
149593
365124
439425
344206
326632
127053
434067
152387
422579
173945
242980
337384
230836
156809
318728
290993
306451
248370
177765
146959
254225
246241
168493
183251
173577
283423
173910
308141
221290
220923
183121
217879
200148
227329
187277
279649
309841
145210
378873
378237
316869
256402
134522
313476
318722
336481
425495
342671
325533
316450
424310
275512
100350
293401
344066
177130
352414
405212
184939
339829
219742
254124
160945
414523
338778
324931
281029
331634
341689
279637
355586
210725
377395
402637
410497
215899
443448
371628
452415
222612
181846
146071
108969
318823
265155
122081
252659
116708
391611
375484
431451
269047
145873
351730
231623
359696
166862
202182
360337
345681
391805
111637
142129
421579
334747
237088
355285
227509
279780
137401
276000
412620
291494
193348
300960
264116
196353
241547
363335
116805
388721
368807
177500
126224
281034
339044
332970
188058
140956
112094
270798
134457
428001
415970
109172
322982
413418
443315
201565
427280
421362
382071
368278
423588
275075
327088
121699
157850
311591
156851
197146
419988
107052
213232
290054
127363
216292
218672
230884
269551
309240
377793
231512
443455
107983
158759
317045
326059
417170
161092
208012
162774
292811
246686
335575
182359
227047
303579
362519
200845
297295
377800
177912
258404
280534
132813
160344
438134
251887
174834
211182
151212
257515
298589
178148
282563
332558
271041
138594
279093
271428
220580
177206
403756
398392
122546
411176
425998
235163
290847
436759
209541
447687
308036
433513
296525
436424
269806
402706
220499
440152
331814
194991
389911
429387
404136
146048
186306
398305
276128
111676
187916
376861
181046
304421
338658
454785
383776
349040
353143
336371
373449
183246
360918
426632
456067
193005
208092
118764
123043
124972
422203
223840
438142
257919
131449
234988
199627
410522
377135
244549
243142
207685
274339
240864
355454
395797
442297
223845
289760
218404
182983
236231
132199
414195
372176
274250
255655
181797
249433
311681
355557
283246
382034
345201
401642
397469
331493
179388
175900
430746
370187
365316
166358
257285
192944
166124
160475
137427
333090
382253
173093
349701
405859
255379
135000
271376
270841
161870
361233
435883
319884
317245
198656
427167
227606
284171
404448
103120
383079
240792
267991
230467
331671
184062
183875
141552
152341
126216
324926
356758
329770
209600
138466
264894
361526
143130
178309
378817
318273
227060
426116
154638
227988
127637
168173
103417
412691
212107
148934
312328
269407
198596
278291
170746
241193
169270
342483
391277
224649
360547
151990
125207
361006
325558
436017
158398
390197
356817
356339
160794
170240
358820
264066
245818
294238
337302
105810
431489
189510
185478
448564
183803
231442
426526
116159
250263
106620
122792
220850
288117
366086
175299
144281
294801
106989
291792
157846
222810
258641
433386
446421
177969
183307
432337
261090
347961
268929
273760
306301
385235
356962
156639
332274
260522
358709
249675
261444
182130
318604
337376
146595
443036
236833
234508
265531
226705
308790
206966
157448
140985
327724
343713
220892
412547
270857
333592
244755
307737
194565
409794
249437
183971
267052
110823
134024
257281
373342
123965
433001
243400
428265
213730
122198
139119
375343
277110
136460
327152
339355
336614
435780
226287
191294
131640
176041
411253
113884
302746
260883
427328
150847
320151
450365
115160
442978
430534
294203
414292
364742
252377
340118
408323
182906
437362
291296
189720
168312
119355
308955
105666
177645
454068
152515
402199
211126
399030
187133
440435
171073
293667
335884
436381
273357
190524
398803
395610
331570
310611
250524
285057
239621
363685
310621
431018
307909
375457
446285
353586
388689
145352
224292
159939
360446
322808
181990
406079
429486
187368
199004
428277
175570
350069
140014
198631
195064
373200
150334
137008
151026
153851
287021
102349
214365
424024
263985
129290
341202
171688
436217
217631
123420
340282
327259
168474
151804
286478
413235
184129
251541
131245
312561
294351
176115
220016
336866
348377
353429
440250
205030
241343
444754
208582
302121
160136
282123
164742
179378
404376
345701
385914
187963
309862
142985
140907
256792
243370
137850
223491
317202
106133
305041
196282
103098
115506
272917
327944
322530
448851
338069
241909
315505
345455
388282
330339
138753
280521
255164
378737
382596
305927
254681
283268
186343
382350
437272
106348
108648
322118
157231
235563
102959
412752
188426
449125
145277
103543
109195
199063
181877
245995
147100
321269
182488
169126
418751
160871
451899
262129
191245
440061
217304
437392
262081
168439
129018
277504
321672
181025
168693
352880
248707
101673
206865
240705
252343
294648
236381
372443
203347
178332
243033
431829
192503
397526
315950
258511
148908
144564
425318
211058
300024
335049
179107
430567
294210
287408
450161
149818
443624
283235
400900
455117
364207
225420
396564
384993
441862
430152
326132
299128
409495
165344
219196
307600
323497
301498
349532
147658
378439
214106
330072
453304
389740
180065
151314
327372
412984
251391
326137
444601
272295
443429
332725
161779
232553
255577
180831
173258
106744
161157
185776
118113
135046
406798
430712
452600
288309
100130
149553
230176
285616
349470
202838
188110
378029
230194
164347
286351
355215
214285
240687
352073
102134
430494
422852
153246
454624
166428
366871
160985
103845
214676
157427
292241
340794
199068
350788
286475
411818
437476
422898
434992
351765
205190
173279
363167
375613
455323
293772
224131
134100
115303
198463
434803
228546
294379
425331
441195
171108
219956
173545
378376
414905
163481
303131
162014
420751
313384
284942
289795
357518
430601
144187
117751
261017
384241
311951
175841
346569
232484
123746
164779
179250
352155
280320
344952
446297
206856
287740
156054
417106
306369
441521
213360
153974
103068
348401
187404
176248
240018
151384
231828
271237
245346
191833
325823
202820
151196
188428
321245
191843
302326
406018
282588
390149
361180
289837
174979
143446
152126
402213
419327
383462
163795
102208
368812
133634
414232
210256
416573
379256
124059
295807
319913
453531
403745
433562
320367
381015
119078
320830
278581
289911
259241
251510
350689
355694
173639
143141
274580
377613
199664
247022
246020
205459
255856
123338
101883
138552
454596
183634
216372
394871
387660
301254
277883
220075
421916
304221
312320
230578
252316
144455
221537
216797
264390
279664
402435
420126
234656
122774
450098
264282
336612
287659
258323
161542
261417
185761
356225
342009
202405
211618
183671
135457
230422
304499
231155
365378
264518
332142
137814
285934
103002
161541
239947
401985
220858
324117
291483
329225
449398
180694
189934
122270
123371
121809
387392
153317
186147
142389
219433
327390
415909
340731
419809
137681
175399
373979
262267
409392
253116
302884
431528
188320
237178
381919
305471
249619
157673
152347
362437
243230
350321
146701
293480
427117
425937
381703
293247
303311
288878
276326
355165
178875
429457
158541
362401
102311
392366
451598
145612
439702
228345
191507
426563
142483
110274
204462
340418
438794
283416
441198
285279
403519
172035
346991
292901
370116
216974
354556
220144
374213
323392
327000
264785
418879
107994
368773
335718
257554
117337
195934
226755
252732
402508
110718
156441
294616
230627
161622
281063
120197
157762
389307
292265
133801
294119
258688
165328
238390
288952
300311
282749
103264
208990
170648
149670
282587
355447
325575
225084
362713
353004
376587
297492
401698
426472
336702
245518
147646
281090
418140
129791
211313
442865
232538
332134
144271
285654
404877
220975
305009
124104
336228
326075
206160
414917
362366
106591
279709
281774
135088
383160
123340
251456
186270
356629
232419
382928
262506
141105
151256
439629
180212
294533
279511
342580
310449
272724
243810
236080
361325
363738
276646
345317
403190
280307
303291
391087
219172
108578
399607
267811
370013
454465
212788
209702
300164
147057
440550
242473
196409
362006
393887
120294
185549
415555
340684
314468
270543
183161
225056
388070
376032
385433
121127
143949
179976
450679
297187
369085
371223
290075
342731
181027
137245
222361
315107
109945
339506
114928
274997
267944
214259
259075
137282
311502
375514
237982
158373
275322
107552
203524
400717
351361
301316
339732
199853
145217
253184
231746
231566
112462
331396
442139
200963
130787
356921
246523
344834
263814
388038
455070
330202
450484
247128
394109
437824
411465
321261
374836
246859
404455
324742
382291
401678
114702
405825
120626
124865
337882
206344
174106
451021
290861
139860
325055
124978
291474
290488
382727
275825
411088
376809
331754
203356
366958
198269
107518
176221
332851
179174
150048
282076
173979
103790
182505
435456
311422
391624
372499
133102
256654
382444
146777
320770
265149
315455
180565
365626
398052
276427
216052
363753
153402
210459
341254
428383
275385
111684
361273
360937
211220
303901
429855
221583
285009
301466
200497
161583
409565
264355
316420
115826
396083
117559
291564
322179
118870
258694
189153
248953
140959
427266
234722
319629
188311
440111
365470
212138
342273
259651
432933
363267
323223
317643
393825
327472
370290
256592
394863
173801
403002
135038
207657
282866
454677
393161
236989
113594
410807
401255
184014
395415
257016
126992
400683
190187
358986
177675
150546
289879
256734
276792
268571
327430
410395
451787
233231
104190
256821
228310
349806
272855
177914
422104
303667
213094
104938
129735
363976
445724
249524
394039
183819
136334
197786
172477
126439
190269
160346
327039
284684
406196
341739
429213
209954
428782
330797
326725
181377
241897
431478
350514
203278
152671
436834
256518
242405
170032
202109
296844
313084
150239
108959
335268
386667
418944
257095
328041
264448
130803
450250
125879
122825
368123
348557
126192
274434
333963
403341
407956
392141
186818
331670
151034
370442
427965
267929
347786
257595
127634
125626
234616
296470
251355
222639
393455
266521
348815
137876
227388
290425
105286
449328
208885
305925
130743
149148
408397
145949
258470
348581
292795
258449
371987
394713
394477
424170
165329
433521
342545
337394
355924
364195
235409
169419
424345
105806
440963
254319
410128
165664
340751
132799
362367
136554
106697
307966
135087
186087
111114
303965
297674
100239
364587
114802
301904
155023
387998
443849
144505
233665
439615
414746
444938
151282
358081
175057
285647
306762
331617
432216
438086
145566
390062
269968
164827
106072
423925
113718
315419
171585
423866
387332
116627
379399
322017
255582
174827
447807
113044
289942
126251
241945
126460
239902
129405
212412
242702
366804
302769
296092
120751
179434
149374
142582
233939
446029
351314
357400
215471
165255
145637
167493
413800
243107
170744
116870
202827
373705
276463
439692
263843
352230
223504
247035
317232
276194
402320
334044
100119
376117
210827
272153
197380
354163
280562
394135
106505
398084
411776
162255
249490
242240
144737
411522
396689
317082
116721
238428
113687
258086
195431
206913
179066
244494
216060
218638
110714
197289
383977
124969
157579
419196
168451
238797
293943
113785
156071
114636
373949
178049
400126
414441
385050
413583
419533
385579
103811
453647
313399
165362
407872
164797
152624
397370
234667
204922
423466
228225
311147
371055
315372
428353
118235
234476
220067
109747
254574
184712
160358
113284
439715
151932
321142
187810
440686
264501
166075
223354
240793
344045
428639
328700
311373
184796
263530
126808
230570
188514
231275
136892
276077
247252
323998
362057
440328
352206
450156
233801
445502
343058
209948
259049
405342
287388
151765
153989
106795
125645
358751
263965
116257
137916
363037
258285
147278
181688
143924
436819
240790
422289
121985
147624
428743
435065
185014
247318
113813
204336
244214
267087
210799
117794
311641
153216
331150
164204
200251
265729
212823
366287
162003
380043
323939
232568
426071
142416
270724
267783
362658
419417
151893
304298
247197
358457
449709
179953
153267
298018
346175
338155
337196
225421
268196
327453
253784
245132
161591
358112
360690
378686
310041
265972
299811
155041
220637
137420
428909
268058
445267
422411
112652
108037
120692
181043
225411
435505
372339
250111
234805
224521
334379
194245
372968
174142
162743
429993
376120
293185
158386
219316
223619
309060
412880
243883
386236
242830
226418
152781
308438
372062
290155
408729
111288
181412
437135
374924
193215
359426
151880
443337
338667
442362
106673
455740
275664
200541
426524
452536
128584
186358
328148
359878
391651
170901
446687
225667
342134
137121
343753
233266
220152
226350
400336
141920
101646
454008
352502
329222
387761
429057
304435
122485
372860
160888
109055
357966
397105
402503
452927
229310
305868
141364
101502
265496
138300
415965
450686
241325
431482
248713
392577
251090
302724
295170
313942
126294
438193
400769
196591
406331
337863
431679
449267
135759
419947
435038
362288
247273
296932
297055
311616
285760
368677
172225
138005
170948
243693
443041
319606
422136
208129
133545
318472
202291
138619
453156
326097
140365
425234
240078
415973
114458
161358
117963
226192
180949
346755
230664
364998
398015
310626
185743
180789
224730
389650
231963
371601
355064
435938
203988
387488
129080
105953
194498
324357
419297
127252
237736
435460
155660
194930
114982
251947
346877
168020
269651
386562
229359
397248
211289
285379
366813
424616
397200
113043
454312
330585
327292
281670
197653
313875
400835
273872
121662
435033
302567
215750
103463
133023
318937
156845
116358
207509
455433
107687
313990
418156
171016
357356
270912
290228
178572
429783
251678
168858
456094
143794
114277
209477
345535
293280
244787
122684
162651
408057
139719
446963
181016
367842
291961
291209
175318
196207
305207
262089
201132
237801
336836
229716
348224
241072
171315
225980
254354
425708
191913
137946
191456
238455
446948
309179
408607
209750
333588
153565
313232
135209
418264
449251
194873
191578
443417
148398
448671
415391
170021
125392
414159
148011
114093
255788
263577
313091
414168
270088
402351
301257
179556
444393
289918
147890
242738
376641
375770
332817
365097
260186
391009
432665
251995
191026
292884
324304
311462
139234
287445
396733
455186
381051
400405
268485
302201
260181
422785
224299
172379
286145
244333
367014
445553
197757
323542
141516
181852
216915
376554
180781
273025
213562
321657
163508
246333
233663
183201
159801
136672
357071
287210
171714
196540
164267
232276
102700
213918
275656
341786
454832
400758
219656
233376
268113
241119
138027
113113
174364
120529
326341
334468
249364
430190
349262
218316
258465
321883
366117
278758
143163
431521
263623
416784
204979
401189
120064
110910
411066
164541
221301
276655
423166
114891
124771
247063
198361
412446
303996
117289
369834
251564
115899
143905
364721
367393
174454
314716
452538
425532
149749
221587
267667
263890
427802
319287
168397
279019
368168
397738
130985
432523
381547
260674
230286
106547
448322
296134
411350
152069
439247
106776
167100
220845
248291
225900
206789
374772
239968
127315
221619
161246
395530
240072
192477
439806
192458
421818
433585
179214
404782
453504
360752
255237
301758
412654
378024
170899
174958
445674
106370
316203
353102
283566
410105
215122
417653
134864
354560
161110
269048
360747
164936
291026
182607
418361
158001
407390
346946
248255
298006
192323
101495
267053
108776
323742
394710
454401
215926
395313
261315
259877
187505
225123
251041
133526
177148
369122
345414
282704
387441
188753
315732
424910
402494
238629
448595
414145
249757
423446
342398
144569
117027
121817
342445
371981
448750
143891
280615
148779
232780
270501
234677
256082
253013
202718
378264
193418
257751
290787
413063
106007
119358
231948
372155
414670
288050
304819
342384
208150
434078
394820
453281
123100
240529
138713
151382
316202
105992
423858
238159
453450
279596
108630
167194
182605
203360
445180
395111
287596
102875
146271
397207
405294
302338
127779
138802
289646
344810
399153
115419
202249
222848
148535
334859
426518
315449
334967
438920
158110
209203
107970
420466
117673
339068
122735
101929
167931
363207
209124
129531
229249
452347
274436
372296
247692
428577
308767
135321
119766
268124
322869
439393
137565
231921
438726
140933
163811
445039
304849
357802
126152
431353
224957
306362
180292
409735
379461
318626
453017
125143
332862
393510
132551
162990
212056
358089
418112
255071
226778
237505
454921
421286
312335
321682
160124
131635
340622
386164
150333
184317
244272
322066
417021
306477
454270
230723
304871
156166
193068
326614
234008
375926
138058
267168
109387
101121
111551
276102
413190
119139
157388
231197
443912
284213
252868
339508
218131
158359
106838
240492
399386
360927
390839
124707
145703
281316
290026
202932
125079
228849
405007
441120
363026
456133
294817
337220
345368
210288
274448
412947
438174
171693
408150
143454
304309
103166
439513
315452
101093
290894
191069
215436
419203
265865
433310
385158
388001
186904
287163
433383
141934
429092
309151
294871
155544
174736
280933
384390
187878
375909
263845
332374
140709
137608
335433
271835
423006
384036
430857
408103
346645
147881
421668
270259
221126
224449
182416
201694
201255
327402
396863
147226
172778
375543
246536
214308
304320
333099
221033
181921
354291
192357
119684
141695
143769
145397
197807
338091
234821
434277
404522
254657
443579
305099
227946
362619
393026
359047
422684
252132
325943
400401
222400
411666
384465
291966
271300
102740
325448
100192
254216
160404
419587
341928
318078
227383
327397
427533
216277
348943
388165
193656
355409
188824
176598
181454
146936
431092
447780
246125
118405
324306
381390
144731
144376
204077
184891
115120
438540
403539
319092
167620
385594
199517
194685
256756
437436
428370
395147
272254
397535
278357
222897
253165
110702
125333
135595
400024
404673
432533
418216
124941
235448
121173
404044
180677
378405
407822
197946
310464
361701
155899
115830
126990
116743
102564
411652
309961
359138
400455
233903
114624
369646
182552
238490
203534
298189
119574
314925
330031
127965
298709
335582
233345
140625
246027
117445
280641
238582
397233
249882
344741
359246
374302
375554
291507
138133
450736
380645
391833
289514
343161
167605
202314
342225
147592
210499
441813
169994
370160
276075
104517
373654
303154
325704
325996
325895
184065
174291
343328
142612
132181
114220
200133
288504
306638
344891
196260
221062
165099
215215
239847
265211
418320
189210
123421
432451
212657
134472
356780
383969
434827
217385
296808
292920
117115
309576
440075
234716
238162
197339
293343
281706
370054
115241
252396
186088
228724
161894
186194
296701
111692
166613
252110
157213
215169
395551
371054
163393
390318
157135
336334
405569
336904
111181
434525
419459
118374
318638
277931
248732
216069
341839
210980
115678
207302
142437
380664
205645
412806
317387
410850
393462
448800
140976
394543
275380
280872
149508
277892
237600
451493
220894
293151
233418
121620
336557
211137
189384
335667
448363
249905
252824
401161
364745
241562
100410
427741
129450
217667
240247
413306
302891
410322
316835
200458
139078
127003
422420
199794
143439
325176
270076
378704
418726
415365
129385
415979
112653
229952
302014
263202
137677
277533
267743
162886
190350
432838
240045
347076
337489
175632
247565
135799
338779
225274
163698
100398
161971
306295
361457
108129
350510
167539
112362
360223
329001
325636
390458
186748
450615
340518
421625
448529
209036
347309
172629
193391
426527
369229
424963
449901
195896
286113
279115
301366
355060
205243
226286
171121
212276
275645
271219
167202
123934
181357
419847
115294
390312
337407
121315
157957
401572
417959
162950
373196
158120
226235
148092
201245
233380
245134
320324
148430
396042
401735
176159
255262
451631
102831
299991
336554
187819
307529
141253
208677
292245
223655
270110
291136
339982
119284
189869
335338
357512
441180
406335
266425
384381
432244
332383
150526
128155
282695
205240
266980
218277
167699
341804
139969
441600
368459
314433
329293
226462
299689
134541
251704
455611
336166
399606
399984
123783
263776
233130
101162
337015
335781
134607
142858
303961
351515
446467
293222
132365
400266
154664
239806
197753
127167
349917
279681
289736
310862
386784
200400
417273
308479
287955
316750
368728
446619
275346
359117
341366
140064
379192
154436
436259
375523
333736
210890
300994
104753
446377
319820
175124
189457
310489
234381
214010
274205
426279
407281
188316
126687
369317
198471
198448
140609
414932
229518
244914
416979
421273
215819
298731
192910
208908
121316
306364
333495
387089
375251
278369
332735
338739
218096
275192
134165
129341
333564
447057
309252
122924
233443
375026
148305
407623
394079
414234
448531
298243
106443
168296
253613
368119
204123
398612
259509
363393
399098
383919
144961
420899
317905
232136
182698
376364
321609
315217
179503
312456
312889
215585
240952
193868
176750
403505
220164
284600
313360
222082
165570
131623
267064
443488
160204
447885
179937
361530
340898
329558
132948
133280
335064
402873
173323
394014
394594
395221
444282
339671
115525
406437
177139
421542
214546
292413
177644
235992
340891
226335
141916
129480
287753
167758
148186
218817
407821
214935
167487
231376
199709
373904
266971
199331
232776
359756
406039
254075
412392
263700
308283
249158
204320
265832
171954
137605
329187
391679
377997
348329
199294
171533
252987
172519
303411
206507
412359
248262
411591
408180
323510
424044
437170
392137
166015
352804
192600
368216
335512
114183
377233
264345
193883
372074
178780
450521
131274
432363
455225
101738
115133
232119
370448
268097
306189
125444
248248
155442
435723
136612
419133
283027
114516
387989
372974
375658
290571
215195
352189
319157
341541
147351
357501
346275
201743
294850
395018
172256
289829
215411
272819
118635
121573
136527
334819
367902
237941
125735
379960
395540
165896
366864
313105
426529
219546
421532
351551
167816
409370
212927
130631
345786
452201
403413
363778
337013
394976
265810
170402
147274
239977
150296
223915
272530
392381
407510
357713
167584
448818
122831
331298
389261
450444
123808
172277
154461
420999
306750
182853
302726
240016
303878
366785
278571
325062
224115
123712
436867
291576
383720
248423
427933
283126
125309
292629
134682
128073
438837
374725
450315
338450
299876
332976
242538
240430
436481
419383
114306
123731
348647
292217
400389
334925
224057
367050
184580
381527
423210
452957
235151
450362
159180
198983
119992
373581
170354
103596
182240
388638
195430
356232
198330
399899
172979
425356
321733
122753
271561
187354
371238
203013
437331
176903
331562
214142
380942
417981
404139
443693
403773
445539
117845
160990
415048
317872
368648
211898
450157
359344
392948
168687
370508
189920
270974
174345
131386
333079
389982
274212
320611
319185
455828
265455
124018
129998
274990
300561
372680
278127
330519
251461
231361
278142
403621
355130
191886
402620
204169
451103
357272
290347
411276
302982
454711
276659
219550
192234
132052
258226
268891
252406
315208
380054
397418
393387
381116
394686
251462
440617
275175
180628
418881
314663
375111
292705
358423
411297
419437
351399
435089
227733
141825
175232
449880
120018
428734
360713
432378
123262
334781
342766
191666
447718
241430
290458
142356
232393
157099
306404
261370
190433
421111
364342
381912
175777
348532
308524
265040
362811
182113
186887
417853
116004
117517
265151
258205
206726
311782
408251
243360
193871
249945
315149
389327
161400
287997
306226
423165
364215
403491
219508
422199
126635
129746
304815
249405
276620
294882
358717
408983
419413
103911
278621
150213
449950
320218
148756
249167
339413
410928
199358
109313
246360
232954
376699
226941
339243
260755
164759
109621
282385
281114
405117
143327
382252
101006
405109
100540
438957
117342
351706
102150
432222
341269
266271
371159
388477
183210
386658
371609
371160
310100
111931
292975
111497
328635
316129
124267
297919
344448
380416
112481
285392
413838
329797
188952
215994
386877
278163
331998
301143
184628
433721
379543
295909
123266
363145
331136
219430
363517
135982
316548
256239
162400
193784
428693
196763
108140
331687
260963
321369
151473
278689
139330
307059
158870
338981
261849
250638
171008
184597
233875
434414
375602
424705
416022
231195
278090
358520
346235
140439
338763
164426
377448
421154
280309
226435
447342
301918
182743
190218
436890
396347
441330
437194
271749
165323
169434
186417
171648
231744
408100
283924
204105
247716
141513
361285
392268
328093
217893
373442
239392
363203
120890
445251
101515
130846
113377
337649
188676
387477
360689
150345
107694
360228
362292
258123
388771
299225
245394
170241
394828
444275
143053
157344
322706
345691
454182
179279
163270
268548
332328
265053
396658
247242
329405
194583
181178
168924
330451
400337
220520
320588
276381
298030
180138
318395
361031
117694
241750
346199
176434
433372
161217
356940
238239
314128
134257
297975
222025
274880
125206
398357
294280
448076
162973
392614
162220
184370
229121
234703
412828
219629
228281
437213
328391
275732
291192
258105
388404
280974
186053
335208
155764
393313
346676
420981
210762
326191
187046
184428
194045
114278
128508
211376
180427
187535
231379
406633
198756
311803
341625
263265
360029
265102
182729
356171
291355
407014
301511
292165
166616
296496
147654
420746
259798
432581
434172
268242
217894
134526
275138
133194
308275
142555
269442
259151
310980
311815
297964
271405
168872
163208
302729
281767
283853
446932
195827
156460
257173
410869
330570
352861
132578
104705
117721
298339
263182
225055
145453
440661
448708
195136
443293
435947
147904
128224
387770
358241
118053
116405
310527
199559
449786
283275
435779
296989
288209
145896
379419
225637
195698
407020
101773
246441
400826
186251
159292
189868
218454
395192
318788
227206
440271
292636
300683
274514
309186
436077
349702
285047
282254
237139
437959
269234
401929
315279
343435
425235
208957
137683
204385
271963
148093
150156
131439
334249
362756
138183
316507
195605
419723
415429
356860
159714
314461
371602
317746
331766
126477
151657
444844
158428
229857
312999
211712
388041
147053
139214
152705
302604
172901
316962
153448
257753
169208
177607
362606
407202
213219
200771
387841
443745
283394
307258
162416
226855
148734
226200
144952
428076
319315
219792
107353
355934
343066
372626
397656
324001
241621
195514
386469
434758
408704
384236
361298
104364
342209
409781
446966
123819
413573
200102
414455
118513
226663
406955
432281
389309
339469
371459
175725
136927
313543
270534
141672
121566
240757
139925
136369
341133
269401
133137
406498
397948
451447
279890
156514
125380
394484
446985
403052
455068
187526
331341
339547
337745
127342
155909
183229
411646
213615
433194
245323
227702
200958
101540
343764
411688
173266
245898
290274
189580
375684
351264
103822
259413
333195
422125
400628
234200
260290
356109
338133
413199
359686
171547
301059
380311
109498
122277
163680
293290
430306
342285
205213
260312
228548
161565
420322
242781
428284
140895
136525
341991
152829
120792
183679
408585
438982
282818
180997
366637
370755
344976
233332
380665
143354
167733
308089
311577
357298
265195
400737
307573
354038
101166
324953
117039
422106
166333
228820
352375
257319
343271
425170
284370
264122
257033
289326
403441
357395
109403
360363
392926
213157
343130
448906
336205
167791
160268
418979
108374
375693
228026
399650
439606
281120
340620
360649
353069
353848
453873
443940
371449
191139
135568
119973
421161
408327
312293
204661
316537
447478
275955
132641
361312
335995
178575
310129
398320
309182
431880
214765
344695
331946
380266
434294
152018
285171
129861
334108
417293
253823
334275
212615
241440
209917
163879
377535
348640
199518
119183
393042
149021
258474
289985
231126
272833
321109
129661
421812
329342
135722
192694
279674
280564
451548
422726
211722
320264
241135
401317
115104
376136
182250
394501
165941
113080
217390
432317
280780
266987
151191
218549
411817
435744
270367
176544
227903
409030
113204
159259
168997
268176
332679
197221
292578
369641
371861
323851
280790
105150
214063
398119
400467
344968
140228
188455
249750
233947
199034
170245
311528
281977
206725
270634
164965
145234
319721
114786
273143
412253
320696
148604
120080
165518
124714
228350
130547
111572
417374
107536
285217
173226
409067
171925
378727
333656
288298
196633
167190
105687
186069
388941
153927
205945
372605
360270
391706
199711
400413
318458
444926
157662
442200
187054
181315
121267
241458
194063
227015
337892
160918
163555
317869
221073
296829
113698
309940
273745
284705
244668
309166
344940
182797
323403
102094
150033
303737
448957
367208
188942
113679
226064
451467
369214
342484
166744
450147
203789
208717
310870
327541
241071
184593
456225
154913
150940
218785
146558
362722
240927
133774
225897
138974
366372
393287
330077
277754
273772
244202
253670
424892
226312
145894
399588
115315
256848
153916
218585
323404
370129
151698
289444
438833
288582
196810
201702
207487
439708
341411
159422
315131
181918
147355
236204
197825
105485
327240
375985
104564
404457
397001
235199
214490
365485
263921
122968
344526
360416
342132
118702
372068
366764
126550
414427
254469
126702
184377
186659
179266
387416
376601
275094
362217
311592
156892
237463
429803
267571
342061
406912
381706
273785
302564
375561
272695
419687
307957
441216
420675
310786
321087
131244
325130
306272
366610
445703
292628
166456
270169
295578
131289
117552
352774
277553
140291
191558
130097
416548
361840
429695
129219
344922
450325
362276
298290
356719
187889
368106
191187
355098
174776
384152
272694
205454
291163
230719
278801
251282
421065
226808
106127
273263
104707
111361
155398
320299
407318
185052
193495
178580
209777
194202
206442
307499
179549
279014
241391
420798
420205
400752
455855
207571
271695
238697
136087
338472
446886
412896
235564
143048
418325
200454
442726
162087
209805
365494
300843
390314
205301
198913
167483
400050
434636
176786
254553
346894
377430
299058
244020
224451
381260
301594
214455
259530
169620
405288
444541
187321
346441
155916
343108
103237
431891
336406
158476
282369
443995
204549
373417
374760
186989
365399
295695
451595
215616
177662
297784
237805
319466
264581
292230
336639
152639
371225
128730
333928
230375
161602
344555
427010
206115
255266
151359
303914
260342
108889
343890
452211
431239
453166
198827
292770
324523
232619
415084
305953
257327
420449
277382
364994
450426
436272
204912
104896
289675
266973
179157
149824
281030
110483
359217
454815
137243
434634
162115
108972
199908
207200
431648
178546
186022
135576
172764
278401
109894
343303
406074
178978
153688
372918
239821
401423
223280
199090
190399
124657
376942
207421
320829
314113
338795
220798
348001
270256
202742
282919
312093
174163
352491
380605
263586
204353
171957
153674
445067
286532
121664
263880
137322
285711
332747
175797
306720
356143
290044
261100
387581
245859
416174
141098
403392
394933
182463
313868
239133
390375
435028
236202
316024
164745
134020
245140
317388
109157
149527
121330
318575
243823
370382
168258
108480
350143
134616
416845
250476
145010
249511
149833
267734
410310
264990
348111
283158
249164
213198
220550
103563
200559
143051
209215
291046
152238
161601
366531
430900
212932
360749
397223
271116
301925
177723
106128
128479
143580
308131
103333
205597
159448
226034
387587
370860
331448
199169
379010
101937
179355
148202
452480
456051
146681
211473
203707
431370
138666
124659
105778
130234
259763
351900
271840
259542
246291
309305
451202
102451
304669
358967
218544
198162
423093
205484
308541
403792
312789
211023
256219
321263
101131
369213
440010
405459
329171
220134
382861
326257
276663
278217
248682
311533
223426
393297
249178
317382
269694
396843
428669
259745
273808
450912
248571
215397
108996
450048
191156
390900
148469
289582
256463
368866
326348
168700
427354
381312
357538
362209
351130
194473
223004
320444
204178
188869
226322
227726
304317
310308
395522
149551
316124
451637
259267
451030
219010
280239
201956
179879
366360
440871
144749
443246
214961
195972
328870
269796
252211
164915
330328
346366
102891
358115
376219
174753
369975
242396
191563
119558
169706
365029
411897
422652
166936
332702
218816
408640
412786
205630
237797
128386
284679
356838
442917
360282
291176
143675
121231
155071
240127
329743
363986
392787
160898
153025
386118
130132
134966
296740
213127
234989
446718
168606
399336
126600
295806
260378
448576
367586
452757
406000
365360
162301
154022
164105
417336
413643
425868
360481
112550
316968
120815
123562
326236
415797
357360
382032
225587
195610
385341
107904
344566
172625
455762
297655
422765
421748
410402
195470
294824
168590
455856
425640
254619
366208
379802
407028
412189
218433
245538
209160
266480
304868
215128
305992
268680
264801
214147
119363
205461
353286
394234
363912
269646
388113
132569
347334
201039
251614
336093
331002
371597
372954
273131
347200
139823
362018
169634
255341
112503
267788
240706
170219
104962
245739
336666
332051
281388
288870
340670
331402
308638
246470
405495
215123
199250
141783
438538
233806
366608
332723
365268
210305
311797
342626
228261
254737
249512
311735
124411
408697
244180
372801
438194
385926
422953
303206
128804
373010
187191
173499
329402
386998
230528
169408
258861
176150
225480
186633
384094
211353
418276
315392
112222
442068
369998
105140
330319
396845
410394
163919
166958
455616
261816
308583
176564
259989
179215
139235
221834
225275
349576
377616
131408
327352
244332
353702
261224
201361
196824
157084
335935
314800
180772
435955
332822
316392
231500
357643
124757
262122
420110
176372
186215
142343
269126
151345
240434
276006
199590
324815
238493
431208
159028
341527
150319
354781
173954
193451
282511
222997
428167
422539
429706
284402
263342
241316
276923
314971
196187
253790
146823
431530
453513
322304
241603
373974
253699
134596
305724
104017
145145
371599
344639
372611
271771
415662
114678
377125
165072
433171
256104
237948
134633
212574
309424
206237
168267
291229
338611
372363
265034
315204
157707
238267
326694
424898
193380
326759
186222
212122
184762
182475
151937
251916
138844
455724
206489
365911
321072
311410
303617
319054
139147
446516
323662
149128
182114
395695
300925
253121
207077
447778
206466
400944
280960
368596
391100
156248
413571
456157
455858
240850
340791
263107
449715
156692
450213
432713
171930
255819
392361
239434
438591
218466
127949
174227
248081
149441
281612
216476
380524
170469
133995
137098
148211
196107
452254
198943
264653
421737
195059
278562
116791
294956
434871
164275
366792
427778
101566
279438
161018
358037
341658
154649
244380
376744
245920
251243
381324
444099
190357
240596
179564
372158
205033
255418
228631
136478
218988
133164
108246
268348
411866
372024
128111
363313
160776
441034
173228
176235
293110
424964
401810
315931
437555
379368
430501
230197
302375
106651
295222
169280
129252
368997
164697
146346
204243
431725
375510
152099
143937
375281
207507
119505
243119
245122
100124
449722
257498
414773
454635
342108
372841
398316
315694
352177
406434
317920
180061
348441
282882
448923
140692
364294
420404
417938
181220
244762
364282
226139
311836
100862
224476
156643
155953
207288
345914
442099
247519
237830
388452
224390
406546
409096
114597
233464
247838
383790
390304
244872
435037
298648
345926
290390
385862
410492
158725
333439
250456
269629
343987
449107
251755
287674
155056
442284
357507
356229
349903
318977
158907
385856
443860
239714
400433
372511
151431
248312
289415
255740
326665
320005
200822
185225
101727
174894
288236
209797
141838
310000
190067
143246
358890
266781
235705
237363
360576
234766
364604
304203
141018
371682
449175
164765
372635
380365
123023
443911
368649
452972
419302
210521
110852
372591
131894
177194
173041
249189
228993
114155
409378
120049
333013
181533
437504
256255
224247
295537
116705
226764
363104
214160
238533
380759
303867
262723
104464
253054
257374
121084
194067
140914
384223
114228
364795
208252
343715
184644
294467
190016
339086
297291
188582
142208
144738
333915
179039
140972
215522
207627
267719
423647
134027
310090
297661
293079
317430
300091
369268
211149
422097
202586
397484
265736
236983
347820
165719
212330
118593
101606
433586
447615
216584
440678
393581
239129
175419
147944
354400
408859
116762
154157
225658
343913
305124
419559
284913
353420
351466
392448
262082
374538
119819
417099
407639
362023
105444
257032
430776
188250
143985
141321
312070
178674
329658
246440
448501
137554
188642
236254
399425
445967
141295
254507
402299
166992
325100
367420
419641
427112
351793
189002
350030
247536
140783
340990
396524
286067
449521
424504
171329
184466
310756
227378
288107
282716
113240
365111
223374
180411
447162
164826
414005
443496
130112
176113
443465
414215
255514
223721
292877
165642
186067
284532
280689
158999
421769
204892
434231
306728
407359
324975
360892
407103
415590
384421
337466
320531
245009
243074
376192
394876
443899
203709
218940
381348
254463
129582
236208
138206
426261
366710
127765
370143
129967
103853
204422
113014
100195
450899
172756
232510
347466
302073
414387
140570
356799
303224
310572
353975
380088
190079
197635
277194
394650
175616
101552
436487
212230
152435
449834
282883
218373
424468
426242
392897
238661
439406
147558
227211
291649
449811
157412
311372
108553
444337
424794
379697
446782
378088
106299
163890
326895
328421
418624
263285
267772
306287
202193
451195
286280
183269
137247
156946
100396
112942
369029
417800
426301
318085
100103
254912
279249
346072
361280
251227
445604
220526
456056
292849
388410
267554
291535
229679
164104
352513
280528
454951
120728
239569
169602
358575
354125
181728
276452
344474
230943
101335
394497
343447
263063
436646
344344
351493
369770
152581
217752
159194
296488
202810
205314
273412
271008
380736
149542
273055
442916
452611
307681
109521
367054
168172
389546
387733
103407
234839
182703
350821
391006
420600
101282
143978
205660
386396
113981
378800
369814
224212
200563
222129
100971
261663
145546
267812
158130
120608
349591
434204
409178
304285
327736
427987
336114
258509
435290
438704
378178
257480
291079
412020
152498
433346
160229
413125
137236
446828
229304
146851
203389
445910
454602
227374
237956
347724
414893
204355
133925
226687
173131
290185
283473
221748
422888
259979
130213
328803
236646
159347
344070
433803
177197
355668
113051
377002
453993
408434
144279
346827
320169
111700
374415
255547
335162
190635
191830
415760
232286
214426
264839
371190
118432
157750
345376
183185
219020
370318
382648
438699
171389
129522
279818
186463
280852
194032
137190
141676
280162
239984
437714
106492
210975
341322
103935
247887
182934
162042
453757
304116
166795
278822
263806
235959
234206
232946
281046
227212
135287
263884
380593
124019
362626
307719
390022
352088
221029
113517
334202
428737
443468
248061
236459
132098
389322
354756
440972
438669
123624
239512
100378
394949
399322
180049
394907
365963
449231
412403
222607
436437
165053
340124
398992
382558
322777
431193
143856
153610
307774
220405
248793
365908
212582
244644
427566
262558
144687
196050
221013
300878
165870
422597
235360
237839
287379
402319
101749
232843
142425
165015
420486
107989
116748
290859
265887
426794
253581
426049
234602
374740
385540
271414
161448
160221
172534
157878
427270
191829
387563
115855
335022
367718
174447
312622
266130
205032
383726
382978
315776
331424
315127
151243
272497
133542
388718
362608
349298
105162
225597
244161
355988
248625
329194
346408
351004
366098
127678
184397
445159
236815
409142
387809
379539
236542
183963
127256
312405
213573
259320
304694
285623
162803
235610
358486
332610
448731
260454
390891
275326
441549
381474
147634
244038
173631
148685
383309
364466
312513
343759
156051
334496
394532
350663
195953
362909
143272
225087
162409
137028
452445
153115
102236
321240
378573
321619
152712
179353
393448
140113
218968
338930
223273
379893
135442
126237
217111
361365
165012
158702
187836
122417
107346
156734
351432
414167
110252
156262
236099
116506
322365
267603
351712
303886
179930
332218
287600
105665
407412
135696
346973
362779
244988
269001
333103
328932
217767
325929
407992
151389
306514
198011
363020
436907
283744
390217
203934
197774
411931
202265
439734
385000
414901
424487
163096
161598
409901
417200
123436
307192
177604
193546
121688
331324
418892
372582
149466
165080
314901
297578
200647
231090
210303
289620
213160
323511
405889
130365
389577
216309
270197
415862
349486
330677
385556
186196
257863
253064
355373
381351
182801
162038
410808
432631
437255
199038
432016
342630
346861
452841
189119
104214
284173
414247
384139
287986
210757
144273
160907
241053
278852
263197
374504
285898
333325
185631
337933
414571
225899
246438
213466
275207
230750
392842
234401
302832
273041
182141
303699
423221
165028
426327
356543
303545
102762
358757
173767
228660
344434
387133
422801
245740
180219
436904
195427
451292
297214
356936
280584
206942
149097
195087
235169
289548
295572
240160
361731
265067
265258
254746
153806
253541
291271
388156
126613
369125
187166
243461
203178
311454
212465
118927
241826
329181
360247
113478
432387
136084
171926
355401
150590
268933
265047
120551
367773
379981
402828
120973
100660
207126
308138
171204
318327
430420
285563
193905
126085
177222
428249
261168
254255
219484
117098
417385
421098
366922
121520
350024
436866
279905
256536
243787
387959
360507
433508
211124
280039
395580
223362
301496
202723
141029
263443
357237
329488
328952
184678
336900
222455
407352
382197
393926
374651
340780
112218
343558
143763
379908
102290
153791
191017
164769
274834
283867
176385
257693
360142
333595
231057
418347
216950
434919
215601
405440
234140
361470
352076
365090
409824
321449
298688
157975
389782
180893
289154
354499
355762
199360
395697
346913
298407
170782
293348
199938
372123
273804
363211
269624
387083
443358
138314
402912
297837
403587
198531
442336
211226
217975
156351
442447
444351
384120
214303
102084
111195
342536
332024
344517
444292
227123
407987
109082
248329
430236
220015
298878
383292
413952
421444
425339
344948
150098
346678
426062
236780
403533
386885
268669
435050
260354
283016
328119
217415
293156
209463
296085
422140
389067
368657
413665
217193
285265
447661
290808
266609
191100
250518
201971
213933
231327
421533
389501
447340
418187
269864
318542
442955
425570
237438
333294
244924
383284
444857
258218
266372
169739
171653
110057
371622
235158
389230
321408
221439
329640
417520
366633
210589
427974
179269
150394
291820
268266
228611
350978
424175
256441
119004
127210
275790
137555
161493
209798
193175
253896
263910
316553
389556
157175
299044
297680
271705
258265
439857
429346
162067
121420
418189
141469
239435
427349
284778
135920
456162
341186
109692
402800
138059
406149
432989
146152
102631
136595
431653
193812
398402
228523
429371
109475
158578
342623
125110
362180
337732
330733
341792
233902
270923
206438
436608
199317
445987
364608
344596
437085
246468
368716
323094
404486
295831
238824
207045
391349
366955
433753
115842
217157
229907
252161
264218
322294
271879
140659
350562
131146
139652
421040
424052
203572
145553
141994
107788
219757
401540
230643
125452
424944
264706
244052
335548
258901
150336
360862
110366
450776
368951
187457
407871
262946
370694
354968
170303
207467
219972
271506
416232
188047
273659
329619
183914
434526
394768
103376
305948
216836
157669
104484
166173
184506
144303
110873
280134
390906
380951
302262
261096
114536
200158
149497
366822
179423
183029
160312
138048
390960
322970
151590
385345
358578
154485
317918
399764
386896
176002
290870
377014
441962
242903
151287
158405
106622
278658
110415
327046
447352
134444
451974
204018
105901
251408
420965
183083
313420
152049
300378
105697
295844
305859
318136
239802
195093
375540
200273
335725
426514
264413
170554
264730
187790
116887
289866
116809
180922
385748
423656
261030
247939
197220
123692
268811
440420
182561
209438
415059
160879
361174
292260
250087
381613
139158
258161
277542
355367
332380
205634
283367
266063
289688
115989
289107
283851
122524
182982
234558
129139
254227
302890
204367
130579
293127
243738
252576
439916
138657
399848
148588
413873
362059
407234
285362
325507
294227
438945
419074
210074
172154
199689
410232
301726
206310
238466
352809
147924
145163
418385
237155
249014
275626
353149
163456
153431
303879
414165
284514
165731
332136
274692
342219
288987
388982
292882
349896
136239
264725
152235
373829
321517
319442
226821
225476
332918
186562
292111
188684
261453
307492
387988
237569
417180
243553
157749
232454
302740
303655
434839
123661
311216
254557
219818
260168
224314
277539
293719
308563
100326
393848
417726
273714
181916
241145
424172
322964
427022
423657
209903
218443
434734
165187
353156
220885
186272
243347
395236
358692
166098
176874
138000
167723
264757
118832
152854
154774
216443
240033
344661
306085
101924
179744
271283
200509
365535
379682
174883
145077
325463
257423
110654
186134
450103
350158
310612
427213
287078
354992
198582
221607
141091
289681
242051
255157
314668
218726
351540
323566
110291
187946
100838
322139
441495
231331
182730
330417
257347
426942
333329
175060
261831
139863
316722
261074
117262
301092
326379
327378
228635
131330
132697
218770
237461
209783
379861
449187
328574
325871
372340
429988
352410
112074
286385
286970
255836
341712
342640
135852
285560
248196
172981
255624
355897
344791
431922
124118
248692
230183
361468
347751
420428
428798
110090
159916
413382
230319
237930
122406
290776
249104
110374
435198
278350
232097
109407
408461
155869
344389
432844
140003
250238
117697
451843
340273
425238
157161
277901
422989
281293
249037
159970
361562
453447
321326
331226
169445
181067
402786
377124
254462
439246
382119
378805
282608
373366
393760
387320
125296
184806
190464
302001
174111
198958
281821
394503
359045
322943
321977
165248
439946
217261
413988
231418
213902
283967
236544
365620
195106
375899
202535
228966
323702
394793
215960
352318
392596
152241
341852
253626
258874
399502
342908
387710
239414
276738
349767
323061
293753
126854
201151
366551
253359
342903
159138
234747
393230
358853
360287
365147
198526
325333
370559
175256
177636
268713
126257
158904
435645
342905
179757
441093
219681
100146
167657
389916
432701
103069
195490
295359
308726
297014
106257
295548
185499
326965
262602
385976
361037
197446
299267
189475
339998
389801
136401
440515
310643
384010
443604
175243
375954
416004
242780
396734
290982
350549
248074
207183
334883
311566
149844
390763
390043
233616
219829
436946
429573
372620
256999
219441
383629
393122
128869
137330
418681
327380
164429
446360
268297
154810
245197
204248
137019
251657
115227
124237
227240
302354
207640
214471
428123
181725
232214
439349
118625
432063
312150
229495
361650
308848
216581
429639
413399
393044
177245
394770
184147
347216
195237
265554
439262
349634
434105
149868
272766
379306
307656
305365
235670
165312
429865
338562
113568
245583
180211
155615
310149
411257
325004
347704
206390
376888
266779
231366
410050
409002
114530
349090
406206
264427
333367
425058
364752
423812
434320
434305
113231
336022
284569
447552
183319
203609
444156
142026
100844
226753
416943
222792
287432
170399
147838
440844
150629
284724
227244
386687
308003
141661
252408
211552
188805
334672
327526
328494
230476
193617
256645
394070
231287
124202
186691
420442
171451
396521
327711
325351
384499
226794
253554
419055
277405
107669
102911
451393
359555
127439
333318
433887
435726
254361
316359
350302
419380
358515
194886
394780
386993
166502
273145
145571
213761
161809
397443
238352
354537
131546
272613
300713
253789
143049
162061
175502
136562
235108
355623
125588
412375
410655
427332
154528
195682
455198
183500
100115
232970
276878
246865
328308
215467
255950
211817
399335
386474
247542
329906
434278
188806
243378
253781
108452
308044
247241
442999
111974
425359
159017
106589
233848
404048
164879
254624
420041
292723
109494
274843
366139
321904
276656
388305
393866
441756
437780
278051
312964
322308
363714
127973
264009
445261
217037
244297
455665
332898
309760
226215
262199
239032
418176
255116
254991
406772
153128
335816
250345
302619
454484
226981
302022
341976
176369
447749
280260
219104
374539
454914
405075
286329
306170
172810
311377
442601
222277
387328
326408
408473
159458
271885
292129
142176
413825
294488
450313
236310
145906
133707
378741
366527
232013
211432
444145
382659
270848
436795
268991
438376
332230
280951
398366
243804
356228
178195
236164
444535
269040
339898
219662
263384
328921
430511
415321
394194
394143
180619
118629
174731
232448
214029
328146
374036
350388
113437
131230
453839
323447
328373
169266
392490
424385
367815
213699
316875
270525
241580
222402
226278
178940
306058
173681
438391
399488
172148
208011
185905
218533
431050
323175
172375
371184
335545
437400
445664
259011
370759
441068
293109
317262
189713
398164
119902
305608
416493
420139
127434
324478
284829
170089
392767
406829
128547
144942
393145
157167
150513
348645
143179
173938
352957
434689
290017
231213
208729
259936
454249
211288
306754
287663
175572
432723
221167
112836
180561
423865
207292
347778
301839
130031
233414
335034
144230
378593
406412
345462
130288
122515
341517
251283
421820
185097
270075
269951
104209
232921
443787
230247
336369
272839
419872
448627
421389
358473
314208
315796
289661
315716
429720
385793
133187
321554
343509
228623
421092
430141
434082
406151
162593
342763
273915
166388
388885
355797
284330
178090
439948
217934
107195
191216
178266
308183
119957
163545
399553
425305
109528
394577
101112
311320
213176
222272
394011
380961
444198
341486
294367
448325
194742
236738
230466
339576
180016
394660
440648
243995
325532
227815
329151
297841
379632
263927
170628
110678
147028
290240
414297
432519
309438
314834
296186
203028
362553
232548
291884
105033
189983
294747
356479
327599
160691
419670
221690
268722
333714
227548
333681
428560
167336
424902
404824
118206
445400
207490
293449
212172
422783
375914
305262
169096
255359
238857
357178
201636
395329
143208
374248
443140
364708
345911
400641
105048
148259
315197
322882
302731
334550
107155
176673
260209
445782
157833
313684
305551
152112
189619
126287
332903
448444
280056
354888
369747
262003
426969
233573
140092
426415
107191
128645
446848
403038
330972
191331
405248
421633
182454
302272
306737
188984
228146
145267
448403
178818
247996
293245
157219
162581
192083
116074
202651
120883
424474
162530
261636
442844
295732
321395
225458
176488
233728
151044
393643
203030
109419
298045
148037
185104
164893
217834
444135
205536
159177
224295
131225
217922
320598
112247
254758
193743
226935
446646
164416
421881
119640
369118
369644
316873
449342
129452
211283
236848
278062
374329
430006
401887
296305
451779
108258
139033
205317
279738
214784
340722
139751
396970
270913
345311
263687
321104
373144
175918
445276
267367
202942
377026
102275
330500
229983
379801
146207
367045
263838
285820
324546
291743
309105
316790
184565
380323
362793
213652
415803
252977
280073
344943
341500
203942
101914
102531
381690
187965
162906
142702
199644
104989
392402
192748
167221
214618
422730
432964
124842
312924
317999
143569
102402
253753
392313
412968
312144
430093
187098
449065
279269
100650
395656
298466
200643
288538
119737
446021
142158
351224
101070
397942
226743
216017
321611
284938
173843
293919
361384
369656
216986
104307
331013
322145
322745
433807
202919
243507
133116
251290
240611
314924
111417
218005
347345
443453
116810
290651
147508
233420
329259
186118
123769
453472
221810
184639
177773
399486
259191
349160
156482
385160
411056
418418
156359
278504
180326
361484
256399
234514
332936
277631
326174
241589
337383
138515
161648
422757
366316
209509
113441
143186
355652
279344
354466
177945
342538
267563
316401
196167
251814
317782
360983
348046
212195
230980
351731
384903
219268
455954
233465
110819
416468
211968
447130
332394
412774
190799
281481
315082
329019
383650
337263
430966
384813
384795
345378
325977
397934
306466
154802
306780
377438
220553
421275
323460
115664
365745
174799
267409
150288
418538
266691
221127
123481
392451
103423
290420
397409
308437
330504
387432
193571
310133
332767
132520
142823
264543
335847
235308
395690
356421
378804
324775
105944
333095
237742
439401
424935
261527
375199
279514
211538
170650
369228
261717
210119
363332
378904
133519
152727
364570
408140
169922
438234
384095
397246
107708
419605
349999
346813
338654
181253
317807
267846
336997
446903
340230
254332
383844
282707
357729
291374
420133
145535
233715
128982
137197
322575
127253
402413
217372
263982
136304
258324
110508
282967
315411
106847
218182
151705
127408
273991
370251
298755
103017
357040
166620
173025
440157
422950
114377
127280
299617
133155
334314
449990
225816
125013
164988
370001
181493
178696
450567
406984
352574
223800
227838
223746
280645
142695
201888
154984
361442
369389
165088
285799
311852
325441
449584
325407
172069
254297
422569
258447
176899
305167
126944
188870
428381
292083
126177
292478
215075
164743
147977
168539
360495
294283
291778
262923
115879
379003
211842
379791
287676
359025
123487
445486
249376
277881
314565
323564
312165
155552
110577
139759
104945
140713
124541
103055
323531
303190
195221
226817
446520
400984
356914
221831
419614
153820
308151
143637
156886
359006
335896
342179
127521
392043
387239
383823
384620
384473
281746
403148
347295
436253
422824
350145
173516
236265
407187
130232
362245
412334
312457
269097
446250
247308
413412
269400
408313
140249
352184
388874
255708
307490
228555
449073
453719
182811
238036
126040
149306
330669
274404
428400
148848
115994
363631
121291
452378
366647
416844
160311
355429
164137
130026
244374
189802
441259
118958
355936
350092
387161
192250
275196
265176
356631
321901
437782
206813
373100
387496
198785
153631
341698
232143
319328
105410
271817
309943
389119
169843
401376
260974
239208
304697
179999
356420
109793
343262
438680
152149
379369
406232
202244
392791
441845
372836
227095
283272
186941
177793
136089
245649
276083
284704
229308
253599
411469
360117
160912
266645
304882
250978
128808
219357
204302
197702
419663
116330
237779
166527
245789
399687
101127
359573
360866
126858
342231
406640
159497
306096
143009
443003
158970
200880
146431
174370
362538
229092
106828
419528
266778
266985
291288
428662
433465
435427
137115
296879
393043
163359
325559
250385
336640
270478
320893
443322
243422
441496
303851
278546
414429
278494
325143
383882
318889
358526
358303
167496
212010
178277
329699
447510
454803
340815
301959
389524
327538
140220
383228
278574
440992
429730
368958
347563
293844
308367
354779
143887
361542
389332
385654
195499
430733
230609
106466
218629
449031
414300
213042
323882
208568
441806
123672
398957
102646
339080
365195
386702
356272
239590
290767
337349
299245
263583
107493
115682
166408
397296
196806
216123
219242
139094
237504
168641
254505
138864
231187
219299
420096
160590
141442
353893
234424
192588
234212
386067
157700
417908
347520
305955
239626
260689
334410
196725
362724
391593
224603
260787
350105
266966
435994
333511
153309
445088
409329
263439
285503
385316
119201
324245
393583
139210
273453
108152
316949
379398
392262
368377
203453
347567
389699
108133
133459
175449
396178
122335
252394
185372
101492
420533
361921
372009
422571
264629
376864
437072
175165
290573
226727
328613
406580
333148
185002
221862
384084
146930
377612
203467
432968
318870
448775
407372
114252
256237
236909
160846
212394
397837
175328
337213
167070
246719
249051
155175
454253
319779
336058
205270
424065
390248
185437
357101
306639
293921
430470
456207
387700
117386
407701
178153
117197
247096
142593
136196
188545
343760
371610
352790
132515
115976
191155
352509
205481
429133
217105
321729
318707
161320
252138
178323
273748
241803
310335
447827
273561
223828
181232
197798
280735
288894
380454
357664
256945
251792
280487
382838
153468
212365
179143
393619
241884
133076
212285
296574
172306
325597
280476
323467
428927
249599
383223
275035
434853
407649
327067
240542
429152
246261
176274
373298
143888
212644
179439
160163
272456
144985
374821
240598
240682
178274
139450
400060
219674
234312
288024
161557
448396
214747
441503
104950
231479
106432
150754
287413
134681
395781
370576
404255
373950
325071
354915
153255
398946
425138
369499
395323
254703
101102
414525
374513
289282
228484
159377
263382
185413
141188
398514
