242466
455366
205997
254909
117638
404669
423529
219187
177755
431391
204262
118556
348738
422968
251201
201430
431353
166985
382411
201166
296659
309819
240777
370151
450838
127132
271653
238856
378308
388207
253296
342772
178614
340881
184411
131756
425935
308888
123254
450045
287359
186521
175668
114153
128618
425088
185291
233197
388569
242304
288054
227844
336140
398265
427943
161900
381342
346611
376191
357883
122140
368075
378828
132833
372314
201457
374135
445717
265603
274413
180504
111556
339264
293244
253966
133694
183045
130124
246144
181367
229179
166054
377016
190486
118927
299590
233000
269608
448848
339171
248256
334243
401736
125239
311025
327467
243219
196438
375917
155311
263286
227926
149092
323287
136638
353060
124851
332479
320679
227719
103481
215859
332600
158742
180950
419711
217056
345176
282659
170034
187293
441784
432273
148620
192328
265967
178966
318195
201462
208309
443837
185327
276868
284852
370883
364985
416564
371629
165580
247873
218360
373060
125940
255285
450791
172837
454629
359851
140391
228864
225420
376073
127545
268596
386027
126760
116088
417083
249797
139229
376453
154983
144296
171236
416465
444834
279245
362867
236818
342606
333865
237978
333276
385462
112212
158209
218028
438248
432049
350968
112352
237764
138268
365675
239999
358252
142522
167256
240681
221544
192813
210775
321723
129094
101786
416028
244308
384190
101054
424562
168589
344048
449480
338198
347816
256154
199277
211459
287642
122503
343538
404635
110797
413025
148685
315280
423623
238339
123951
273465
291998
316090
129698
374539
450297
102299
268794
193251
201470
419488
183992
189495
166576
399745
410292
360396
440875
355558
138178
223646
364834
182493
162378
264103
406366
188366
209647
279868
140983
384681
226358
169439
239857
321593
315204
272775
333599
437600
259017
239649
121202
344794
432862
172271
211279
449428
282228
167883
108809
417218
171947
382181
107456
442160
132613
291803
188933
238319
206975
205816
219947
387116
444186
298452
163036
142197
199435
152117
270115
249752
183351
119564
202459
244817
327063
271917
455323
114458
343670
102869
394583
149059
432956
340218
447276
251130
172544
160483
261310
374258
259477
107960
445560
434235
380804
296564
426924
175556
422236
145096
373176
390081
312099
113085
229683
410017
331283
242503
113006
227136
103871
275357
411776
213034
169630
328653
207898
220388
162588
301351
380214
398892
311034
425252
390163
265610
273898
375454
415021
255816
189306
238284
377195
153356
261569
172935
425163
145059
201646
393222
393519
216947
156827
133735
244933
434900
429962
272870
276533
130584
263178
452349
107984
317727
331356
409697
371389
203200
264006
314647
113301
455245
314094
186494
219895
174339
320579
443591
133958
151592
423476
412076
357449
195808
407236
246511
122062
177652
334646
253320
