378510
166474
215317
160906
276104
385748
395675
427194
307841
243048
289874
123093
414572
401556
180275
369554
119850
192584
260943
144474
127523
376528
429008
154214
439447
262353
221862
341966
252994
421772
301276
274168
302124
427468
271563
282160
386779
390860
260565
331184
444865
311794
319723
206515
414020
281305
426498
179697
379204
332648
372954
307257
206415
395026
423102
385413
179086
437644
447552
361875
357849
392893
108477
375954
383322
118687
213230
425138
284377
350003
226033
356442
289527
365509
379535
442207
337849
324926
139608
324452
