378510
166474
215317
301687
276104
395675
192758
427194
289874
447323
378188
414572
401556
180275
369554
119850
192584
144474
127523
376528
166918
429008
134238
154214
439447
262353
221862
341966
252994
421772
422703
141186
427468
159849
282160
386779
260565
331184
363257
311794
319723
206515
414020
281305
179697
379204
315474
332648
307257
394468
206415
423102
385413
414763
179086
437644
447552
222586
361875
357849
392893
375954
383322
118687
195267
425138
350003
213017
226033
168293
356442
365509
137200
379535
337849
146743
324926
273166
139608
324452
