378510
166474
215317
301687
160906
276104
385748
395675
192758
307841
243048
289874
447323
378188
123093
414572
180275
369554
119850
192584
260943
144474
376528
166918
134238
154214
439447
262353
221862
301276
274168
422703
302124
141186
427468
159849
271563
282160
386779
390860
331184
444865
363257
319723
206515
414020
281305
426498
179697
315474
332648
372954
394468
206415
395026
414763
179086
437644
222586
361875
357849
108477
375954
383322
118687
195267
213230
284377
213017
226033
168293
356442
289527
365509
137200
442207
337849
146743
273166
139608
