166474
215317
301687
160906
385748
395675
192758
427194
307841
243048
289874
447323
378188
123093
401556
369554
119850
260943
127523
376528
166918
429008
134238
154214
439447
221862
341966
252994
421772
301276
274168
422703
302124
141186
159849
271563
390860
260565
444865
363257
311794
319723
414020
281305
426498
379204
315474
332648
372954
307257
394468
206415
395026
423102
385413
414763
437644
447552
222586
361875
392893
108477
383322
118687
195267
213230
425138
284377
350003
213017
168293
289527
137200
379535
442207
146743
324926
273166
139608
324452
