378510
301687
160906
276104
385748
192758
427194
307841
243048
447323
378188
123093
414572
401556
180275
192584
260943
144474
127523
166918
429008
134238
262353
341966
252994
421772
301276
274168
422703
302124
141186
427468
159849
271563
282160
386779
390860
260565
331184
444865
363257
311794
206515
426498
179697
379204
315474
372954
307257
394468
395026
423102
385413
414763
179086
447552
222586
357849
392893
108477
375954
195267
213230
425138
284377
350003
213017
226033
168293
356442
289527
365509
137200
379535
442207
337849
146743
324926
273166
324452
