242466
455366
254909
404669
177755
431391
204262
348738
422968
201430
431353
166985
382411
201166
296659
309819
240777
370151
450838
127132
271653
238856
378308
388207
253296
342772
178614
184411
425935
308888
450045
287359
186521
175668
114153
233197
388569
242304
288054
227844
427943
161900
381342
346611
376191
357883
122140
368075
378828
372314
201457
374135
265603
180504
111556
293244
253966
183045
130124
246144
181367
229179
166054
190486
118927
233000
269608
448848
339171
248256
334243
401736
125239
311025
327467
243219
196438
375917
155311
227926
149092
136638
353060
124851
332479
320679
103481
332600
158742
419711
217056
345176
282659
170034
432273
148620
265967
178966
318195
208309
443837
276868
284852
370883
364985
416564
371629
165580
247873
218360
373060
125940
255285
172837
454629
359851
140391
228864
225420
268596
386027
126760
116088
417083
249797
139229
154983
171236
444834
342606
237978
333276
385462
112212
438248
432049
350968
112352
237764
138268
358252
240681
221544
192813
210775
321723
129094
101786
416028
244308
384190
101054
168589
344048
449480
338198
347816
199277
211459
287642
122503
404635
110797
413025
148685
315280
423623
238339
291998
316090
129698
374539
450297
268794
193251
201470
183992
189495
166576
399745
410292
440875
355558
138178
364834
264103
406366
209647
279868
140983
384681
226358
169439
321593
315204
272775
333599
437600
259017
239649
121202
432862
172271
211279
282228
167883
108809
417218
171947
382181
107456
442160
132613
291803
188933
238319
206975
219947
387116
444186
298452
142197
199435
152117
270115
249752
183351
119564
202459
244817
327063
271917
455323
114458
343670
102869
149059
340218
251130
172544
160483
261310
374258
259477
107960
445560
434235
380804
296564
426924
175556
422236
145096
373176
390081
312099
113085
229683
410017
331283
242503
113006
227136
103871
275357
411776
213034
328653
207898
220388
301351
380214
398892
425252
390163
265610
273898
375454
255816
189306
238284
377195
261569
172935
425163
145059
201646
393222
393519
216947
156827
133735
244933
434900
429962
272870
276533
130584
263178
452349
107984
317727
331356
409697
371389
203200
264006
314094
186494
174339
443591
133958
151592
412076
357449
195808
407236
246511
177652
334646
