242466
455366
205997
254909
117638
404669
423529
219187
177755
118556
348738
251201
201430
431353
382411
201166
309819
240777
450838
271653
238856
378308
253296
340881
184411
131756
425935
123254
450045
287359
114153
128618
425088
185291
233197
227844
336140
398265
427943
381342
346611
376191
357883
122140
368075
378828
132833
372314
445717
265603
274413
180504
339264
133694
183045
130124
181367
229179
166054
377016
190486
118927
299590
233000
269608
448848
339171
248256
334243
125239
311025
196438
263286
227926
149092
323287
136638
353060
124851
332479
227719
103481
215859
332600
158742
180950
217056
282659
170034
187293
441784
432273
148620
192328
265967
178966
318195
201462
208309
443837
185327
276868
284852
370883
364985
416564
371629
247873
218360
373060
125940
450791
172837
359851
140391
225420
376073
127545
268596
386027
126760
116088
417083
249797
139229
376453
154983
144296
171236
416465
279245
362867
236818
342606
333865
237978
158209
218028
432049
350968
112352
237764
138268
365675
239999
358252
142522
167256
240681
221544
192813
210775
321723
129094
101786
416028
244308
384190
101054
424562
449480
338198
347816
256154
199277
287642
122503
343538
404635
110797
413025
148685
315280
423623
238339
123951
273465
291998
316090
129698
450297
102299
268794
193251
419488
183992
189495
166576
399745
410292
360396
355558
223646
364834
182493
162378
264103
406366
188366
209647
279868
384681
169439
239857
321593
315204
333599
121202
344794
432862
172271
211279
449428
167883
108809
417218
171947
107456
442160
132613
291803
238319
206975
205816
219947
387116
444186
298452
163036
142197
249752
183351
119564
244817
327063
271917
114458
343670
102869
394583
432956
340218
447276
261310
259477
107960
445560
434235
380804
296564
426924
175556
422236
145096
373176
390081
312099
113085
229683
410017
331283
242503
113006
103871
275357
411776
213034
169630
162588
301351
398892
311034
390163
265610
375454
415021
255816
189306
238284
377195
153356
261569
172935
425163
145059
393519
216947
156827
133735
244933
272870
276533
130584
452349
107984
317727
331356
409697
371389
203200
264006
314647
113301
455245
314094
186494
219895
174339
320579
443591
133958
151592
423476
412076
195808
407236
122062
177652
334646
253320
