242466
455366
205997
254909
117638
404669
423529
219187
177755
431391
204262
118556
422968
251201
201430
166985
382411
201166
296659
370151
127132
378308
388207
253296
342772
178614
340881
184411
131756
308888
123254
450045
287359
186521
175668
114153
128618
425088
185291
233197
388569
242304
288054
227844
336140
398265
427943
161900
346611
376191
357883
122140
368075
378828
132833
372314
201457
374135
445717
265603
274413
180504
111556
339264
293244
253966
133694
183045
246144
181367
229179
166054
377016
118927
299590
269608
448848
339171
248256
334243
401736
125239
327467
243219
375917
155311
263286
227926
149092
323287
353060
124851
332479
320679
227719
103481
215859
332600
158742
180950
419711
217056
345176
170034
187293
441784
432273
148620
192328
265967
178966
318195
201462
208309
185327
276868
364985
371629
165580
247873
218360
125940
255285
450791
172837
454629
359851
140391
228864
376073
127545
126760
376453
144296
171236
416465
444834
279245
362867
236818
342606
333865
333276
385462
112212
158209
218028
438248
237764
138268
365675
239999
142522
167256
240681
192813
210775
321723
129094
244308
384190
101054
424562
168589
344048
449480
256154
211459
287642
122503
343538
404635
110797
413025
148685
315280
238339
123951
273465
129698
374539
102299
193251
201470
419488
183992
399745
410292
360396
440875
355558
138178
223646
364834
182493
162378
264103
406366
188366
279868
140983
384681
226358
169439
239857
321593
272775
437600
259017
239649
344794
432862
172271
449428
282228
167883
108809
417218
382181
107456
132613
291803
188933
238319
206975
205816
387116
163036
199435
152117
270115
249752
119564
202459
244817
271917
455323
114458
102869
394583
149059
432956
340218
447276
251130
172544
160483
374258
259477
107960
434235
380804
296564
426924
145096
373176
390081
312099
113085
229683
410017
331283
227136
411776
213034
169630
328653
207898
220388
162588
380214
398892
311034
425252
390163
265610
273898
375454
415021
255816
238284
377195
153356
261569
172935
425163
145059
201646
393222
156827
434900
429962
272870
276533
130584
263178
452349
317727
409697
371389
203200
264006
314647
113301
455245
314094
219895
174339
320579
443591
133958
423476
412076
357449
195808
246511
122062
177652
334646
253320
