455366
205997
254909
117638
404669
423529
219187
431391
204262
118556
348738
422968
251201
201430
431353
166985
201166
296659
309819
240777
370151
450838
127132
271653
238856
378308
388207
342772
178614
340881
184411
131756
425935
308888
123254
287359
186521
175668
128618
425088
185291
388569
242304
288054
336140
398265
427943
161900
381342
122140
368075
132833
201457
374135
445717
265603
274413
111556
339264
293244
253966
133694
130124
246144
181367
377016
190486
299590
233000
269608
448848
248256
401736
311025
327467
243219
196438
375917
155311
263286
323287
136638
353060
332479
320679
227719
103481
215859
180950
419711
345176
282659
187293
441784
432273
148620
192328
265967
178966
201462
443837
185327
284852
370883
416564
371629
165580
247873
218360
373060
125940
255285
450791
172837
454629
359851
228864
225420
376073
127545
268596
386027
126760
116088
417083
249797
139229
376453
154983
144296
171236
416465
444834
279245
362867
236818
342606
333865
237978
333276
385462
112212
158209
218028
438248
432049
350968
112352
237764
138268
365675
239999
358252
142522
167256
221544
321723
129094
101786
416028
244308
384190
101054
424562
168589
344048
338198
347816
256154
199277
211459
287642
122503
343538
110797
423623
238339
123951
273465
291998
316090
374539
450297
102299
268794
201470
419488
189495
166576
360396
440875
138178
223646
182493
162378
264103
406366
188366
209647
279868
140983
226358
169439
239857
321593
315204
272775
333599
437600
259017
239649
121202
344794
172271
211279
449428
282228
167883
108809
171947
382181
107456
442160
132613
188933
238319
205816
219947
444186
298452
163036
142197
199435
152117
270115
249752
183351
202459
244817
327063
271917
455323
114458
343670
394583
149059
432956
447276
251130
172544
160483
261310
374258
445560
434235
380804
426924
175556
422236
145096
390081
229683
410017
331283
242503
113006
227136
103871
275357
213034
169630
328653
207898
220388
162588
301351
380214
398892
311034
425252
390163
265610
273898
415021
255816
189306
153356
261569
145059
201646
393222
393519
216947
133735
244933
434900
429962
276533
130584
263178
107984
317727
331356
409697
203200
264006
314647
113301
455245
186494
219895
320579
151592
423476
357449
407236
246511
122062
177652
253320
