179864
221953
145772
155684
290914
351689
302337
222329
159537
378649
327716
430133
330894
248155
207650
229654
250547
184406
119298
191530
315963
182060
223761
452896
305257
398958
122317
254401
290506
202576
334835
453922
344527
316591
430635
358907
392747
374806
449778
392576
407641
396007
390684
184804
358539
348623
353935
141529
375363
135227
138540
286022
359904
413097
451362
283560
264758
181033
417662
454056
307621
442147
170182
376258
235109
260003
170518
427000
100587
192457
452189
213042
217506
113713
341768
162651
359066
110925
102775
311706
187916
100835
435391
411952
210058
224157
443579
160857
328979
106920
163209
304872
108275
323110
131972
379187
401732
419850
124767
376954
315138
370548
387100
153745
453269
306623
116538
142775
200197
436989
454210
175272
317133
111815
366638
216660
264791
265980
362701
433751
270172
406857
161400
307524
326766
236909
185382
456141
301066
312881
346597
271327
121715
348888
163812
360553
388735
232200
216052
231456
324489
138646
296607
210487
364121
146181
375809
240039
264597
416735
229133
100640
196423
240667
450279
153468
129812
322221
366350
135984
354566
330660
447360
300035
359997
154624
108593
250493
310902
275175
393751
246228
110424
129953
261507
361032
394954
205399
434370
295768
361788
172104
371943
138513
159731
360903
128023
446493
296164
321334
146791
383807
184089
229028
369535
227885
386586
176770
391950
389861
