414910
245056
259852
157813
163356
455642
327941
200541
155880
281898
290335
104475
363637
322734
371873
243847
389814
409590
430249
303897
374084
284401
165275
294944
217102
426515
269418
303441
338873
335633
395040
300329
109436
417108
311407
175735
159459
206900
264132
153297
333818
243901
306183
295099
368120
324888
205762
148161
456047
139036
320487
372044
159168
365567
228784
401880
392473
429227
209607
345905
342938
338259
130960
434459
276342
173592
337653
405834
341706
336441
138905
152408
270890
122211
320473
341217
233398
344300
151905
344445
180621
292585
153694
425728
401788
380704
145270
202800
187943
230619
298831
354697
266316
231231
316988
366694
199599
208364
379173
365079
240677
419190
454730
327029
338524
206134
419683
346063
273172
263954
279824
333210
101201
124571
381528
305257
176373
189030
170805
368321
430801
273666
159456
383850
186512
222397
316782
386228
365615
177346
292081
180249
310440
240038
433788
165379
288053
387126
418738
119308
189096
331855
374544
316420
157940
336846
421233
279833
296150
369473
441585
135705
130096
244231
264174
373087
403011
330512
406959
157009
451469
436855
298651
444560
292576
222870
230626
298137
131512
369465
416728
268797
134850
334166
241428
232457
392498
186466
335167
437702
438162
152692
208554
160477
373417
133010
358451
341461
428685
451216
214115
363503
142815
377271
140235
249069
387123
290863
347894
234548
239353
441927
268772
134733
227470
413381
247128
169701
126505
204933
342572
383570
418133
224108
217052
214857
319571
121231
341719
347626
313358
428937
192847
441396
283936
119674
399630
249100
213616
133646
454243
270582
113509
104917
207994
138244
432844
308187
303550
276840
241844
174147
190221
116038
133197
139093
233066
411918
431788
239528
357427
164205
272976
220024
436973
309231
139054
268047
148195
432754
395309
153956
172936
238444
261618
196001
204333
318606
327980
288683
187650
326183
130032
359868
269024
321343
356366
331522
306197
440775
236226
221359
166100
238412
341965
191904
384645
173046
274761
232505
264444
291670
374620
113240
301143
246937
259502
182037
382678
240912
198913
204592
419219
160128
283681
266586
114345
189332
308149
318751
367393
431658
283140
236140
287539
181835
114648
330852
363390
452425
384682
206431
161768
369692
274252
201482
395416
436845
253568
120513
452586
103113
441612
405785
163621
212783
187532
356758
148861
202282
336290
300735
368734
437951
256920
191969
130568
174765
162311
233996
330441
190026
396815
355538
366050
362670
330938
257179
364350
413007
269558
293587
290531
174170
329173
246859
119455
326952
159414
420395
203652
322494
340208
101883
378397
144130
302307
400944
428341
282953
138234
345773
138729
434235
264205
447711
354535
316800
445848
244568
228731
229641
344066
293938
230668
144976
151474
275722
132398
211808
425045
197183
108150
106209
258480
129207
149674
175163
175732
389274
257359
433710
390375
389210
175753
209192
340381
286127
250822
324945
118984
346640
262585
452343
411590
329357
177153
187138
301487
324357
422929
397838
177176
350534
129807
233859
327282
257098
296368
107484
425473
142972
140587
219381
290673
180697
359427
180870
283907
112746
235383
383220
142637
155596
178777
138810
110543
339225
330030
392651
295403
142100
323507
238587
289579
165180
142060
259358
377299
207947
241719
101184
201009
281438
301418
122547
213334
450986
189032
414571
409781
189535
134942
273991
456143
150080
288702
268229
261454
118206
257945
448409
138457
443750
352789
282599
105236
441372
229143
210263
214368
147231
205702
222997
232587
206351
194161
221795
217273
344647
171687
276436
197570
146709
210631
236047
262433
260846
207831
230552
345253
441520
244901
251785
435669
272601
308721
253240
268313
115216
311378
384698
350886
140568
380626
294628
252871
371167
256986
189093
249002
305382
417585
171744
118110
212576
116776
243570
291903
280474
166281
292720
330282
176474
379717
141971
393242
225847
349833
111435
340777
350024
187658
387864
331251
227635
399782
419637
216372
243953
437544
113670
130112
440717
283508
443878
204296
419224
417845
252211
354932
235287
135015
445921
347392
172006
312667
177468
112088
284521
243995
104157
107160
425184
420328
233494
361442
194820
325122
246801
187370
182352
165396
328020
129361
207431
127801
363996
152836
156613
168535
230674
317991
345123
150327
220306
451064
417363
449172
408298
407399
157627
366528
135886
238982
413261
132654
302777
150001
320406
177063
149717
343420
394993
288605
404338
264373
326191
163925
381896
240137
428216
413795
153317
188535
303418
168795
136180
393850
166484
313152
183350
323349
387517
346107
262338
326081
392840
139401
175401
419633
275714
282403
263865
334554
317802
360385
198493
326973
347866
334672
447935
214803
361837
223988
417932
293720
231596
360514
430105
366900
194181
250367
160981
236639
165812
115072
405117
451664
340289
251080
103449
103166
418846
140205
303257
212214
117504
392548
177836
123166
202647
287628
256852
240440
265120
148456
224888
217999
432270
299587
230198
307858
250208
256244
149497
305814
266682
451921
419964
333670
142522
134612
298681
415365
192823
330051
244821
237850
324649
100214
144522
116709
414282
370879
443001
187241
312692
270930
294388
196699
181781
346961
137952
251068
401893
441078
208382
420146
390602
455075
208499
167471
428768
390371
112456
404600
150195
434080
245119
373291
436439
321961
219395
321026
258594
317084
317008
411631
338992
117867
147375
180549
393057
268463
270423
452326
340299
299251
127534
210920
389392
420816
256766
291460
290282
389567
310185
387839
231272
126671
319478
237410
310364
410323
170784
410339
183039
317058
311766
142553
291043
381726
279296
428500
238768
265755
367143
224565
225740
294833
161323
237425
248361
286060
307413
195808
358202
208824
156651
107188
450967
284980
442859
151656
101360
268992
246632
225084
372798
361267
399371
414201
393694
297788
373033
120735
339348
398753
156553
108507
146721
379206
453630
162412
183964
361841
433768
233384
129238
217580
193228
134861
268204
357410
180740
166101
217979
417634
338585
408924
373456
170012
300561
248356
303175
229857
282907
181065
126467
112477
437800
155333
165979
386438
219842
334023
370231
284688
128264
147098
240434
264061
440925
345964
178898
151160
214362
320304
297890
154028
188137
117990
315953
245685
350615
278125
211722
102957
445782
418141
162990
430205
431506
170730
182708
236991
398157
123414
173315
384075
244239
294106
291706
143274
425780
453128
201371
149884
291305
331020
334110
221611
222100
234218
451253
264895
205112
211114
179697
260921
227177
321372
324459
253664
425797
427502
213087
175440
303723
244551
228257
424323
126057
402987
400583
427372
344200
303164
288431
357453
379138
253635
179142
334655
162112
313946
401061
343346
271542
362334
142561
346681
378088
404859
114715
228576
251243
447552
283131
168330
179524
169962
421720
352071
378377
347177
285802
205840
385881
414402
346208
413259
105645
113184
193571
167664
382999
179575
102973
179324
133526
395301
405972
359084
316846
370285
438510
205586
372796
243870
288458
427538
106820
200991
447270
200398
234643
358390
114246
409453
281440
445136
419531
438087
185006
141209
129341
454312
226192
235122
289600
402838
230088
412184
389053
346827
372158
265982
126709
142335
182392
258358
398083
104946
368495
326709
344222
277851
364885
228231
274448
178193
253575
276565
350528
327450
294826
214677
188809
297524
310948
395148
446260
259604
368698
208037
409101
406198
396410
425532
302648
436763
264632
435833
125061
236963
397246
292378
328494
237453
283609
261245
347156
431628
125099
364049
390798
260752
402008
187610
124262
227868
159501
349861
268961
285729
318658
135261
386460
154475
445662
280574
184111
428667
384998
352716
406641
423821
332811
137836
230117
333384
239709
334588
424105
411153
116758
301221
259095
256515
286756
124599
206302
123043
338614
210499
368886
174694
192073
101531
443800
326179
300713
141285
129203
136886
243745
231064
413942
407479
330537
246307
328520
442827
427327
158163
257371
101575
119470
272158
337921
247709
206859
451441
148655
345122
141825
395460
268634
391238
265996
383868
296365
225435
228851
259242
276499
119773
307062
237730
347733
428986
305003
223207
319098
260698
289688
272216
378827
331859
393695
397602
259177
103186
104971
181571
154961
185725
173063
183946
149531
375007
349277
258868
278881
319614
346390
140526
357366
413032
263402
219750
254787
411868
228613
380259
414926
304394
296004
240225
203281
164024
403614
254011
296487
302654
245688
396309
216712
212210
423484
356872
241618
344110
370508
138432
369228
439135
379460
101208
194916
400348
221266
373334
291583
189209
246324
222969
116060
186659
267832
252090
122101
296017
388486
402880
189575
191146
446037
243851
152099
211087
317619
272997
440045
132681
386554
312999
231609
136398
387091
210848
211833
191409
321282
254282
320543
202486
433744
386779
284602
340645
218223
111962
207608
433317
311383
324207
345610
204464
183059
331471
125273
255023
362247
146309
262646
133323
310229
183917
390517
350816
269132
134347
158974
224951
362461
226261
451137
161616
152702
271823
234508
230223
416769
138445
132727
296878
392051
157576
370532
357514
366148
263990
182378
297556
298138
159031
420809
306502
335161
406715
188613
213254
452657
344232
369670
123142
221580
433469
249709
164337
266679
366786
415841
185176
343305
219619
171211
194616
207937
270791
137224
248233
108229
304104
242578
447767
275362
107552
351015
449072
454031
153485
393328
395882
252701
227980
262861
255026
196345
139875
240821
400859
359114
270898
452304
222822
127596
412318
286517
377846
429833
449931
264846
443922
106579
410250
311172
138158
414158
167463
146707
247522
242456
214142
122913
184979
189183
134634
103019
140703
306531
324398
204624
366158
383488
140295
292048
277526
162935
354370
351718
212220
329322
328290
447749
307221
202641
386736
219748
364599
397780
277454
372225
335074
409681
281625
111353
104017
374237
394277
216811
249574
427981
168660
344914
390678
107443
312873
123783
449125
156023
450435
374100
276280
129525
180608
151671
361461
194412
449701
249356
260073
186813
118372
214193
152961
317590
377989
411866
159161
159822
337085
218926
373158
442856
335855
445981
417482
247585
453998
256484
375320
270452
159867
366234
324707
207745
425794
126537
443269
259090
344511
437620
438838
118824
335610
389449
233208
260560
247847
242260
163816
439895
164602
145944
122355
164793
221690
174273
290775
365482
162779
253767
243868
288810
367496
245122
122747
100286
400578
218557
411658
252323
303006
451174
223015
203766
322135
121199
124607
453757
106969
156011
233073
243882
442307
158251
119645
424660
214745
160167
213948
363297
126209
260702
133616
283458
170277
241970
281833
197195
281558
195228
194547
393968
142953
319093
359956
346452
307319
292481
183276
209052
179215
447132
223797
214392
273186
179078
415856
128776
383160
311532
289834
182566
136369
157136
373331
293297
120471
309746
367389
207417
214978
235732
173559
148072
341420
372844
116589
370336
291919
314142
155149
150276
280698
338377
218332
326250
395505
422423
152979
101890
167347
235446
305355
160110
329213
160488
410739
311800
418211
227719
187295
346448
389690
415251
324780
342493
330982
162617
364317
352316
353594
161103
381575
451483
380339
420717
451368
321886
423646
257800
289778
224201
415347
323566
432957
371227
420001
438454
262396
387229
439925
419073
239505
236718
248348
209468
170815
136892
388392
183635
188580
114399
217912
146324
382032
164614
249364
374577
426290
445734
346311
116867
341694
305425
133032
385781
170759
436648
203709
398815
247002
194430
432909
216293
331737
188083
225738
360501
432681
129582
104844
206798
116814
428707
264933
424893
229933
120911
375392
174434
141742
198576
224118
402971
264568
130702
325086
289643
231472
343437
413893
290900
297427
221963
362140
285381
247664
431202
399685
341742
266031
205945
372954
255793
142022
442982
115178
114079
344878
175016
147058
421119
387317
424943
325672
289787
388017
142642
380606
310991
433376
387258
187645
424170
390839
106994
135501
228294
370316
129996
282447
104739
351653
194364
447073
165909
107663
118173
115730
198669
258174
100468
236930
243343
395981
287473
157188
435582
215466
419424
440246
160952
406305
119608
134522
122457
113806
268931
356923
411884
451692
259106
186063
304877
211648
307680
344691
237104
338484
287115
374882
114873
398836
291656
122172
200170
166794
392838
371654
176758
420111
143635
100599
308006
169285
144874
426744
190850
114312
198918
203739
127951
111548
158231
402476
109266
317525
333243
454712
255940
228699
297791
178661
173478
180154
370821
353443
438594
134120
434351
424992
415928
450629
341467
220504
333587
327148
236193
278043
313621
319525
411878
383497
208712
351010
187488
343958
157259
100963
369211
321241
136889
320409
390862
102899
323392
148881
414650
423567
103547
407758
336631
322658
112301
382990
205326
390071
154081
261797
337385
184667
443575
314407
218563
272182
196173
328389
319780
226758
260271
183811
395823
107844
437164
434526
293925
120882
327852
147208
312681
174374
443710
101617
291435
448867
391217
140137
241799
418088
374233
377366
278063
137522
118522
190597
281258
253599
292183
156922
378922
404866
268733
109233
281631
191160
440556
263779
340958
361829
133110
344759
248279
177207
371996
216106
230729
435357
164581
387749
354802
172774
357515
102835
197160
164850
177509
229616
261793
163106
382988
179010
109681
399920
354231
213234
257347
143049
199672
166221
140003
362497
197642
118043
210971
409679
309946
243925
384007
431710
194069
362089
447872
190335
103597
108094
150954
255680
284913
348559
417080
346665
446271
327211
201905
332357
256586
210458
142011
213824
430873
202332
132076
328446
125858
323755
153915
383373
203649
351847
213327
440890
301664
221184
259767
114717
204557
407595
160439
130036
351546
266894
330362
174608
230086
190594
166456
249157
102367
337778
168051
154642
376025
245608
160865
445311
167556
274632
361025
336270
321739
393883
267909
188121
220698
126626
178168
397869
189970
420721
156458
281097
338439
253293
425356
351238
410851
354541
132178
371461
298582
155606
400947
235734
115187
175611
419122
137733
444727
305063
101837
249827
202388
299401
445525
452831
145903
365268
389150
202471
325168
175480
295300
242113
134064
321730
171045
335134
350349
325435
370142
115026
274382
446357
270588
303025
192476
319907
309482
283370
205942
195257
352519
340328
298401
196548
322861
323753
429312
440316
419071
426621
185403
301863
251479
219391
164693
300945
147404
176106
240493
139383
105496
110623
434768
106431
261169
296680
311253
242003
190022
129457
380310
428084
232726
176101
172756
416785
200733
239811
330352
375276
334376
230174
310037
150965
182324
152705
335487
112741
141103
162038
345997
321037
280516
248523
250274
453833
449767
454433
430305
422140
442446
279504
151297
154148
182440
252066
338286
424035
432689
357768
323918
324592
297629
102581
274404
280287
106838
147894
293484
227327
144310
255075
246892
159611
169489
318858
401342
116431
158792
409378
358094
243000
205404
377218
374897
165044
392736
101564
367845
358541
386641
266834
430245
352807
422880
418155
180530
122169
385966
412523
286935
255241
426335
396455
284566
417584
261899
161211
112162
188967
273464
248795
284515
431574
105745
306131
373983
138952
446085
419865
261705
144027
378222
245065
268535
165318
426520
106625
238344
380655
269622
129001
105253
330077
325951
267780
355943
170557
189081
318277
405943
321555
106443
100840
397768
172439
325704
313357
212368
368946
137732
243750
355098
236989
321408
118586
134145
222851
445558
160002
124716
257827
423394
444072
400148
303192
377345
296799
136841
394784
156749
142775
334581
332216
451365
366329
293185
133994
138842
436948
251553
230600
114199
147160
393540
312165
430497
313612
312877
297642
405133
121976
129184
223381
256300
390413
184364
380919
442758
159974
256209
437586
234982
429996
193377
345937
205532
448951
456243
121900
107314
146241
108046
186760
353422
132099
128814
431005
174568
393073
194092
377359
419069
102173
377719
341792
224387
183325
172960
229951
106697
438728
400939
410266
361530
258214
193473
291740
176653
101001
252765
171463
226525
212644
145168
378039
211068
332189
126290
373979
120615
367750
393240
191879
229523
389231
135827
140839
387062
223825
413619
128644
355306
316303
246387
198233
271405
175222
317631
270414
125467
439506
207973
419632
229460
138648
219679
437361
250039
356902
115814
362626
409882
159446
436258
339630
357428
132726
145868
370942
277888
159599
308094
400225
203803
182079
395961
197604
366847
181529
437242
183432
316685
259443
185924
140528
212971
102795
419334
371220
319335
372538
344581
413268
226056
444857
140936
317582
272570
177432
306833
159521
328877
422470
145068
140540
422106
241391
401151
245184
274807
300335
235292
329729
450856
291083
332806
264630
116320
272100
218921
107431
301763
237707
260955
145994
283070
111734
207532
204774
199339
454177
117277
175644
423253
451583
431907
407513
291062
429927
311859
143441
453554
236917
263559
325937
394327
398800
426512
368962
311863
211764
345848
122143
346897
422646
134238
210715
233376
144049
224894
447941
289444
308123
333468
414181
274643
358398
347059
454869
296166
135155
394624
331592
286390
388438
350245
130326
131393
350734
172135
178556
344385
201798
326596
308170
133443
390025
205698
391235
154310
229311
143562
177417
403851
109402
298528
188534
337702
256085
252684
216833
152749
329208
229420
261903
225623
280727
174378
116330
284353
216777
223885
351564
273083
119358
432567
242696
343573
112837
347310
281723
372153
200929
148346
429447
399430
330093
346169
350927
183236
263012
276463
175598
405543
218976
313574
303866
417958
175848
373183
442560
148652
360513
342246
226607
215275
299623
237382
109586
421898
405644
342094
181057
315369
341538
295935
225022
388721
265573
161642
222504
225772
240224
128062
272542
390660
167636
235686
384453
420547
370761
197939
451086
163430
282830
318764
213904
152276
254796
258655
121079
331176
451676
329773
177969
177786
265404
342471
286695
322301
163290
320480
183829
152238
371252
453176
331983
171824
361830
277446
234976
411200
365986
363814
432174
177239
212126
251995
165259
420576
287172
396294
382469
191836
128462
333479
144452
328800
140713
222689
351136
314844
137120
198630
182887
262322
418751
331383
158915
385357
133391
209636
156316
452683
156381
151794
172298
378092
152631
393809
193276
227312
203545
395481
232542
322828
148973
321905
388654
195639
310149
353834
399003
163376
415137
338533
237693
283530
287663
379834
114192
351560
218252
105704
456052
155840
373329
183251
373228
209518
320629
233661
357318
148678
173267
345337
306500
372555
271907
329048
314928
386318
107667
276115
386056
201407
228177
211202
332356
355946
395655
419728
113767
408239
181310
405604
183504
267065
329492
331482
156109
310565
226375
269795
289404
203621
406679
380547
168825
199350
403912
144088
108227
239464
184639
262693
265113
101721
375155
354135
406635
126556
172981
252262
367636
104041
237511
253992
283911
294038
232009
130155
328725
381184
426696
453075
451992
184314
244113
272058
124969
135904
386461
249021
292762
262509
258996
430965
363278
390944
416914
166636
264801
323895
266423
123460
289174
386916
306257
396947
446276
263828
368927
261702
263179
320882
167629
167036
357561
394811
391477
410175
101936
216108
102942
342487
421051
114710
426037
160120
360159
120035
103660
372152
444091
314631
129520
406353
147769
271697
231494
167567
126196
239457
439410
106200
117594
390961
265318
425000
381905
117839
224838
124632
113319
358368
289820
166487
288228
245512
181149
150092
296142
352014
157801
366090
318653
391460
168685
166376
157971
327645
246943
198864
201366
425929
243420
290777
140653
312867
444110
305542
409122
404115
220413
137784
273153
215748
454655
325868
425185
229717
278727
208207
128936
184889
351362
342369
186051
444188
301980
448574
334468
122781
369148
119076
380621
355353
407732
211651
179623
232939
363228
245916
300805
157890
233957
346167
176528
147723
239216
440064
195481
279320
116310
273733
208321
240556
155897
241308
127048
224383
356135
394714
344646
233084
217968
407521
293431
412018
298433
273820
333332
271339
299895
123379
401167
148800
346573
155765
332439
391673
302918
341250
143647
315933
169915
290445
399452
341366
344279
112239
133148
220255
369785
442284
355765
207113
183960
278347
243311
172498
220644
158022
339856
139153
228186
381889
358236
250919
355469
415125
103644
443072
123852
439401
394265
226877
201803
284567
205933
221102
344809
428660
148262
445145
263227
300531
404898
432050
292704
204723
118375
271804
178702
312708
450165
307503
109738
102559
416944
258106
150860
416389
109157
240764
244085
354223
259263
407560
115070
326951
101574
308283
339385
268672
194873
317916
233616
349607
323417
119687
229292
348815
397351
346186
163974
425747
367048
455311
231492
393579
358157
353764
281062
365547
189288
338637
114175
143797
186107
129461
327358
194694
256736
300592
358325
383293
109941
258053
411297
198727
152387
445909
309773
322548
309233
347284
443191
397164
349559
422746
442668
161624
293933
330543
376053
221810
425182
448108
122626
144155
213670
337902
190004
426500
146609
334984
442287
210327
127045
366563
169434
109256
433823
202571
203005
233520
375219
289791
106030
429926
114530
207300
314325
266575
212202
229441
149006
185926
448620
208200
355056
434479
182177
398613
448049
288339
306315
253915
216098
166423
251099
310332
173296
187509
247681
141567
125306
449471
369643
432475
434746
184696
422670
352765
428798
187831
352383
252095
253770
330539
305585
153613
225995
356198
154232
359336
439397
437090
253053
181979
212653
231269
137552
237004
212458
222691
395510
158346
412431
258872
423329
426780
350901
231104
310835
245494
231632
393825
325389
146337
449445
147320
431401
112437
375019
166975
102877
228138
423689
117666
165025
220133
299902
175632
354916
298626
110506
357629
395093
279000
108628
130656
341930
104536
379136
257523
440800
148620
408499
135768
308762
325409
129383
427911
151553
359224
375628
354907
441831
449976
380173
378786
298460
403226
449345
140663
139385
227030
113443
272196
285086
220591
244732
268130
249745
417729
243227
212705
380291
106104
299760
225774
434241
346008
114365
137520
271463
198516
200666
415771
221464
126711
197639
117771
279401
169206
286659
264868
106266
193972
153997
172376
323683
373223
158203
205574
139581
381520
360740
420706
248943
257379
147617
123160
153555
136594
208682
174659
413177
257245
256700
101340
302741
247100
112172
223667
277005
156027
301509
379250
220659
408317
240105
231180
129263
117044
362992
445954
290724
349532
157356
378301
287712
307329
143817
213184
341718
409877
304665
134945
434463
275716
429175
330109
398657
242405
422583
153806
331628
332344
137680
344487
298055
377311
406316
352672
139271
310375
185155
418058
453712
106410
430255
406150
435956
100636
434561
270223
324742
289276
380735
324094
168214
113719
270059
100579
426176
219535
122743
174654
241969
275690
236015
177704
352955
273953
118900
339499
236871
383054
286488
269801
443779
167819
226199
272885
237555
236475
188922
446172
125541
173813
200224
365864
328073
129671
208735
329112
218980
246953
393110
241668
279325
277819
112609
441449
259758
145704
433693
316051
245958
274416
444501
341134
148315
100301
107742
213563
248449
386038
367299
217310
134989
449315
368647
338023
285459
311592
403670
170621
163173
392200
216273
359492
151523
393657
315100
404049
244148
130701
429096
198361
303331
111160
258920
261580
206894
258407
346834
388597
322346
239409
392813
226405
153193
395675
317450
219660
130197
199957
126244
261352
369145
379529
144109
105478
394794
262761
356119
328093
297904
111864
155263
251958
270056
151079
168282
434136
130597
420834
299167
270193
446397
101073
335793
445205
192578
443155
348925
127144
121036
239294
395180
305363
426374
257026
228281
255170
143183
426412
329038
204663
366316
427172
446853
277478
328866
193577
165144
231886
348740
321783
430235
106769
355260
389575
175014
441748
212688
394819
287323
151096
248282
445216
380794
356310
215776
114589
405527
245445
147053
266804
272011
421143
137981
453685
207076
182542
232430
267914
176963
253518
135743
335551
191789
371424
111025
135972
403321
202481
115506
391799
387108
141186
286480
176699
357920
446083
242717
329185
355972
320620
330184
233028
434231
303401
148103
349673
269886
309751
188597
189438
171806
337517
441387
377059
167733
186902
257240
371137
131878
127911
313935
276784
209065
341929
258001
358796
143011
256502
103875
190868
173499
125422
395601
259655
213188
124302
241653
177608
148398
413195
241712
133225
396083
377072
293145
347119
442344
318633
443682
446484
442350
261663
247878
139631
403316
230124
347215
201563
112614
136113
169594
130229
435131
207690
258669
208758
370410
158477
412834
355138
455083
309137
173256
223305
114995
336228
134319
245104
170016
312293
232139
176271
170740
407092
202226
291745
326911
227871
349445
219295
303659
456140
294361
256495
402699
110280
356131
266200
365319
434388
175300
175894
116240
247457
449331
139561
263236
201570
391120
297353
407151
445276
453939
130198
138042
283560
368604
279226
325015
322044
142267
340934
341748
365187
195968
103492
389346
363414
375998
118310
365524
245705
213200
256508
142474
145684
304960
449656
386206
308064
417048
279160
116291
218456
182634
144987
227650
387382
289859
273073
183098
152843
375106
301154
350506
340893
442950
206759
311384
199194
116159
259455
316802
138215
357815
444156
386608
187806
120204
395613
149526
114652
194078
280581
347804
124740
258061
136516
378688
160337
230986
360089
147989
441280
296567
277778
248829
380734
431864
133535
450807
344132
398847
327847
423627
184798
248793
418167
104986
207206
415597
362960
260822
170485
299552
424024
237041
386529
184740
110862
228683
449817
247449
113214
453264
191587
363239
328973
210921
146129
241802
307325
296508
395312
415878
180631
434741
403927
388813
221674
453419
407071
426465
438585
103739
221711
115752
329777
306740
231578
111908
275758
403372
362621
417818
409565
246860
363054
420321
300061
357581
293321
155241
218698
150209
158814
204872
263437
386115
201462
240173
422867
110853
445461
341483
413505
402588
227509
216736
296223
262296
317667
251332
292637
403062
317458
446726
453546
381543
154648
276146
291395
338997
294638
443104
300379
180538
399629
199939
365597
174680
413818
230603
292831
439676
136012
309412
393496
119708
416916
364724
134941
291764
309486
116023
166718
304020
211423
116660
204386
120842
430199
230004
297056
445964
118339
216360
198464
114671
455554
152965
123468
351778
118535
193994
330718
115593
351544
445131
222904
354397
221052
445552
154308
303332
170209
389577
149913
151995
446588
135832
411371
424987
177094
308477
426909
149555
129925
378631
438393
150434
363647
122813
145163
152111
107010
222734
161426
385054
196697
146417
280433
338759
429701
245683
271546
334163
318149
268927
214962
201024
295215
367054
405868
279474
100879
136895
179133
337939
124244
346701
413066
175069
421154
337106
233891
349756
375586
319873
388141
158450
361955
454937
276081
352964
227530
223335
115693
379220
177723
329324
179713
287624
410769
118448
301118
305802
364057
297905
177130
198834
370519
184521
334678
139578
119551
444589
299785
322520
168030
433658
169437
148430
238193
439453
114868
355508
397133
137609
208739
423384
246067
198631
298461
117740
183200
152467
133734
242183
319445
381944
273038
282057
349746
162603
305327
391291
336642
245497
203354
261727
450007
195797
123785
444872
356950
160438
373245
169647
281499
151564
178259
410544
443322
364113
183246
428082
149839
251191
359721
235653
143383
413490
143165
441714
374115
254252
248587
374016
452238
403341
315469
298662
108880
395008
193472
281101
401750
378974
222353
395060
221045
293772
397642
182330
391980
425512
428049
445066
139275
247355
230601
307705
352069
338380
137643
404363
151855
228834
178956
209874
184983
209230
271022
440934
190519
207939
355111
259437
341731
420682
306692
393097
116843
397991
329484
383920
300663
267076
353977
235899
452483
373175
416668
358218
213458
393942
182238
186406
355394
116481
175059
360739
300773
454737
234757
218715
217534
143054
106605
237222
388192
152056
237238
261572
292821
456112
301513
174101
157404
321389
134768
151470
191647
127743
205597
302464
355315
147265
158097
239535
228578
371810
447099
387326
433081
311794
448450
378180
196341
171681
297578
172851
194012
296531
189510
216136
369317
335125
110451
291143
254387
217633
257629
272618
159970
171093
191315
381451
172956
103977
117630
235579
377718
132218
126889
386413
440965
215504
282299
118011
311167
125504
213851
367550
364491
338442
284327
106384
120573
336029
453371
194062
387668
245832
442506
217041
125874
404640
181250
336272
290839
171572
165238
318363
306781
425467
371034
274855
436516
221087
273494
246750
272400
210575
297525
142798
177045
115253
120275
392289
250515
177443
319162
250082
288956
195082
131640
307978
153515
167353
169983
391277
438548
381871
423615
374102
278030
126710
335858
413779
308022
348647
206568
345151
260531
380383
197782
396559
360495
116932
150261
336557
106445
220016
319570
116700
194839
101076
316102
345169
339598
185446
319883
109035
389354
338620
423508
311147
307777
290826
198894
378178
450824
363356
329094
166821
410422
243360
388327
259942
262416
328591
130213
186795
281327
375271
248519
252179
448786
178224
146508
258315
342376
450525
170653
454464
443077
163879
360065
402220
256528
265182
207493
378182
121975
100359
165727
234762
126315
276207
395494
301377
112523
412362
256359
273975
248134
313115
288014
133687
274579
272738
364708
166302
235297
408228
341163
309440
190400
144352
210161
361920
412836
278239
184474
191431
354590
243862
143125
284419
444180
135833
448895
190157
241634
375984
444266
311627
204582
449946
257435
316358
236007
122384
324466
160284
118320
379856
208469
214870
341973
275037
304070
262153
428378
364524
407961
203296
278039
109996
365019
109967
346121
234092
217550
257242
430112
363946
444503
263577
141899
221029
351268
284943
422289
199394
383312
297526
164535
202696
208401
294025
363738
418624
197271
299051
366269
329049
298539
160682
103555
255897
111493
161517
385431
314311
206450
315931
146959
317716
159792
103342
149968
303088
114101
201333
263106
345059
343074
178185
430649
450860
258845
190236
414938
294564
381620
245769
277827
245851
109569
202415
139551
304826
271681
351280
163543
211896
231740
208610
375627
454877
412288
447095
266454
417632
286969
196362
283699
136370
147064
301278
371240
420744
448752
109994
208043
193076
453946
378629
127963
317393
256226
239869
169119
429728
347640
141533
136606
372968
295972
294291
124292
379920
192769
340267
302508
288774
358709
113416
326360
383512
455287
175093
376192
393320
404398
350050
258198
438387
100199
433129
439449
108890
228283
139502
190371
223009
215027
120439
237438
230540
113253
377924
135618
448436
122916
277607
194707
407223
261453
281149
160795
277771
114597
251570
300132
155001
379702
330606
370124
203403
410640
317278
371887
187147
185241
310090
223502
289363
183639
439107
177010
255056
190385
336288
347580
137104
333201
203125
344628
430041
209506
433040
451232
212503
108957
180924
229590
380548
349996
409361
390197
255407
189126
222407
253846
347032
310681
378971
449090
326007
285164
322391
149300
222474
103860
154499
181346
269327
259032
175880
258084
230507
371261
243761
281030
217279
369119
230062
148651
248002
279274
376725
360104
373483
258630
138032
448233
263250
138147
382495
431689
319477
315234
279599
311517
287502
415631
274284
285519
335718
172365
275894
210827
413927
332114
452629
176082
213324
376871
216113
436305
362529
422898
446456
201826
178116
295751
438353
129051
453216
327152
202685
158907
307464
206974
123248
243027
454112
183604
179754
296373
137512
252290
371599
105115
334715
350416
248446
139110
152263
441645
239797
445494
328232
408557
351190
204810
426883
212155
173385
239468
189244
213647
193518
197338
216004
415830
300634
307469
274293
431310
131624
146371
246707
241765
375476
309927
374431
211231
436412
400931
436686
224234
339760
455108
333342
106806
280066
141976
175232
194086
178562
448195
230073
249945
423898
145140
287743
238019
225572
369061
356329
130614
437656
292083
371184
351181
215634
362827
313551
301695
330300
110785
189292
290488
215690
366030
258967
283324
119141
109083
301013
387346
272431
455877
133452
213562
123421
320432
345086
266910
106036
112564
206588
432795
337123
196405
448941
205697
135981
320270
267346
182699
200356
399517
425079
159133
167403
449008
421086
126938
368275
363914
402329
173456
178456
428464
311836
399165
437413
411652
119479
230923
341039
169952
442957
321228
257927
387446
213330
200714
195798
308951
200226
254058
416748
259035
238882
340426
232666
299629
265592
398090
186626
198062
436186
199836
441400
176801
173438
322874
334851
216478
204322
263782
397454
216291
104980
399449
254570
281636
360921
241773
438507
287857
455386
283377
195747
441353
350438
284456
405600
372454
253724
345887
192658
208092
297417
453516
317094
261634
330582
368063
306512
381218
120098
346151
301396
224382
436917
349790
361677
143403
321535
428775
307309
352394
210550
316880
446839
259468
155157
311251
356096
158324
327825
381919
322094
254801
164185
274817
243691
363701
280250
119785
195108
178039
131097
216229
399640
223211
320217
172232
369308
343589
443797
194219
223475
230511
360460
433290
443488
171248
161824
268117
326066
297714
196932
147090
243502
156154
253872
345801
319055
212056
401449
388096
313950
332593
249462
199814
172404
282609
270342
140900
217611
387125
300315
425108
323090
383037
363685
452062
108979
410049
380445
333595
244550
412233
189555
414572
142194
231373
416977
164640
281015
446262
178379
351743
400344
209864
101871
359425
176909
441153
403241
207233
191632
271401
151542
443279
160639
366256
392472
392257
348455
145583
229985
254324
152010
238663
177182
275880
438969
379468
396466
179056
258089
366961
317255
450116
219417
248000
272187
192984
154757
435938
433209
124650
184908
439788
392176
321311
103534
197970
306643
355428
277973
141890
418036
443358
270428
440781
261512
437653
150035
293753
178457
312476
380903
185797
338080
427722
281718
209232
170472
184535
127732
227581
424619
423262
134261
405254
287283
165178
103071
371026
384755
103077
178488
409752
138817
255707
346224
314020
138656
320450
319745
390768
322477
452366
289435
212606
184523
374651
198635
294468
438315
185731
421712
175525
433999
188430
398970
180043
316210
207924
296743
211198
333295
333485
326161
351307
332450
385624
292596
398526
323912
294571
120013
428449
404615
193495
128449
146424
364217
308012
233916
277762
314823
147183
106568
437102
225731
431258
324192
129092
280304
141651
146193
454940
352167
278852
164498
435351
120689
298668
403035
319643
452876
454650
328765
403499
397994
398316
102679
431367
382756
416181
203360
249009
136928
427710
206733
449372
258636
207950
373265
283556
136975
301051
176858
454903
124797
404316
242961
436166
318823
137916
308374
152114
190012
210235
326336
367014
420989
186715
118865
378233
439653
454289
440084
394808
209644
355425
369627
149618
296226
357541
414510
169970
344555
338474
236088
268488
279225
336752
281878
376196
390046
435613
438021
304459
337306
436130
241680
318525
360949
295960
226384
403757
357969
420535
176796
114891
268491
224170
297723
156783
308160
252671
163178
176541
381692
371472
355227
172676
197087
125413
287505
266841
232112
143700
266654
406894
200546
201531
132239
436543
347052
121893
222223
132623
319405
264214
405902
131792
166381
299906
129504
188867
430023
153325
343164
134873
192013
430727
133978
177290
197940
358133
143215
372245
412317
312286
436776
294870
275390
408293
380942
401618
384511
124970
272345
132700
144807
175383
250700
284562
142692
307632
217051
327077
210185
220929
204924
392353
281709
201510
218404
138272
278503
338667
266181
377845
154775
391691
194977
221218
290196
405356
218422
445973
115950
229197
326980
375376
214214
436281
205145
357924
319470
132613
196642
377039
239995
273545
255016
244993
453033
280241
189399
415611
452454
409424
193905
164303
181081
296455
379458
122534
174119
302838
215281
167146
400234
289855
128620
175462
287581
355269
270983
241557
171445
112195
305892
373064
200545
227661
205354
370871
267703
377859
123902
439811
110403
375759
171741
163591
184871
282290
319591
189768
243098
410449
130300
100387
113835
299990
247229
335804
146387
224907
214730
162849
430628
265008
131317
226871
123453
279783
145712
423757
381811
321935
244181
323091
303320
352454
421450
296472
213801
259276
368558
120602
430991
319888
444854
306955
149580
112865
397283
444357
221912
124888
166784
104118
312542
414699
354244
324850
214504
203835
367556
301815
326162
358100
368405
188149
356236
247363
355907
195517
171669
384973
403534
417692
239846
388311
431536
325893
163600
419581
254339
119928
117166
301620
220116
173856
403053
224866
251273
142489
357216
441053
258878
423360
118334
102589
426345
385575
359833
110272
212030
335103
441367
412100
437087
453583
259724
441510
219931
197238
332733
359420
288824
311932
443601
129085
173390
364958
345839
375585
170021
396856
127210
299442
133968
263737
278743
429524
185235
241398
127029
427913
426012
370635
274689
264725
101821
115672
121813
249841
426490
211778
131400
150755
219742
260570
210973
238857
278906
111924
233948
455177
237748
400073
387433
287782
147926
276046
125773
337974
211129
312448
334349
141382
450813
219705
289373
138282
184076
320002
444603
283853
405728
299655
297949
359316
271796
220926
233789
277130
436899
422184
282141
362356
401212
323074
170028
115061
375604
387983
177790
178787
345102
453608
258149
360055
149438
306301
245199
297648
438622
397116
383531
105379
385930
314546
318431
434965
220148
235875
248312
211156
285758
384083
373395
254999
247148
304611
331718
278134
145351
406957
257261
125070
350510
218302
452099
131415
378144
369635
275835
300271
271182
304576
388301
379198
249576
211762
232801
103085
320334
405173
345486
237933
112503
389130
234384
253256
151657
347233
423577
108800
303245
427539
250009
273802
141617
440647
300960
291535
442411
285813
385433
212920
272712
291258
113334
415403
394174
231859
430269
402374
364475
217742
107211
105263
219064
301211
223983
312370
152888
197367
308890
446202
281117
121213
110485
188008
248262
172979
317491
343088
297927
396569
289196
145103
101981
199680
304909
333346
167202
258540
235442
344874
269144
148537
143838
271380
279896
116692
415335
162394
270724
215744
186857
300654
383125
165018
117115
337904
140404
113737
375770
446178
210210
269860
108719
435993
173709
236641
369021
290142
313586
445726
214164
412069
325226
214490
141673
409473
296894
237406
307137
266538
100526
438502
172444
329216
234200
335469
430031
247026
428742
165638
351628
136027
250547
285866
144085
187316
309384
185039
318649
200608
294574
391681
145052
317370
219077
377572
433026
405083
212228
168849
428656
251939
383572
417180
223366
363234
373184
411087
383972
446966
351975
291293
415379
296497
178923
181792
274363
304055
324290
289708
161505
288491
358562
331147
419124
240100
345838
226710
246388
157281
360524
239550
382008
234255
295351
173577
106050
123411
408435
352518
106779
124293
409849
268690
261564
384125
178708
233364
254788
101373
343932
218003
107376
231639
421631
283358
237819
364532
337841
269380
226712
329260
321793
327329
330344
293245
170263
180800
382780
123394
334323
272607
258273
392301
162273
257344
103482
417170
336998
248646
391706
192025
392497
165123
177017
279219
404802
340250
164599
318648
330823
247833
147780
184599
376803
437679
136353
208804
386597
228942
201429
276388
102497
249903
385661
238159
301687
334079
140726
247163
189668
212129
303002
146008
326011
426181
189273
414412
110519
185229
431351
137521
125482
188736
140392
385258
166156
427846
156425
173630
173627
348861
402403
452208
117881
429300
314177
288799
286810
270166
162255
201518
314611
177000
397311
104713
404798
423678
280682
280216
133928
442244
308529
297508
382929
349641
354973
203711
358420
151904
395954
277022
128150
411158
274923
434248
450546
300130
273648
351205
239354
343804
181961
117276
283832
214532
435966
234140
377225
219300
423260
348917
225932
101054
119936
209086
220626
380195
322683
387525
173792
434017
102624
121179
350850
169849
400290
316095
207585
245698
380210
276094
443511
293421
217380
349308
102180
446467
250032
253131
383154
368582
182457
156859
226419
375685
142045
313490
195668
169732
320090
275695
124028
290573
277742
301670
118053
283892
345430
113709
353898
305774
136961
216824
387851
390121
117510
328102
306920
182033
384054
291875
231970
349229
329816
366150
414205
198535
204273
339239
365192
361701
435116
221130
333771
421221
199941
434771
239827
162148
291640
105954
445176
230176
131323
276432
281976
232162
307807
240848
288108
247874
431218
156936
139889
373917
357693
307685
382071
106196
285175
255343
256490
257637
303642
211126
293777
336709
194289
280942
444269
421296
455714
149545
351282
397877
441269
324462
333069
184938
339332
181062
142700
303617
403069
380580
274235
171844
137644
301359
290570
380479
153506
169592
107837
441440
136629
396675
121082
139318
419467
288390
231964
237019
136637
322907
108060
453210
347264
117655
350470
379074
257790
233245
186192
390028
406517
412824
367145
443493
406424
390857
230834
141241
349817
294308
215467
262490
205436
152539
232180
331652
163185
127127
318723
164759
387423
429631
166276
213629
185407
161160
341888
453305
323855
356694
360596
333567
115989
165164
429561
144747
250568
438489
350413
140841
228668
424969
411401
130780
384122
107069
455879
436366
350235
417158
104786
416645
322704
407430
202381
416571
165097
142388
245725
225279
408281
207507
119273
448756
443128
154045
398835
233706
172594
344992
338102
333127
435950
190573
254156
101165
101773
452022
285917
375517
409342
312539
203963
414094
179549
331753
434827
328221
246081
286055
437828
428836
383762
221150
135159
444615
330794
160974
249568
371272
122986
321822
101969
416652
186206
433291
187119
193936
211165
164926
107774
338778
176247
173492
145612
291302
114807
175827
192181
317164
132407
406056
309764
193213
370039
109588
370543
454320
274134
172432
270902
422793
286910
208252
435032
380436
233977
336811
391369
320367
423760
243048
226426
111361
266023
424140
110150
296823
142726
415025
329272
258946
446691
333806
401578
298808
120869
296415
327353
402119
166216
343755
256453
223429
126049
260573
121324
256354
210326
423647
235024
272125
251635
297354
392261
197391
406541
378234
140238
379293
196190
199448
250908
291591
332102
380141
148469
111915
360681
300696
303688
414155
108790
308249
100785
363711
343827
346154
124624
269006
112221
186518
327259
426866
226367
333591
252886
326878
438915
350751
233681
160791
312001
164275
286626
347704
398364
428134
355248
107009
212491
411750
203465
112011
176795
231443
104665
358952
382052
435763
129769
443848
177547
321948
148049
205958
360990
254665
324770
107533
416001
364829
423069
184258
213035
395018
136278
100649
361970
305926
190559
420098
108694
271215
438981
450794
101538
259868
151893
361419
356743
321967
315254
440676
303828
100326
222280
170829
283592
100714
160346
308790
423511
173199
146046
379931
173954
370852
149149
131065
167321
285546
304473
182656
251741
341982
111545
383735
192850
393161
212924
400247
135260
104706
262962
392383
260445
140047
388724
245982
222954
317538
196839
359443
223443
421524
324563
168666
410816
249498
454096
216242
121927
312246
376885
227273
307821
167424
277377
211549
252983
194498
414706
298227
202804
250787
256110
311488
349178
191136
264320
204613
204381
166228
447774
168273
285684
101970
185507
139585
125186
410155
308398
449285
340482
424425
195619
310689
450113
369669
387088
437681
236080
197866
328261
287176
190350
441439
278241
105797
244067
323600
314496
320076
373553
171021
282103
385516
426834
154498
432015
130400
216294
399148
123962
327637
410171
448403
349699
295110
307931
424339
452049
348735
125826
175709
231929
397506
400753
389320
440935
334855
317617
446698
140029
130523
110131
284386
295126
113969
409725
420912
377651
264164
253916
442487
317350
103204
176112
293189
447508
225918
131466
193754
340252
337610
366343
238972
355137
101495
305145
416153
126246
319447
253662
167232
224955
175017
193785
291694
316581
279571
352873
378731
174310
394102
218966
356312
370553
155170
203510
371602
300123
116341
319673
321904
370309
220355
259887
130171
198011
419679
137424
423930
330699
316711
265429
319296
116147
206874
196887
223322
385372
118405
411548
156152
162595
363784
242722
156456
355156
160690
151549
383662
390331
126262
245169
350900
443904
375074
351283
421237
235241
402040
293801
347412
322086
152922
317124
146249
254827
393303
365824
298748
393217
328382
232502
349148
319456
238865
426837
427266
449157
191370
101458
219014
311281
194704
319337
302045
187374
323603
296225
321993
281345
353094
327371
128562
284525
307966
234808
417621
234202
106627
309277
148513
131459
126969
170437
388941
405180
101033
158084
273775
306252
232538
185008
182777
149353
297002
283270
394031
387889
412539
327288
275668
195831
269845
210416
168325
201280
305211
198481
230489
435706
409740
421926
351706
227098
212574
364255
154401
197829
219084
303623
176833
413014
228935
309350
203969
388094
374785
307854
388736
216542
287740
323459
378288
358013
138082
351824
443552
393522
333506
387910
389352
306396
416365
315925
231706
439739
180010
204572
249170
244491
298695
327861
387829
339023
442983
443429
124694
253159
302535
442979
397111
351862
147692
211323
245054
441058
422440
254877
130902
163327
444793
446020
406505
400885
101050
436077
215250
418773
177352
440194
377524
130932
264824
344616
212075
437568
273489
443862
168452
213894
374924
233771
331357
333138
453127
355856
306296
258146
276790
352750
324933
372589
123472
251886
134931
235040
120769
182400
268819
427762
143242
133689
244923
115936
424859
175697
395017
400286
266067
429940
345551
110635
362343
241259
149983
273650
132477
301434
121577
249404
294030
315020
102882
379218
377847
224634
331199
270589
102335
318079
142797
349551
445783
452591
154249
438591
348121
278571
332659
317926
291500
260991
388762
178834
184725
406807
326527
400553
186956
104188
183019
250111
256542
240823
265315
274494
173159
341079
136805
101131
328445
247091
206829
130165
323487
222091
111536
328096
454114
207085
305256
454544
388041
445844
193227
137179
356881
278213
282594
186090
375577
389835
411002
215232
261370
147229
241017
228643
144486
226678
126921
240596
105640
314411
120656
354619
197374
427541
130479
383245
435922
393919
368907
448440
342218
309446
209215
203272
450318
395232
276380
188099
345650
394055
350143
154649
228406
435410
190213
215415
216772
422741
199296
310890
151605
108434
391832
155395
275535
148222
376740
258105
340553
229131
334470
424488
405401
241893
389025
111008
110472
336363
176713
310271
411919
415515
195528
385242
294910
132635
418873
264532
232079
236696
100550
264149
163945
136592
267612
247564
106741
383391
343447
249104
357932
232158
221478
149060
443507
187395
232569
147003
284766
455415
392538
195485
122464
380193
338728
354653
379151
135900
432285
298163
197019
115699
131598
239776
396667
127014
232946
332324
211693
194269
276401
114073
336952
236374
443894
109826
161587
198434
347429
428787
219572
225239
185852
436944
127145
315126
144051
130557
339264
351707
367987
360790
244757
139738
176236
122079
407473
175008
405248
285967
365241
262755
193509
446292
355110
278456
210881
318515
232678
264399
205248
178706
103172
447511
352681
226625
125623
205583
168681
298466
360855
143837
182307
228739
295641
215262
234675
208782
165867
139474
427362
421392
174409
399457
157710
217421
413140
270252
228442
268219
439161
275732
365798
418882
300790
454760
354417
164956
394457
168511
328904
397379
232349
216459
399079
455314
300986
184747
105308
415418
104407
367296
155381
362113
392305
357921
230745
150526
294404
309531
450927
449001
255960
179373
418855
381297
408023
400160
321000
108733
195795
138207
418042
383416
157165
362199
153498
329727
110956
199359
236837
388045
137190
148464
199959
354521
388691
340618
306275
240508
344713
419048
323301
442445
207098
327705
186193
136212
402004
134472
223828
191667
142717
350893
248616
282061
232818
293614
320644
293961
338213
381251
224356
127165
260993
119889
370960
136834
358908
434756
264662
220894
141240
261586
331739
437386
164375
129303
300211
315378
150027
260281
123747
124420
168065
231560
294080
245280
225421
439503
181089
272089
418403
440967
250903
401221
302788
223383
124848
231650
164076
211769
372394
356108
393018
394049
159017
317771
330820
138265
107638
390946
440766
160130
169414
341824
105354
100011
139229
292658
341295
350016
209484
327424
301951
368566
146295
305442
217462
262431
216664
148097
432810
117794
430769
238397
187084
388074
455383
194365
269890
332064
444252
215462
117693
326473
295198
305185
247514
160496
376942
311906
103234
267702
243107
369974
306887
219725
200803
189119
335090
413715
449382
257061
126450
132053
316142
231311
274757
213082
148636
440704
409107
278578
325034
273742
348948
116205
359280
180265
162342
382215
216514
178526
403158
153190
372862
255047
304423
379700
182249
222835
446063
195030
383031
342287
383500
409943
283759
155588
429195
186987
183684
110539
352091
155222
398802
200735
412197
168445
191091
137164
431799
251030
303299
124352
454824
454184
234656
338129
377130
146923
259474
273960
261655
439969
413539
168547
263226
147355
224385
318494
201380
446920
310272
454892
389624
243522
285036
208812
299087
293478
245278
253120
229937
427546
274325
166161
453058
286076
102044
244340
151742
117538
346522
423131
367781
173428
188268
342805
299081
101063
162463
234717
273690
167151
274245
362258
439527
347135
447247
424964
188214
444904
112365
189085
373935
302956
357362
378931
141453
439439
345496
259024
275447
262109
273515
127667
341835
232308
173871
264346
395117
241296
247864
454967
193928
345379
143211
138949
189425
215773
185736
101537
102250
190815
224663
206231
269084
262422
408026
226279
338119
287625
403329
316267
104829
346005
288507
324579
273504
108633
179253
390297
143301
263207
368418
225112
338217
202166
301151
318781
106559
293553
248222
371143
214100
109268
354123
155430
424057
261155
214195
148824
229972
211512
126847
379646
271752
351765
437019
386117
227911
221772
283226
315796
187827
451446
158600
340452
106074
337563
222786
172198
293135
273794
453020
241692
238178
431784
237428
440083
288294
366685
154653
370408
401168
413579
264142
380829
392752
301413
263685
229345
264937
324641
163763
225400
265230
239673
134048
158003
221351
254076
235391
447206
192378
349838
260379
193062
385721
230900
440403
245161
374716
141155
417056
156054
375503
367174
121913
204546
362786
388470
450231
359942
431295
176610
101693
300034
298278
451042
240307
197467
170090
328374
351415
313309
151216
143118
321307
425299
419264
397733
265004
254706
436954
265684
326740
224054
262090
383573
230744
163183
273984
161852
146101
221878
190110
309859
309858
167527
370454
456215
247274
283951
197919
270823
201051
142240
116267
386155
326991
368000
272857
157867
215706
290330
119224
137238
186429
203000
290362
435944
229052
327660
175254
147295
171428
443905
150105
398948
224042
161748
209919
159166
310346
282685
184545
104742
187723
160810
225866
273212
422349
336128
141756
386139
280196
321289
101283
329927
271803
355303
129648
136030
343304
237806
163657
162481
141195
302321
302241
105224
164407
232222
408087
237128
392564
245954
209216
358430
126384
142147
264517
154397
412540
280295
282029
178197
425613
266313
355881
287924
382487
175887
210186
169942
149653
153062
277486
147624
341829
250864
202947
221442
422169
225539
435873
410803
311336
446314
356780
424665
234597
254547
370461
318611
167523
171410
173825
367259
139125
344776
230524
288749
153982
180332
256409
177975
128690
109345
385542
308926
136939
452295
333658
123003
388526
124120
134228
154635
290951
447822
260414
412653
355036
360327
154386
286293
256624
347560
402099
252024
232358
176208
261463
295149
449621
377914
422252
386778
449940
117691
222278
271965
270765
147412
331920
280509
144233
129709
316518
365987
223879
223619
253290
104868
206794
356274
450889
267830
181126
120492
162404
343431
170390
378566
271948
211494
273478
270827
319663
368210
356945
227842
209662
372413
275780
225841
316875
408779
452234
322340
267972
251986
101704
395555
188904
445990
211463
438342
407656
407253
229629
139248
246452
302439
141521
258172
178513
428087
412970
117479
228493
286186
298430
370104
337578
347820
405920
321860
180910
102498
183403
146638
352513
213348
238808
200162
221207
132823
295602
268383
310796
253307
404486
273134
259524
172836
319339
425569
255140
100246
243356
361626
417472
415773
396664
265548
236994
228994
202515
412341
113033
305875
350732
213387
250930
343416
372536
438986
237919
265665
143824
172352
282425
403867
243852
129080
239017
421367
271950
295663
193212
389803
407571
143949
133488
204798
210507
143193
138851
260370
129650
406439
454022
134308
327381
430382
156457
187918
225243
385043
141769
229080
294545
314353
269383
254713
280039
132277
445093
172977
441776
374846
315852
216462
347313
158131
170468
246795
278148
173554
121103
405003
249775
289418
299987
292292
182289
450066
302327
400351
320552
178100
372497
138739
452415
246349
200319
353755
104000
391731
208367
203257
160960
281666
239183
131619
414753
265929
165719
238059
381935
373177
280562
237241
341315
171856
196783
437207
447667
233323
270939
115008
366244
309954
292518
272451
249750
227638
279536
274628
348640
433550
312675
149661
171815
437101
389564
448901
389217
397430
165699
367745
349291
309794
451341
247400
207269
101772
348453
180589
285362
412444
453156
186073
441428
368601
203020
282088
411705
330318
399956
249967
240153
375346
142818
244316
182835
398266
296077
162130
258265
305098
259321
315044
284037
312485
366290
426327
156288
111922
169518
218890
342878
193952
435854
254225
135042
310502
426066
276760
390462
143519
158460
136196
191068
429027
316857
147332
193171
276032
438314
108147
216164
165886
270261
105326
277743
448325
274569
285829
140977
110629
427277
436739
107957
194148
322508
241884
428491
139195
399101
216055
273990
375796
347587
219890
148778
133779
319951
425859
389883
300078
252629
161134
386908
456075
222030
303527
393040
159062
368786
298848
326354
348291
347800
189921
250892
167071
182923
143788
171957
452349
406441
307084
412511
164239
224448
348981
145809
325887
315736
155015
188801
364867
278771
139359
211605
445060
379358
306958
135396
369426
123008
378583
140501
351886
397296
113556
170116
313458
141883
194593
322545
279795
109705
267882
326132
121365
241742
338430
113311
153320
353508
224352
296797
285229
390926
368466
153944
103700
257985
157628
366312
169655
385642
363173
395263
112900
301318
139346
349162
153621
277795
111302
413201
452881
392090
361206
144705
255469
205661
208798
198162
324322
421588
166198
127424
136955
313956
274137
297482
158108
113731
299418
275953
101739
369416
411034
162797
304326
172859
228597
347970
256576
276099
221174
256898
227452
264901
364381
369773
124951
200582
178354
111920
213002
435281
338458
304300
175354
202759
173603
313530
164737
265466
257603
326610
271563
315238
103060
340209
336566
419208
264063
123373
131122
322634
356266
351229
123481
319517
418504
295707
104970
146863
279398
124273
141629
358376
153489
395642
393765
153293
335826
242892
374945
435041
179772
355766
440077
183183
447289
211284
110714
444547
192086
313601
161823
188526
417764
172850
166534
292206
374499
127036
142701
287441
284209
113637
173435
328952
326341
157114
116470
170710
319848
301229
123605
109729
332558
425554
425044
304747
285084
264220
119909
289105
341043
238485
239902
307370
396798
412930
217336
300448
221501
193961
235047
215920
145055
384643
372180
331131
394352
182804
281340
261147
234995
435554
291235
455189
226002
171816
364116
279271
395051
262983
307656
175503
219386
291097
372303
289468
110083
122607
394560
326178
380721
165594
102053
124086
414602
309771
228286
446221
263934
448699
186814
187460
160300
448348
335785
120549
205313
187409
297137
189129
180968
443543
