414910
245056
271277
335008
281159
104358
401801
157813
163356
327941
182717
281898
369167
290335
402912
104475
363637
371873
243847
374084
284401
165275
294944
426765
217102
426515
269418
338873
335633
342064
395040
300329
109436
120728
417108
311407
175735
206900
285394
264132
198087
153297
243901
295099
210244
324888
148161
456047
139036
320487
159168
365567
228784
140883
401880
429227
209607
345905
282326
338259
130960
434459
276342
189905
173592
337653
405834
152408
270890
122211
320473
341217
233398
344300
151905
152260
344445
180621
372609
292585
133088
153694
425728
401788
382547
380704
338711
202800
135783
187943
353936
298831
287433
354697
266316
231231
308113
316988
352940
199599
408630
208364
379173
365079
327029
338524
299343
381860
346063
113682
273172
263954
392003
180191
279824
101201
124571
305257
176373
170805
368321
159456
383850
186512
222397
316782
177346
292081
180249
310440
389455
165379
418738
189096
331855
407190
441972
374544
316420
157940
279833
296150
369473
441585
130096
197148
244231
406959
157009
451469
436855
298651
292576
222870
230626
298137
131512
226663
365177
141045
416728
268797
380395
403076
423973
134850
364363
334166
440216
370147
232457
319269
392498
186466
335167
343830
437702
263928
278413
438162
152692
445809
160477
425999
131506
373417
133010
311878
327385
358451
217207
428685
451216
214115
142815
377271
124123
140235
249069
387123
290863
347894
239353
441927
268772
134733
270934
413381
247128
126505
342572
383570
418133
404926
224108
217052
214857
319571
341719
423357
192847
355827
353817
441396
283936
119674
399630
249100
213616
353517
361437
133646
454243
270582
113509
104917
138244
442665
183353
432844
303550
128964
276840
173672
174147
190221
133197
139093
233066
411918
431788
212128
357427
164205
272976
220024
436973
230274
309231
268047
148195
432754
395309
153956
172936
261618
196001
204333
318606
327980
187650
326183
130032
371712
359868
269024
321343
356366
331522
438281
440775
236226
221359
422788
238412
191904
173046
274761
232505
264444
375159
291670
374620
346559
301143
259502
382678
240912
419219
329444
160128
283681
114345
198449
189332
308149
318751
163425
431658
361584
406818
283140
236140
181835
330852
363390
267651
248915
452425
319106
206431
208699
369692
274252
201482
395416
436845
120513
452586
103113
441612
405785
269215
267698
163621
191489
443367
356758
148861
202282
336290
300735
368734
275795
437951
256920
130568
174765
162311
233996
330441
396815
355538
335294
330938
257179
132542
269558
210441
290531
174170
329173
246859
234003
119455
326952
159414
420395
203652
322494
340208
101883
378397
144130
400944
428341
345773
138729
264205
341812
174460
445848
246112
419759
227922
244568
155668
151474
388768
270077
275722
212049
132398
211808
197183
108150
106209
258480
129207
325617
365736
149674
291519
410574
257359
433710
390375
175753
209192
286127
455649
424453
326765
250822
324945
262585
411590
329357
177153
187138
301487
324357
183210
397838
200346
177176
350534
260332
129807
233859
195998
327282
257098
296368
107484
425473
442917
295916
358077
290673
269278
180697
359427
139133
180870
283907
177941
235383
383220
187080
142637
284863
155596
349262
369177
339225
330030
392651
295403
153554
142100
238587
289579
165180
331047
142060
429744
259358
241719
101184
205868
201009
281438
301418
309909
272024
122547
213334
450986
189032
409781
134942
273991
150080
288702
130529
118206
135318
448409
138457
443750
415322
352789
290676
185587
282599
441372
133717
214368
300710
147231
205702
222997
232587
206351
194161
217273
344647
171687
276436
236047
260846
230552
345253
441520
244901
251785
435669
272601
308721
253240
268313
115216
311669
350886
140568
380626
294628
252871
371167
397952
187589
256986
189093
249002
387569
420741
305382
290659
417585
171744
212576
243570
291903
166281
292720
240961
330282
176474
421945
393242
225847
349833
111435
420654
340777
350024
250988
387864
203543
331251
216372
243953
313268
437544
113670
360600
454217
283508
329901
443878
204296
417845
252211
235287
198418
135015
347392
172006
152478
312667
309402
177468
112088
284521
455107
107160
425184
420328
233494
194820
325122
251078
246801
382773
187370
182352
295290
165396
328020
241664
174421
207431
152836
388049
250746
156613
168535
230674
353789
317991
345123
150327
220306
451064
417363
449172
188711
407399
244055
157627
366528
443657
413261
132654
302777
320406
376130
177063
343420
394993
288605
326191
339671
163925
240137
428216
247590
153317
234119
188535
193139
303418
256020
310614
168795
136180
393850
135074
166484
183350
323349
346107
262338
182163
326081
139401
175401
419633
282403
240357
342903
263865
163393
334554
317802
360385
198493
339737
326973
347866
288434
434549
334672
121022
447935
243512
223988
231596
360514
367565
248550
167250
430105
366900
250367
160981
299412
236639
297942
405117
340289
307599
251080
103449
103166
155071
418846
140205
303257
212214
117504
392548
177836
441650
162320
202647
256852
148456
217999
432270
218350
299587
121116
307858
256244
305814
266682
182674
125117
305596
197344
232304
297449
240588
142522
246655
134612
298681
415365
330051
244821
325351
237850
224366
324649
100214
144522
443001
187241
312692
270930
294388
260376
196699
181781
137952
251068
441078
194612
420146
257237
167471
428768
390371
171758
150195
434080
245119
373291
436439
258594
317084
416331
317008
411631
117867
180549
393057
268463
452326
299251
392393
389392
420816
240658
256766
291460
277287
290282
248157
310185
231272
126671
319478
414250
237410
170784
410339
183039
317058
311766
425839
333955
381726
121807
279296
238768
265755
230904
367143
434239
174204
162428
225740
294833
161323
237425
248361
320859
286060
307413
195808
208824
156651
107188
284980
442859
344742
108677
151656
440145
268992
246632
225084
372798
361267
399371
414201
393694
373033
120735
339348
156553
108507
326848
146721
453630
162412
263491
361841
433768
233384
129238
217580
193228
134861
268204
357410
117286
416754
166101
399767
243535
217979
417634
408924
260139
184553
389873
373456
170012
300561
438598
303175
229857
282907
181065
112477
437800
165979
386438
219842
334023
370231
427279
284688
189596
147098
240434
345964
248227
178898
151160
214362
320304
297890
154028
186548
188137
117990
315953
350615
278125
102957
128145
418141
162990
431506
365745
445986
170730
182708
236991
371234
121550
398157
384075
244239
307213
294106
291706
143274
425780
453128
201371
149884
291305
428657
334110
221611
222100
234218
451253
264895
205112
211114
179697
260921
227177
167625
324459
425797
427502
213087
193723
175440
303723
228257
424323
443624
126057
402987
400583
427372
344200
303164
288431
357453
389621
379138
179142
334655
313946
401061
343346
271542
362334
142561
346681
378088
404859
228576
251243
201780
447552
283131
168330
179524
421720
352071
378377
195374
347177
235610
285802
205840
414402
350718
346208
413259
193571
167664
382999
102973
179324
147615
133526
395301
405972
359084
316846
205586
372796
377984
288458
106820
200991
447270
200398
234643
153015
114246
409453
281440
445136
438087
129341
454312
226192
419809
235122
289600
402838
368662
230088
412184
346827
216359
126709
142335
182392
258358
426091
398083
235620
401201
104946
368495
326709
344222
364885
274448
178193
253575
276565
350528
214677
278294
103483
304745
395148
259604
260232
409101
327389
406198
425532
302648
436763
264632
437550
195661
125061
236963
292378
328494
237453
429533
261245
125099
364049
260752
187610
124262
227868
159501
299378
268961
285729
167696
103981
312717
140552
135261
386460
154475
445662
280574
184111
428667
431715
327242
352716
406641
423821
332811
230117
112558
334588
424105
187432
116758
256089
259095
256515
286756
124599
206302
246167
338614
210499
368886
113136
174694
192073
101531
443800
302733
189001
300713
141285
136886
243745
231064
407479
246307
328520
442827
427327
410283
103900
257371
101575
119470
272158
337921
247709
206859
148655
345122
141825
395460
265996
383868
296365
422765
228851
259242
112705
276499
119773
307062
237730
241819
305003
223207
289688
318443
378472
378827
393695
397602
329116
259177
103186
388004
104971
181571
185725
173063
375007
349277
278881
355100
319614
140526
357366
413032
428360
263402
414112
189883
254787
380259
414926
401442
304394
296004
188716
240225
203281
401154
164024
229872
159988
323700
254011
302654
245688
396309
216712
212210
423484
301311
241618
344110
138432
369228
439135
101208
194916
184691
407948
221266
425594
373334
291583
246324
222969
116060
185567
186659
267832
252090
122101
402880
189575
191146
142340
243851
230872
365804
317619
215688
321232
299361
272997
118703
407035
440045
312999
231609
136398
387091
210848
406879
211833
191409
254282
320543
202486
197090
433744
386779
284602
218223
207608
260366
433317
311383
345610
204464
331471
125273
362247
254145
145430
146309
262646
133323
310229
183917
390517
384373
350816
269132
302002
134347
158974
339807
224951
226261
451137
161616
271823
234508
416769
138445
132727
392051
157576
357514
366148
263990
298138
419782
403891
159031
420809
292140
406715
188613
424448
347974
213254
452657
241818
340032
344232
216729
369670
221580
191614
249709
164337
266679
366786
415841
185176
382854
243620
343305
219619
416530
171211
207937
270791
137224
389863
108229
304104
242578
324334
447767
254395
351015
298328
449072
153485
395882
252701
357521
262861
255026
336932
196345
139875
240821
451093
359114
270898
222822
127596
447764
286517
377846
302058
449931
404887
264846
443922
190807
106579
410250
311172
414158
167463
146707
247522
242456
214142
122913
418362
184979
134634
160445
349267
133424
103019
350359
324398
204624
366158
140295
292048
277526
354370
330899
351718
212220
329322
328290
307221
202641
170364
219748
397780
277454
372225
228804
335074
241824
409681
104017
354949
374237
375523
394277
216811
249574
427981
344914
107443
312873
123783
449125
156023
450435
374100
276280
198968
110322
129525
180608
361461
356871
194412
295465
449701
128288
260073
186813
118372
214193
152961
317590
377989
323870
159161
159822
337085
159231
218926
443114
373158
335855
445981
247585
447332
327673
375320
270452
159867
366234
207745
185601
425794
126537
383277
443269
429166
259090
437620
438838
195203
118824
335610
389449
233208
260560
247847
242260
163816
164602
145944
122355
164793
221690
365482
429087
162779
253767
243868
288810
228571
367496
245122
400578
378608
315770
411658
252323
303006
160458
203766
121199
124607
453757
156011
233073
243882
231518
442307
158251
119645
275063
424660
214745
160167
213948
363297
126209
260702
133616
283458
170277
448869
281833
327237
407348
281558
195228
229553
112314
194547
393968
142953
199990
359956
183276
209052
179215
447132
298667
223797
214392
415856
128776
383160
364456
182566
136369
157136
373331
358975
293297
120471
309746
367389
214978
235732
173559
237198
148072
341420
116589
263722
104244
155149
302925
150276
338377
326250
316869
422423
173494
152979
101890
167347
235446
305355
171736
160110
160488
410739
311800
187295
346448
389690
415251
342493
330982
380288
364317
353594
161103
451483
380339
378652
451368
321886
186804
423646
263164
449542
257800
289778
109343
415347
323566
432957
285607
371227
275094
420001
438454
262396
387229
439925
236718
248348
209468
136892
175679
388392
183635
237487
395305
217912
146324
382032
164614
249364
374577
426290
445734
346311
158554
360788
116867
341694
385781
170759
436648
203709
398815
247002
194430
432909
331737
188083
225738
360501
350675
432681
206798
116814
428707
264933
424893
229933
246071
120911
375392
174434
141742
198576
402971
264568
130702
289643
343437
270931
449201
413893
297427
221963
362140
386536
149724
379570
431202
399685
341742
266031
135948
401505
390426
205945
138236
372954
255793
142022
442982
344878
175016
147058
421119
424943
234285
325672
319361
142642
406432
380606
310991
433376
187645
424170
390839
106994
135501
212603
228294
129996
282447
217630
194364
447073
165909
118173
115730
100468
242732
236930
133792
243343
157188
435582
215466
440246
160952
427039
149697
119608
134522
383456
122457
113806
268931
356923
411884
451692
186063
304877
268670
197439
344691
237104
374882
398836
291656
122172
200170
137816
392838
371654
176758
100599
308006
237798
169285
104511
144874
190850
325007
147593
198918
203739
158231
109266
333243
255940
228699
297791
178661
173478
180154
353443
134970
326068
434351
424992
450629
341467
327148
182795
236193
278043
313621
411878
208712
248064
416716
351010
161620
187488
216528
232568
369211
321241
136889
160514
105936
390862
323392
414650
423567
103547
208073
407758
336631
347547
112301
382990
205326
390071
154081
294351
184667
443575
314407
218563
164039
196173
328389
307564
319780
226758
260271
183811
395823
107844
300446
437164
102128
434526
293925
120882
327852
269066
387425
147208
312681
174374
443710
190820
291435
391217
140137
241799
418088
374233
212451
377366
278063
137522
118522
190597
426706
388791
281258
253599
292183
442099
156922
378922
211464
404866
109233
281631
191160
440556
340958
361829
142051
133110
344759
177207
216106
230729
164581
387749
354802
357515
102835
197160
164850
177509
229616
261793
121448
163106
101046
109681
399920
354231
213234
257347
143049
199672
166221
362497
118043
210971
243925
384007
431710
194069
362089
304412
359874
447872
103597
222311
108094
127003
150954
255680
348559
417080
260838
446271
327211
278426
210458
142011
213824
430873
202332
328446
125858
135483
153915
383373
438439
203649
351847
213327
440890
301664
221184
377947
269097
259767
114717
407595
160439
193280
130036
442398
351546
266894
330362
430484
108472
174608
230086
190594
166456
249157
102367
337778
168051
248868
154642
376025
245608
160865
445311
167556
274632
361025
336270
195133
320796
157431
267909
188121
220698
274667
126626
392902
397869
189970
338439
253293
312280
351238
410851
354541
278009
365378
298582
400947
235734
115187
175611
137733
444727
402369
305063
101837
311210
249827
202388
299401
445525
452831
145903
365268
389150
202471
375831
325168
295300
321730
171045
335134
350349
370142
369663
244375
115026
446756
446357
270588
303025
192476
391558
216648
319907
309482
283370
195257
352519
340328
298401
196548
323753
429312
286397
426621
185403
326843
451207
138571
301863
251479
219391
164693
147404
176106
324294
240493
378537
139383
196822
105496
434768
106431
261169
296680
311253
326193
129457
380310
232726
429321
129726
416785
200733
239811
330352
375276
334376
230174
310037
150965
182324
152705
105140
335487
112741
162038
131568
345997
321037
425297
171037
248523
250274
449767
454433
309033
430305
442446
279504
151297
154148
182440
338286
432689
357768
238924
324592
297629
102581
245201
274404
280287
106838
147894
293484
246892
159611
318858
401342
116431
147084
358094
205404
377218
173093
374897
208977
428803
101564
218687
367845
430245
352807
305859
108580
180530
162357
122169
385966
437030
274859
286935
255241
426335
396455
284566
417584
261899
161211
112162
188967
273464
284515
431574
105745
306131
373983
324292
138952
446085
226563
261705
144027
378222
245065
268535
165318
333329
381273
426520
106625
238344
380655
269622
129001
330077
325951
355943
170557
189081
134854
318277
405943
321555
344797
100840
397768
325704
411909
212368
368946
137732
230352
243750
355098
236989
321408
134145
222851
160002
149290
423394
444072
400148
303192
377345
296799
190067
136841
394784
156749
142775
325298
383861
334581
332216
451365
366329
133994
138842
436948
251553
230600
114199
147160
312165
301735
430497
312877
297642
405133
121976
129184
223381
256300
390413
102266
228717
184364
380919
442758
159974
234982
429996
193377
174086
345937
205532
107314
146241
108046
109250
104517
128814
431005
141113
232188
174568
393073
194092
377359
419069
102173
249086
341792
224387
183325
229951
106697
361530
257773
258214
193473
291740
176653
252765
171463
226525
145168
124186
378039
211068
126290
120615
393240
229523
243201
389231
140839
156636
387062
413619
407445
355306
316303
246387
327922
271405
348365
317631
270414
125467
433905
439506
207973
229460
138648
219679
437361
356902
115814
362626
409882
436258
339630
202837
132726
145868
370942
277888
308094
436050
400225
203803
356548
182079
345711
448744
217992
395961
197604
366847
437242
183432
316685
259443
212971
311823
268260
102795
419334
371220
319335
372538
344581
176735
332374
349621
226056
237182
272570
177432
306833
159521
328877
422470
125139
145068
140540
422106
241391
103133
245184
274807
300335
235292
221014
329729
418547
291083
264630
116320
260514
381487
107431
301763
237707
404484
260955
145994
283070
366397
111734
207532
173344
199339
196589
297617
359571
117277
308782
175644
423253
451583
431907
407513
291062
435182
429927
311859
143441
453554
236917
232689
325937
394327
368962
159324
311863
211764
122143
380159
345522
346897
342571
422646
420403
134238
210715
233376
144049
224894
385408
447941
289444
308123
333468
414181
274643
347059
454869
296166
135155
375983
331592
286390
388438
350245
131393
350734
419707
178556
344385
423991
326596
133443
390025
205698
347271
154310
229311
143562
403851
109402
298528
188534
337702
256085
252684
152749
329208
229420
202540
225623
280727
336703
174378
116330
277894
284353
277666
216777
351564
343642
119358
432567
242696
343573
318030
112837
347310
281723
372153
200929
148346
136131
232479
429447
330093
346169
350927
268705
131911
404999
276463
368359
175598
405543
218976
443501
303866
175848
373183
442560
148652
360513
146152
377091
391604
116343
215275
307217
299623
237382
109586
421898
405644
342094
181057
315369
132457
295935
225022
265573
161642
240224
128062
272542
390660
167636
235686
384453
420547
370761
197939
451086
163430
318764
213904
131924
152276
254796
117248
258655
121079
365223
331176
366275
451676
329773
177969
177786
265404
265447
342471
286695
355154
322301
320480
183829
152238
371252
453176
171824
111917
361830
277446
234976
209400
411200
365986
151636
363814
412575
177239
212126
165259
138537
308848
196909
287172
153076
382469
191836
333479
329528
328800
140713
222689
351136
332947
314844
137120
375310
182887
262322
418751
312732
158915
103844
385357
422119
218902
133391
209636
156316
452683
343716
151794
172298
269577
447963
394136
378092
152631
393809
193276
321018
395481
117796
322828
321905
388654
270086
195639
354493
310149
163376
415137
338533
147521
283530
287663
379834
351560
218252
105704
268585
456052
155840
373329
183251
258556
209518
233661
357318
148678
345337
306500
175940
329048
386318
107667
276115
386056
211202
332356
355946
419728
146629
246058
113767
195105
408239
181310
405604
183504
267065
331482
426084
156109
189517
229429
389524
310565
226375
289404
136031
406679
380547
168825
199350
204813
403912
144088
108227
217391
184639
363402
262693
265113
101721
375155
354135
406635
172981
346454
233199
252262
104964
367636
428909
104041
237511
283911
294038
429419
130155
337012
106112
426696
272058
124969
193337
386461
249021
153363
220360
262509
167012
258996
430965
363278
390944
281493
227447
416914
166636
264801
266423
123460
386916
336180
306257
106578
396947
446276
263828
261702
320882
303141
167036
394811
410175
101936
216108
102942
421051
114710
426037
160120
360159
204399
120035
103660
372152
443331
128241
105683
138164
314631
406353
104940
147769
271697
231494
317803
167567
126196
354878
439410
106200
117594
116769
425000
456103
381905
318549
117839
224838
113319
358368
289820
183189
166487
288228
245512
181149
150092
200628
296142
157801
366090
318653
391460
168685
166376
157971
327645
198864
201366
425929
143926
243420
290777
312867
444110
305542
409122
385974
404115
220413
137784
273153
215748
454655
383647
229717
255083
208207
128936
342369
186051
301980
262875
285526
382523
334468
122781
369148
183827
172496
119076
355353
407732
211651
418642
179623
232939
363228
245916
300805
410128
309492
157890
162600
284583
233957
356860
346167
176528
147723
252717
440064
195481
279320
116310
273733
208321
132665
155897
362163
241308
127048
320971
224383
348916
356135
394714
265972
344646
233084
217968
407521
382248
208914
298433
273820
333332
271339
269385
106055
123379
401167
346573
155765
367930
110086
261659
332439
339685
341250
143647
315933
290445
341366
292597
357538
363750
233504
220255
369785
442284
355765
106126
183960
402706
278347
274743
172498
220644
158022
339856
139153
228186
358236
297081
250919
414312
268805
345633
103644
443072
439401
394265
226877
201803
284567
276288
205933
221102
344809
445145
445607
263227
292704
204723
118375
271804
323251
450165
109738
102559
165015
416944
449698
258106
443087
240764
354223
271831
259263
407560
349332
308879
326951
308283
339385
268672
361016
233616
242010
323417
229292
348815
346186
163974
425747
196784
441021
128184
367048
107251
455311
231492
393579
358157
281062
365547
338637
114175
143797
186107
129461
327358
194694
256736
300592
358325
109941
258053
328961
411297
302475
198727
152387
445909
156319
309773
322548
309233
347284
443191
397164
349559
374981
422746
161624
226586
293933
330543
376053
221810
215098
425182
448108
149189
122626
144155
337902
190004
426500
146609
334984
442287
127045
366563
169434
109256
433823
326253
203005
233520
375219
289791
106030
429926
207300
314325
266575
212202
141696
229441
383993
288650
185926
448620
208200
355056
434479
400128
182177
123023
288339
298829
306315
430535
253915
216098
251099
253778
310332
173296
187509
247681
191475
125306
449471
369643
432475
434746
184696
422670
218947
352765
187831
273919
174889
352383
156211
390863
226583
252095
253770
305585
153613
356198
154232
439397
437090
253053
181979
453531
231269
362648
212458
222691
395510
158346
258872
423329
426780
350901
359839
231104
310835
393825
449445
431401
112437
210328
375019
398765
166975
102877
228138
413774
423689
117666
165025
220133
299902
122865
175632
354916
357629
117987
378227
395093
279000
108628
130656
341930
104536
379136
440800
148620
408499
407507
135768
325409
129383
427911
359224
375628
354907
301475
441831
449976
380173
378786
254061
400090
409572
449345
140663
227030
113443
313290
285086
220591
244732
249745
417729
243227
426503
212705
400748
297960
365303
380291
106104
299760
225774
434241
346008
114365
137520
293526
415771
317947
221464
269190
121957
126711
122212
197639
279401
169206
139699
106266
124550
274679
358757
323683
373223
205574
255736
343818
139581
337794
381520
360740
420706
257379
123160
153555
174659
257245
101340
302741
426545
247100
223667
277005
156027
408317
129263
117044
321878
395091
445954
337204
290724
157356
378301
287712
274285
194169
307329
143817
213184
360601
341718
409877
304665
382346
134945
434463
352969
275716
396635
429175
422583
153806
331628
332344
261824
344487
298055
377311
352672
139271
310375
185155
240564
418058
311508
453712
106410
406150
435956
100636
434561
270223
324742
289276
380735
324094
113719
229330
270059
100579
426176
219535
122743
174654
299383
241969
275690
333867
236015
177704
254318
352955
233353
118900
339499
337291
236871
383054
360945
274828
269801
443779
167819
226199
237555
303665
312491
236475
188922
120080
125541
142418
173813
200224
365864
328073
129671
208735
329112
424545
246953
393110
109733
241668
277819
112609
441449
259758
145704
316051
274416
444501
240541
148315
100301
107742
213563
181582
248449
386038
350347
217310
134989
449315
368647
435883
338023
285459
311592
170621
163173
216273
359492
151523
393657
315100
404049
198361
303331
261580
206894
444920
287073
258407
346834
388597
322346
239409
421597
372896
103691
226405
153193
189903
395675
317450
219660
130197
199957
337217
126244
261352
379529
168701
247773
394794
262761
401362
297268
286551
297904
111864
155263
251958
270056
151079
175705
434136
130597
299167
101073
140242
335793
247413
192578
443155
348925
176633
343699
121036
163791
239294
395180
305363
426374
257026
320200
228281
400730
143183
368058
366316
427172
446853
277478
328866
455830
193577
165144
231886
343847
348740
321783
398702
430235
355260
175014
385848
394819
287323
151096
248282
445216
380794
356310
405527
266804
272011
231928
421143
137981
453685
207076
248387
232430
176963
333582
320024
253518
187930
135743
335551
365618
191789
371424
111025
135972
115506
387108
223546
176699
357920
446083
242717
329185
355972
320620
321320
328214
157659
362618
152166
434231
303401
309751
188597
189438
171806
333611
327745
337517
310055
441387
377059
319702
186902
257240
371137
131878
127911
313935
330943
209065
258001
358796
100405
256502
103875
190868
384911
213188
278867
124302
241653
177608
148398
413195
241712
133225
377072
293145
347119
443682
442350
261663
403316
230124
347215
201563
112614
136113
169594
454445
435131
236142
207690
411669
258669
208758
370410
412834
355138
455083
173256
223305
114995
336228
391101
118380
245104
170016
312293
232139
176271
170740
407092
202226
441703
291745
326911
227871
349445
456140
294361
256495
287179
356131
266200
365319
434388
175300
116240
212215
247457
139561
393207
263236
201570
391120
407151
445276
453939
130198
138042
283560
279226
426276
142267
340934
391088
365187
195968
103492
363414
375998
118310
365524
146679
128351
245705
213200
182328
256508
126082
142474
145684
178031
449656
386206
308064
279160
144987
352083
227650
289859
387112
273073
183098
205296
152843
375106
387885
301154
330645
338654
442950
318211
173997
311384
199194
116159
259455
316802
283926
138215
357815
402837
444156
386608
187806
120204
107705
395613
149526
114652
194078
434443
280581
347804
124740
258061
378688
160337
230986
136186
360089
223779
177016
147989
441280
296567
248829
380734
431864
183250
133535
269200
450807
344132
166824
327847
423627
184798
248793
418167
415597
238842
277234
170485
299552
424024
237041
184740
110862
228683
449817
113214
191587
356420
328973
210921
146129
307325
139234
296508
395312
415878
289189
180631
434741
403927
221674
453419
330955
438585
316434
103739
221711
329777
306740
231578
208768
224701
111908
275758
403372
362621
120149
417818
242929
246860
420321
300061
337870
154171
357581
293321
155241
218698
204775
158814
204872
263437
386115
256625
201462
240173
422867
110853
390127
341483
183528
413505
227509
216736
296223
262296
317667
251332
403062
407115
409652
446726
154648
338997
294638
230570
443104
187361
300379
180538
233206
399629
199939
357020
176759
365597
174680
413818
230603
292831
439676
136012
309412
393496
303206
362000
119708
416916
364724
134941
291764
309486
166718
304020
393575
203765
116660
204386
120842
230004
297056
445964
103380
118339
353046
158760
208649
455554
123468
193994
330718
351544
445131
370357
386957
222904
154308
170209
151995
446588
411371
424987
429178
332672
159925
308477
426909
149555
129925
296177
438393
163960
150434
363647
122813
170531
260612
145163
152111
427387
107010
166999
222734
186940
161426
244177
385054
161488
196697
217375
280433
338759
337387
276108
245683
440379
427932
151554
271546
334163
339863
318149
268927
425822
201024
295215
279474
100879
136895
179133
337939
346701
142543
267990
175069
421154
338270
349756
375586
319873
388141
158450
361955
276081
352964
227530
223335
336358
115693
379220
177723
329324
350169
142682
287624
410769
118448
436496
301118
305802
364057
297905
177130
330304
455414
198834
370519
184521
226017
334678
348113
139578
119551
444589
322520
168030
433658
403782
169437
359016
148430
140690
114868
356130
355508
137609
208739
423384
198631
117740
318898
183200
152467
133734
319445
412081
413241
381944
273038
282057
141231
255375
349746
445120
319466
162603
305327
391291
336642
245497
125241
446338
152322
123785
160438
373245
169647
193240
151564
300900
364113
183246
428082
327384
149839
445319
359721
388304
235653
143383
202259
143165
175387
254533
441714
374115
428693
229299
254252
374016
452238
311894
403341
350888
157934
298662
108880
267866
395008
193472
406706
240127
401750
378974
222353
395060
221045
293772
397642
182330
391980
428049
445066
139275
247355
230601
307705
352069
338380
308138
137643
404363
228834
136300
178956
209874
244109
184983
220933
341221
190519
149652
133870
343022
207939
355111
267878
420682
393097
231377
397991
432385
329484
383920
300663
267076
335575
444073
353977
235899
373175
416668
358218
213458
182238
186406
355394
116481
360739
300773
454737
218715
166613
143054
106605
299583
237222
266808
152056
237238
261572
292821
179484
456112
301513
174101
157404
379345
134768
151470
191647
127743
141066
205597
302464
427606
355315
158097
228578
371810
447099
387326
433081
311794
448450
280155
378180
402634
196341
297578
194012
296531
189510
369317
443789
125832
129498
217633
257629
272618
171093
389240
381451
117630
107405
377718
421112
126889
386413
215504
282299
118011
311167
125504
191152
367550
364491
376544
284327
106384
120573
336029
453371
194062
444209
245832
442506
214175
125874
404640
184420
181250
336272
290839
171572
165238
318363
190250
274855
297140
221087
453340
246750
297525
142798
155371
142035
177045
115253
392289
250515
177443
319162
372982
437652
250082
403183
288956
195082
131640
307978
229973
153515
167353
169983
391277
438548
381871
423615
374102
213145
278030
126710
391416
335858
348647
264115
206660
170260
206568
345151
197782
396559
360495
150261
336557
363442
106445
319570
215523
116700
316102
345169
339598
399507
398707
170680
255359
319883
109035
196596
139957
389354
448665
181748
362645
144765
423508
311147
307777
206652
290826
109116
378178
380265
291318
450824
363356
157865
329094
166821
410422
264550
322343
243360
388327
259942
262416
328591
130213
186795
169858
281327
375271
291054
248519
285118
252179
448786
178224
146508
342376
150329
368410
450525
170653
443077
402220
256528
265182
261363
121975
246099
165727
234762
171039
126315
298159
276207
280720
395494
342678
301377
412362
256359
273975
248134
313115
288014
133687
125547
364708
166302
235297
428762
408228
278159
341163
383988
309440
190400
300748
144352
210161
240977
361920
184474
354590
143125
325841
284419
444180
448895
190157
241634
375984
312919
310897
221767
204582
449946
257435
316358
204676
446394
156704
122384
324466
380843
160284
329141
118320
379856
208469
214870
341973
275037
304070
281288
428378
364524
407961
278039
365019
109967
346121
234092
363946
263577
141899
436694
431424
327655
351268
272864
179000
199394
383312
297526
417031
164535
292051
202696
156658
126228
294025
418624
197271
299051
198430
329049
298539
160682
103555
255897
111493
161517
314311
206450
315931
146959
317716
408180
159792
177862
149968
303088
201333
263106
345059
343074
178185
450860
414938
270065
385318
294564
445729
381620
245769
277827
245851
109569
202415
139551
304826
125745
271681
351280
163543
375627
454877
412288
335888
266454
286969
150903
196362
283699
136370
301278
127503
420744
382782
448752
109994
193076
256100
336748
453946
230651
256226
326300
239869
169119
429728
347640
141533
372968
295972
294291
417153
124292
379920
340318
340267
302508
288774
358709
113416
326360
383512
388828
175093
376192
135076
393320
418448
148854
404398
350050
258198
438387
187560
303388
100199
433129
108890
228283
139502
223009
120439
230540
335739
113253
377924
448436
122916
172215
302969
277607
194707
407223
261453
281149
160795
114597
163436
408310
408294
182789
300132
264664
155001
379702
330606
370124
410640
371887
314962
310090
100343
223502
289363
439107
244642
177010
190385
253005
336288
229092
150813
137104
333201
203125
344628
430041
209506
310840
108957
180924
229590
380548
170052
349996
409361
390197
290720
399892
253846
258526
347032
310681
378971
326007
322391
149300
222474
103860
179082
138780
154499
259032
175880
258084
452044
230507
371261
243761
217279
230062
248002
376725
360104
145283
373483
138032
448233
135813
263250
368586
138147
400618
382495
431689
315234
279599
311517
287502
415631
285519
182594
335718
365059
172365
275894
413927
169752
452629
176082
376871
216113
436305
216021
362529
178116
295751
438353
129051
327152
202685
158907
206974
123248
243027
454112
179754
171460
252290
371599
105115
334715
350416
248446
332874
441645
239797
328232
408557
351190
426883
212155
239468
189244
193518
197338
216004
415830
210160
300634
307469
274293
131624
146371
246707
309927
374431
400931
436686
224234
455108
333342
106806
280066
310376
194086
178562
448195
230073
393455
249945
423898
120588
351969
293897
145140
287743
293954
238019
225572
369061
356329
130614
437656
371184
351181
390627
313551
301695
330300
110785
189292
290488
215690
366030
258967
283324
109083
301013
387346
272431
455877
133452
213562
123421
270501
266910
206588
432795
272202
337123
196405
401343
206022
448941
364214
205697
135981
251652
182397
178350
267346
182699
425079
147051
159133
167403
372363
449008
421086
322777
440829
126938
368275
363914
402329
173456
178456
301119
428464
311836
399165
437413
411652
157396
119479
230923
341039
442957
321228
257927
387446
200714
195798
308951
200226
254058
417116
259035
238882
199836
419197
291859
339921
176801
173438
424751
322874
334851
216478
204322
216291
104980
335627
254570
281636
360921
241773
287857
283377
320958
236051
441353
350438
274262
284456
295911
327791
372454
345887
192658
208092
297417
430755
317094
261634
330582
204018
120489
368063
306512
374337
120098
346151
301396
343904
224382
436917
361677
282583
321535
447928
428775
170291
133087
307309
415454
210550
316880
446839
155157
311251
356096
241859
297633
327825
381919
322094
206928
254801
164185
274817
363701
280250
335714
119785
178039
131097
399640
223211
227795
320217
172232
343589
443797
194219
234495
139524
230511
360460
433290
443488
171248
161824
268117
297714
196932
147090
243502
156154
345801
319055
401449
388096
313950
332593
249462
199814
373551
282609
176117
270342
140900
425745
217611
387125
300315
425108
323090
383037
363685
452062
108979
410049
333595
160348
189555
414572
416977
164640
281015
446262
178379
209864
101871
176909
230670
441153
207233
191632
431248
116603
271401
443279
282397
366256
392257
348455
200070
145583
254324
275880
375855
438969
379468
396466
453610
438840
258089
366961
317255
344696
450116
272187
154757
291438
130986
435938
433209
184908
439788
140030
287737
321311
103534
197970
306643
355428
277973
418036
270428
440781
261512
446240
287935
437653
293753
332218
178457
312476
185797
338080
427722
281718
170472
394079
184535
127732
227581
424619
405254
130182
287283
165178
103071
452183
371026
384755
103077
409752
361747
138817
255707
346224
314020
138656
318838
319745
390768
322477
322992
452366
289435
184523
374651
198635
294468
438315
185731
317252
175525
433999
398970
180043
316210
296743
211198
333295
333485
326161
351307
332450
385624
292596
398526
294571
104828
143424
120013
295311
404615
101147
193495
128449
267695
146424
431662
308012
233916
152426
147183
106568
437102
225731
431258
324192
129092
280304
141651
146193
278852
164498
435351
298668
319643
452876
233844
328006
454650
403499
398316
102679
420525
113293
380569
416181
136928
427710
118099
206733
417869
264778
449372
258636
207950
373265
317135
283556
301051
176858
124797
261083
189539
404316
436166
363746
137916
152114
210235
326336
420989
186715
118865
403046
378233
454289
440084
370958
147093
209644
355425
369627
296226
357541
414510
144443
169970
170906
344555
338474
236088
440655
279225
336752
134705
281878
363062
376196
390046
438021
304459
337306
436130
379707
364841
360949
226384
403757
330391
420535
176796
268491
224170
297723
156039
386846
156783
308160
252671
163178
371472
355227
172676
197087
125413
287505
266841
232112
143700
330531
406894
200546
201531
132239
227810
436543
347052
385816
196664
150521
222223
132623
319405
264214
405902
131792
166381
299906
246793
157972
430023
153325
134873
192013
430727
133978
177290
111431
197940
143215
380698
436776
255301
250309
125506
294870
148472
275390
408293
380942
401618
384511
124970
272345
244170
144807
142692
217051
330835
327077
210185
120622
204924
281709
201510
138272
278503
338667
266181
377845
171609
430601
310611
221218
290196
218422
115950
263592
229197
326980
375376
214214
125243
154946
436281
241897
269814
205145
278757
357924
319470
166499
132613
196642
377039
239995
273545
244993
453033
280241
180353
189399
415611
452454
409424
193905
164303
181081
122534
215281
167146
289855
175462
287581
366811
270983
171445
112195
373064
200545
227661
370871
377859
123902
366136
375759
163591
184871
282290
319591
243098
410449
130300
100387
113835
299990
335804
146387
224907
269224
360131
214730
162849
430628
293268
265008
131317
123453
279783
145712
381811
321935
244181
323091
303320
421450
368558
109017
120602
430991
319888
140615
306955
149580
335576
170287
397283
319618
444357
221912
124888
166784
199398
406423
268467
104118
312542
354244
324850
214504
203835
258950
278163
367556
301815
398161
326162
368405
188149
356236
355907
336877
171669
384973
403534
239846
388311
431536
325893
163600
233516
254339
119928
117166
307257
301620
318774
131437
403053
251273
314280
357216
101646
449778
172324
373874
441053
258878
423360
118334
102589
368521
359833
110272
212030
412100
437087
453583
259724
441510
193304
197238
359420
200833
288824
129085
345839
375585
170021
396856
127210
299442
211409
133968
263737
278743
429524
185235
165839
241398
127029
405766
427913
426012
370635
274689
202389
264725
101821
115672
121813
249841
426490
356500
318913
158434
211778
131400
150755
219742
260570
278906
111924
423090
233948
319652
455177
400073
287782
147926
276046
337974
211129
312448
145617
141382
450813
198170
219705
138282
184076
320002
444603
237481
299655
297949
223451
359316
220926
233789
277130
228575
436899
422184
282141
369429
362356
401212
170028
375604
387983
177790
178787
345102
204604
360055
400084
149438
245199
297648
438622
397116
383531
105379
314546
434965
235875
248312
211156
139430
371756
254999
367329
331718
278134
358625
145351
434412
406957
125070
350510
405342
218302
452099
364348
378144
369635
275835
300271
271182
304576
278270
249576
211762
103085
405173
345486
237933
112503
128338
234384
151657
347233
423577
208049
303245
427539
250009
273802
166924
141617
440647
300960
291535
442411
285813
212920
272712
113334
231859
402374
364475
217742
107211
100452
105263
219064
301211
223983
312370
152888
384588
182241
173562
197367
189854
308890
281117
121213
110485
188008
362623
399750
248262
325016
160918
317491
343088
337341
279045
297927
148852
289196
341693
101981
304909
333346
133292
211917
290342
167202
258540
280139
269144
259493
203287
143838
279896
116692
162394
270332
270724
215744
186857
300654
383125
165018
117115
337904
140404
113737
375770
269860
119825
435993
173709
369021
290142
282507
214164
325226
214490
432799
141673
265647
409473
296894
237406
327650
266538
438502
172444
234200
354468
335469
398176
430031
249112
334044
165638
351628
136027
250547
285866
187316
160679
309384
185039
318649
291156
200608
391681
317370
219077
377572
433026
212228
305103
428656
112851
251939
383572
413762
417180
223366
449811
365934
363234
373184
411087
396721
362754
446966
372575
210336
351975
291293
418708
296497
178923
274363
304055
324290
289708
288491
430136
358562
146845
419124
240100
281421
345838
226710
246388
226034
190870
157281
360524
239550
382008
234255
453965
295351
188301
252129
218463
144749
173577
410009
123411
182649
408435
106779
409849
268690
325482
261564
339504
384125
178708
233364
254788
218003
107376
211189
414669
231639
421631
283358
237819
364532
316510
378150
337841
269380
226712
329260
321793
329123
442521
327329
124537
384487
167376
293245
170263
123346
180800
382780
123394
114638
334323
272607
258273
162273
103482
417170
336998
248646
391706
192025
392497
340250
164599
318648
356110
134723
184599
437679
136353
208804
386597
228942
201429
102497
115775
249903
238159
301687
334079
140726
247163
212129
317569
303002
210462
146008
326011
426181
200882
189273
414412
110519
185229
384506
431351
137521
125482
140392
385258
384355
166156
427846
376443
348861
348194
452208
162255
201518
172872
177000
397311
200754
212546
404798
196966
423678
280682
133928
442244
308529
297508
382929
349641
399415
277926
354973
127125
203711
358420
151904
277022
128150
167538
375760
411158
391533
222896
274923
434248
450546
273648
351205
239354
343804
181961
117276
283832
214532
435966
234140
155828
219300
423260
348917
239713
225932
101054
147023
209086
220626
380195
229573
115292
322683
173792
434017
102624
374746
400290
316095
207585
245698
380210
276094
443511
341177
293421
349308
102180
446467
250032
269898
368582
264783
182457
156859
226419
142045
271507
313490
195668
320090
124028
301670
283892
444423
113709
262087
310508
387851
390121
412901
328102
306920
182033
224221
453905
384054
291875
231970
349229
329816
430244
272644
317882
414205
204273
339239
361701
117244
435116
221130
289848
199941
370129
434771
239827
198339
162148
291640
207672
250360
131323
149658
281976
240848
288108
432898
247874
156936
139889
373917
307685
382071
106196
255343
256490
303642
211126
313491
194289
293227
314955
421296
259884
149545
351282
191053
441269
324462
189553
184938
403925
339332
181062
142700
192125
303617
289107
403069
380580
274235
137644
301359
290570
380479
153506
415026
169592
441440
136629
396675
121082
373099
139318
419467
288390
231964
232960
136637
108060
327982
453210
117655
381398
350470
246284
379074
257790
233245
445855
186192
390028
412824
128451
142066
367145
443493
406424
390857
230834
141241
349817
215467
177172
262490
152539
331652
163185
178683
164759
387423
429631
225728
166276
213629
225587
312477
341888
453305
323855
356694
136587
333567
165164
429561
342106
144747
250568
438489
350413
140841
384122
107069
455879
436366
350235
186047
417158
205829
416645
210679
202381
416571
142388
245725
318677
408281
207507
119273
448756
443128
154045
398835
308961
233706
172594
344992
338102
354687
333127
435950
190573
254156
101165
101773
285917
375517
184774
409342
203963
414094
283232
179549
331753
328221
246081
437828
383762
221150
135159
444615
330794
371272
122986
321822
101969
416652
186206
433291
187119
193936
142547
349040
164926
107774
338778
176247
173492
330964
258414
291073
145612
114807
192181
322758
317164
132407
406056
370039
109588
370543
454320
274134
172432
270902
422793
286910
208252
435032
380436
336811
391369
320367
423760
243048
226426
111361
229055
221331
266023
424140
110150
296823
109153
415025
329272
305479
333806
401578
298808
120869
296415
402119
166216
343755
256453
126049
260573
121324
256354
210326
271619
172305
423647
235024
272125
251635
392261
197391
406541
273166
140238
379293
196190
240550
199448
250908
291410
332102
116464
157444
226440
111915
360681
303688
414155
108790
308249
363711
343827
346154
440546
409647
112221
186518
426866
226367
333591
412783
252886
326878
383732
438915
350751
160791
347704
428134
355248
107009
212491
411750
203465
217893
164272
176795
231443
104665
358952
209934
382052
129769
443848
177547
321948
148049
205958
360990
324770
107533
416001
423069
184258
101688
213035
395018
454948
136278
100649
361970
444883
117859
420098
108694
435130
101538
151893
322012
361419
356743
321967
134170
315254
440676
303828
100326
222280
283592
100714
160346
308790
173199
146046
379931
173954
370852
149149
131065
167321
340512
396150
285546
182656
375922
251741
341982
111545
383735
319720
329035
192850
196749
384046
360497
400247
354607
112813
104706
262962
392383
356451
260445
426015
140047
245982
222954
317538
423967
196839
408747
359443
223443
154530
125778
421524
324563
168666
410816
249498
454096
216242
121927
312246
376885
307821
167424
277377
131715
134093
194498
414706
246925
250787
256110
311488
366580
432907
386797
349178
324350
191136
248265
264320
204613
166228
447774
408234
168273
103979
285684
196511
101970
185507
399395
139585
410155
308398
449285
447232
340482
405947
424425
310689
450113
291427
369669
437681
236080
197866
287176
190350
441439
278241
105797
323600
322967
314496
373553
137566
440715
171021
282103
385516
426834
154498
130400
230920
399148
123962
327637
410171
349699
295110
307931
129423
424339
452049
175709
231929
397506
452572
400753
389320
440935
334855
446698
140029
287478
130523
110131
295126
113969
431532
409725
420912
258774
264164
253916
232419
162378
430257
293189
447508
169741
225918
340252
337610
366343
372888
101495
305145
416153
319447
167232
175017
291237
193785
228560
279571
352873
378731
174310
218966
356312
370553
155170
203510
371602
300123
116341
319673
321904
370309
220355
259887
181286
130171
164254
198011
137424
330699
268113
316711
265429
319296
116147
206874
196887
385372
411548
156152
162595
363784
242722
156456
355156
151549
383662
333413
274880
428077
126262
219334
372517
245169
350900
443904
235241
402040
293801
192115
322086
145318
152922
317124
146249
254827
393303
365824
298748
393217
349148
319456
238865
328921
426837
114936
191782
427266
449157
191370
398286
311281
194704
302045
296225
321993
311420
353094
327371
128562
284525
307966
234808
234202
106627
218084
309277
131459
314362
327918
113437
126969
208023
388941
107421
405180
158084
273775
288426
338237
306252
232538
185008
127061
347502
149353
297002
283270
394031
387889
412539
310152
327288
275668
269845
210416
168325
201280
198481
230489
435706
102949
409740
211766
421926
351706
140405
441918
203173
212574
364255
154401
303623
366846
176833
413014
228935
309350
388094
369981
388736
216542
287740
323459
358013
138082
351824
139330
333506
387910
389352
306396
416365
315925
231706
117360
112026
100336
180010
204572
249170
360863
298695
327861
177638
291634
442983
443429
124694
253159
302535
147692
211323
245054
441058
422440
271738
254877
256699
163327
444793
446020
400885
101050
398896
436077
291741
177352
440194
130932
264824
423884
344616
212075
437568
320477
273489
443862
168452
374924
233771
453127
355856
306296
258146
247437
276790
123472
134931
353725
235040
387462
120769
182400
268819
198969
427762
212792
143242
145234
133689
244923
115936
175697
395017
400286
266067
288825
345551
222266
362343
241259
149983
311936
132477
301434
121577
249404
228679
294030
315020
102882
224634
331199
270589
309022
102335
159662
386935
318079
349551
154014
445783
452591
154249
438591
348121
332659
174082
317926
291500
260991
388762
178834
184725
294608
352993
326527
400553
382049
186956
104188
350778
183019
250111
398212
256542
240823
265315
274494
308284
173159
341079
101131
328445
247091
206829
130165
323487
111536
328096
454114
207085
454544
297766
388041
346315
445844
426128
137179
448186
432350
231210
278213
282594
389835
411002
172712
215232
261370
226592
147229
241017
228643
226678
126921
346031
169906
240596
105640
354619
427541
130479
383245
435922
393919
368907
448440
342218
317550
309446
209215
395232
313636
188099
261179
205174
345650
394055
350143
154649
428388
206025
228406
226815
149542
435410
190213
325002
422741
199296
310890
151605
187104
108434
391832
198729
155395
328635
294694
410013
241579
376740
340553
187277
142646
229131
374814
317662
385736
405401
331315
389025
111008
110472
159378
336363
176713
441017
310271
411919
415515
195528
385242
294910
132635
418873
264532
422416
232079
236696
100550
264149
163945
341708
248245
267612
247564
436852
106741
343447
249104
357932
232158
154112
221478
149060
363315
443507
187395
232569
233334
147003
284766
455415
254545
392538
195485
135680
256118
122464
380193
338728
368768
354653
379151
302162
432285
298163
192598
131598
239776
396667
127014
109174
232946
218065
332324
317417
241094
211693
194269
276401
336952
236374
443894
109826
161587
198434
347429
428787
219572
225239
439278
185852
436944
127145
144051
333331
130557
367987
360790
143458
217532
309907
244757
176236
122079
175008
301601
405248
365241
193509
324684
446292
324058
355110
416943
318515
247838
232678
264399
178706
103172
447511
226625
125623
298466
360855
143837
182307
228739
109853
430918
215262
136425
128988
139474
427362
399457
268219
439161
386852
275732
365798
415483
418882
300790
354417
164956
394457
168511
304320
328904
293585
397379
232349
216459
289992
399079
455314
300986
319657
184747
415418
104407
367296
155381
453745
362113
378547
230745
150526
394608
294404
309531
450927
449001
255960
179373
418855
381297
408023
400160
321000
213601
195795
138207
383416
157165
146736
153498
273628
329727
110956
199359
156222
236837
388045
137190
340618
306275
240508
109628
344713
323301
442445
207098
327705
186193
136212
402004
154420
279760
223828
191667
142717
350893
248616
242908
282061
232818
320644
238647
326504
338213
224356
365739
260993
231588
370960
136834
358908
264662
261586
331739
196255
164375
251004
129303
300211
412630
315378
204675
428141
260281
123747
124420
171630
231560
294080
245280
431612
439503
272089
418403
369149
440967
273976
401221
302788
223383
124848
231650
372394
393018
394049
317771
390946
344082
160130
169414
105354
100011
139229
341295
350016
178326
209484
327424
368566
397515
146295
305442
217462
248074
262431
365231
382896
148097
432810
117794
238397
187084
388074
455383
194365
319903
269890
332064
444252
209955
295198
305185
419335
115909
119981
247514
376942
311906
103234
267702
346297
210162
243107
369974
306887
189119
335090
449382
257061
126450
132053
299591
316142
281817
274757
157875
440704
409107
103567
278578
116205
366579
180265
274898
216514
267021
178526
444735
403158
153190
372862
255047
304423
333393
379700
274444
182249
195030
383031
383500
409943
418682
429195
186987
321381
183684
110539
352091
155222
398802
200735
412197
168445
191091
137164
182972
303299
454824
454184
234656
338129
377130
146923
273960
126330
152516
439969
413539
340585
122122
263226
437213
147355
224385
318494
201380
310272
454892
389624
208812
299087
293478
253120
229937
290067
427546
298912
274325
419694
166161
453058
102044
184138
244340
441142
151742
117538
346522
423131
430413
347157
342805
299081
101063
234717
167151
362258
439527
347135
352155
447247
121070
168760
424964
148966
132891
444904
237090
189085
373935
302956
357362
378931
149012
141453
439439
345496
259024
275447
224948
262109
273515
127667
341835
232308
173871
395117
241296
345131
247864
454967
193928
345379
143211
138949
189425
185736
101537
426723
426371
102250
190815
224663
269084
262422
377128
348741
338119
316267
346005
288507
324579
273504
223242
390297
263207
368418
225112
426562
338217
318781
106559
293553
214100
109268
342445
354123
155430
261155
214195
148824
100096
229972
211512
125364
126847
271752
351765
226829
277835
204348
437019
386117
227911
315796
187827
451446
158600
340452
106074
337563
289285
222786
172198
293135
165215
262480
453020
238178
295397
431784
237428
440083
453084
288294
366685
154653
370408
419393
401168
357662
413579
264142
380829
437406
392752
301413
263685
130969
229345
138121
366140
264937
299747
144931
225885
265230
239673
134048
158003
221351
254076
447206
291785
192378
349838
193062
385721
230900
341255
440403
388427
353176
245161
122615
374716
141155
417056
156054
167967
137064
375503
367174
204546
264440
388470
450231
359942
453139
101693
336705
300034
298278
451042
240307
197467
151216
143118
410927
321307
425299
215522
379840
153389
254706
436954
348561
265684
326740
224054
383573
163183
273984
161852
146101
441344
274294
221878
190110
309859
309858
337732
370454
281065
247274
283951
197919
270823
129810
201051
126667
151121
283064
386155
110266
368000
271744
272857
163890
290362
435944
327660
175254
147295
171428
150105
224042
209919
159166
310346
282685
184545
104742
195131
187723
109526
323559
225866
273212
422349
152558
336128
141756
108444
386139
280196
321289
101283
360228
271803
158559
355303
129648
136030
343304
237806
163657
250471
162481
141195
302321
302241
105224
164407
263192
232222
408087
237128
392564
245954
358430
126384
142147
412540
280295
425613
266313
130585
287924
150923
175887
169942
149653
153062
303138
277486
401757
147624
341829
427719
250864
342855
202947
221442
422169
225539
435873
156036
311336
358991
292033
356780
424665
233008
234597
254547
370461
318611
139706
171410
430739
173825
367259
139125
344776
230524
425503
288749
153982
180332
256409
177975
363034
109345
385542
308926
136939
452295
333658
123003
388526
124120
134228
154635
447822
260414
412653
323525
154386
286293
333427
347560
361538
232358
176208
261463
295149
449621
377914
422252
295967
117691
270765
147412
144233
129709
365987
223879
223619
253290
104868
260459
267830
120492
162404
450624
173309
343431
328334
170390
378566
271948
273478
270827
206789
368210
209662
372413
275780
225841
316875
452234
322340
267972
147377
251986
101704
127653
445990
211463
407656
173513
407253
139248
445128
174900
302439
141521
261781
258172
178513
364533
313031
412970
213017
228493
286186
298430
370104
337578
347820
405920
321860
102498
183403
146638
352513
387991
238808
221207
132823
295602
268383
269984
182257
310796
253307
268158
421029
404486
353957
450127
273134
259524
319339
394112
255140
100246
417472
396664
265548
257860
236994
234168
448852
228484
395476
310488
350732
250930
372536
438986
237919
430842
265665
282425
243852
239017
421367
420987
375402
271950
295663
193212
389803
407571
432408
143949
133488
409410
204798
110822
210507
143193
260370
129650
454022
134308
327381
430382
156457
141769
229080
294545
314353
372451
280039
377221
132277
155475
445093
172977
284402
441776
374846
315852
347313
158131
170468
191274
109801
246795
278148
121103
405003
211034
249775
289418
299987
292292
182289
450066
365387
178100
372497
160945
138739
452415
246349
353755
104000
391731
428447
203257
304247
160960
281666
361810
239183
131619
447195
165719
399534
238059
421542
381935
373177
280562
180561
341315
171856
196783
270939
115008
366244
309954
292518
272451
249750
261581
227638
279536
274628
348640
433550
312675
149661
171815
437101
389564
118695
402402
448901
389217
397430
211949
165699
367745
349291
309794
451341
247400
207269
256105
196559
101772
348453
180589
285362
412444
453156
186073
441428
376588
282088
411705
330318
399956
249967
240153
375346
142818
427812
244316
428239
360854
398266
296077
449678
162130
258265
305098
404773
259321
138074
315044
312485
426327
111922
169518
218890
193952
435854
235582
169982
254225
135042
186744
426066
276760
325947
143519
158460
136196
191068
429027
316857
193171
276032
405185
438314
108147
165886
270261
448325
173597
455517
449061
140977
110629
247266
427277
421992
120505
107957
194148
241884
428491
139195
399101
216055
273990
375796
219890
253017
125077
148778
133779
319951
233984
300078
252629
161134
456075
222030
303527
118455
159062
368786
298848
348291
184570
211552
347800
189921
250892
167071
182923
143788
171957
452349
406441
412511
164239
288565
348981
145809
325887
315736
155015
188801
398808
278771
276000
139359
211605
133542
379358
369426
123008
378583
140501
278573
351886
113556
170116
313458
141883
347852
213581
194593
322545
354971
279795
109705
267882
326132
121365
241742
338430
113311
116270
153320
353508
224352
212662
296797
285229
390926
368466
339653
284697
153944
251502
103700
257985
157628
366312
169655
363173
112900
139346
223671
349162
174847
153621
180083
277795
413201
452881
361206
123119
205661
198162
324322
127424
233678
313956
274137
206614
158108
194982
113731
139914
166604
275953
101739
259979
369416
313673
411034
304326
172859
228597
347970
256576
276099
221174
256898
264901
228471
214400
369773
124951
200582
178354
111920
213002
435281
304300
116441
295912
140819
300755
175354
173603
313530
164737
265466
265735
158378
271563
315238
103060
340209
336566
123373
131122
322634
356266
351229
123481
282846
319517
295707
435670
279398
124273
141629
358376
153489
395642
393765
335826
374945
435041
380224
355766
440077
183183
211284
110714
444547
192086
313601
216596
371170
161823
302489
295825
188526
417764
172850
166534
292206
374499
127036
142701
453649
287441
284209
113637
173435
328952
326341
116470
166207
319848
301229
138178
361558
117409
119147
109729
332558
425554
425044
369225
285084
122357
295012
150586
289105
341043
238485
239902
307370
396798
412930
217336
300448
221501
193961
235047
215920
145055
297062
372180
106751
394352
182804
261147
234995
435554
455189
253068
185073
187424
171816
364116
279271
355342
395051
262983
312342
291097
289468
110083
122607
394560
326178
380721
165594
102053
209433
318783
124086
309771
228286
448699
119073
109550
380665
187460
160300
448348
335785
148016
205313
187409
297137
443543
