414910
245056
271277
335008
281159
104358
259852
401801
157813
455642
200541
155880
182717
281898
369167
290335
402912
104475
363637
322734
371873
243847
389814
409590
430249
303897
374084
284401
165275
294944
426765
217102
426515
269418
303441
338873
342064
395040
120728
417108
311407
175735
159459
206900
285394
264132
198087
333818
306183
368120
210244
324888
205762
372044
159168
365567
140883
401880
392473
209607
345905
282326
342938
338259
276342
189905
173592
405834
341706
336441
138905
270890
122211
151905
152260
372609
292585
133088
153694
425728
401788
382547
380704
145270
338711
202800
135783
353936
230619
287433
354697
231231
308113
316988
366694
352940
199599
408630
208364
365079
240677
419190
454730
327029
338524
299343
381860
206134
419683
113682
263954
392003
180191
279824
333210
101201
124571
381528
305257
176373
189030
170805
430801
273666
159456
186512
222397
316782
386228
365615
292081
180249
240038
389455
433788
165379
288053
387126
418738
119308
331855
407190
441972
374544
316420
336846
421233
296150
369473
441585
135705
197148
264174
373087
403011
330512
406959
157009
436855
298651
444560
292576
222870
298137
226663
365177
369465
141045
416728
268797
380395
403076
423973
364363
241428
440216
370147
232457
319269
186466
335167
343830
437702
263928
278413
152692
208554
445809
425999
131506
133010
311878
327385
358451
217207
341461
428685
451216
363503
124123
140235
387123
290863
347894
234548
239353
134733
227470
270934
413381
247128
169701
126505
204933
383570
418133
404926
217052
319571
121231
341719
347626
423357
313358
428937
192847
355827
353817
441396
283936
119674
249100
213616
353517
361437
113509
104917
207994
138244
442665
183353
432844
308187
303550
128964
276840
241844
173672
174147
116038
133197
139093
233066
411918
431788
212128
239528
164205
272976
220024
436973
230274
309231
139054
268047
432754
153956
172936
238444
261618
196001
204333
318606
327980
288683
187650
130032
371712
359868
321343
331522
306197
438281
440775
236226
221359
422788
166100
238412
341965
191904
384645
173046
274761
232505
375159
291670
113240
346559
246937
259502
182037
240912
198913
204592
419219
329444
283681
266586
114345
198449
308149
318751
163425
367393
431658
361584
406818
283140
236140
287539
181835
114648
330852
363390
267651
248915
319106
384682
208699
161768
369692
274252
201482
395416
253568
452586
103113
441612
405785
269215
267698
163621
212783
191489
187532
443367
356758
148861
202282
336290
300735
275795
437951
191969
130568
162311
233996
330441
190026
396815
355538
366050
362670
335294
132542
364350
413007
210441
293587
174170
329173
246859
234003
159414
420395
322494
340208
101883
144130
302307
428341
282953
138234
345773
138729
434235
264205
447711
341812
354535
174460
316800
445848
246112
419759
227922
228731
229641
344066
155668
293938
230668
144976
151474
388768
270077
212049
132398
425045
197183
108150
106209
258480
129207
325617
365736
149674
291519
410574
175163
175732
389274
257359
390375
389210
175753
209192
340381
286127
455649
424453
326765
250822
324945
118984
346640
262585
452343
411590
183210
422929
397838
200346
350534
260332
129807
233859
195998
327282
257098
107484
425473
142972
140587
442917
219381
295916
358077
290673
269278
359427
139133
180870
283907
112746
177941
235383
187080
284863
155596
178777
349262
369177
138810
110543
339225
330030
392651
153554
142100
323507
289579
331047
429744
377299
207947
241719
101184
205868
201009
281438
301418
309909
272024
213334
189032
414571
189535
456143
150080
288702
268229
261454
130529
257945
135318
448409
443750
415322
290676
185587
282599
105236
441372
229143
133717
210263
300710
222997
206351
194161
221795
344647
197570
146709
210631
262433
260846
207831
230552
345253
244901
272601
308721
268313
115216
311378
384698
311669
350886
380626
252871
397952
187589
256986
249002
387569
420741
290659
417585
171744
118110
116776
243570
291903
280474
166281
292720
240961
330282
421945
379717
141971
225847
349833
111435
420654
340777
350024
250988
187658
387864
203543
331251
227635
399782
419637
243953
313268
437544
113670
130112
360600
454217
440717
283508
329901
443878
419224
417845
252211
354932
235287
198418
445921
347392
152478
312667
309402
112088
284521
243995
104157
455107
420328
361442
194820
251078
246801
382773
295290
328020
241664
129361
174421
127801
363996
152836
388049
250746
168535
230674
353789
317991
345123
220306
417363
449172
408298
188711
407399
244055
157627
135886
238982
443657
413261
132654
302777
150001
320406
376130
177063
149717
394993
288605
404338
264373
339671
163925
381896
240137
247590
413795
153317
234119
188535
193139
256020
310614
168795
136180
393850
135074
313152
183350
387517
182163
326081
392840
139401
419633
275714
282403
240357
342903
163393
334554
317802
360385
198493
339737
326973
288434
434549
121022
447935
214803
361837
243512
223988
417932
293720
231596
360514
367565
248550
167250
430105
366900
194181
250367
160981
299412
297942
165812
115072
405117
451664
340289
307599
103449
103166
155071
418846
140205
212214
117504
177836
441650
123166
162320
202647
287628
256852
240440
265120
148456
224888
217999
432270
218350
299587
230198
121116
250208
149497
451921
182674
125117
419964
305596
197344
232304
297449
240588
333670
142522
246655
134612
415365
192823
330051
244821
325351
237850
224366
100214
144522
116709
414282
370879
187241
312692
270930
294388
260376
196699
181781
346961
251068
401893
441078
194612
208382
420146
390602
257237
455075
208499
167471
428768
390371
112456
171758
404600
434080
245119
373291
436439
321961
219395
321026
258594
317084
416331
317008
411631
338992
117867
147375
180549
268463
270423
452326
340299
299251
127534
392393
210920
389392
420816
240658
291460
277287
290282
248157
389567
310185
387839
231272
126671
319478
414250
237410
310364
410323
183039
311766
142553
291043
425839
333955
121807
279296
428500
238768
265755
230904
367143
434239
224565
174204
162428
161323
248361
320859
286060
307413
195808
358202
208824
107188
450967
344742
108677
101360
440145
225084
372798
361267
414201
393694
297788
373033
120735
339348
398753
108507
326848
146721
379206
162412
263491
183964
361841
433768
193228
134861
357410
180740
117286
416754
166101
399767
243535
217979
417634
338585
408924
260139
184553
389873
373456
300561
248356
438598
229857
282907
126467
112477
437800
155333
386438
334023
370231
427279
284688
128264
189596
147098
240434
264061
440925
248227
178898
214362
297890
154028
186548
117990
315953
245685
211722
102957
128145
445782
418141
162990
430205
365745
445986
170730
182708
236991
371234
121550
123414
173315
244239
307213
294106
143274
425780
453128
331020
428657
334110
222100
451253
264895
205112
179697
260921
167625
321372
253664
425797
213087
193723
175440
303723
244551
443624
126057
303164
288431
389621
379138
253635
179142
334655
162112
401061
142561
404859
114715
228576
251243
201780
169962
378377
195374
347177
235610
285802
205840
385881
350718
346208
413259
105645
113184
179575
102973
179324
147615
133526
405972
316846
370285
438510
205586
372796
243870
377984
427538
447270
200398
234643
153015
358390
409453
281440
445136
419531
438087
185006
141209
129341
454312
226192
419809
235122
289600
402838
368662
230088
412184
389053
346827
372158
265982
216359
182392
258358
426091
398083
235620
401201
368495
326709
344222
277851
228231
178193
253575
276565
327450
294826
278294
188809
103483
297524
310948
304745
395148
446260
259604
368698
208037
260232
409101
327389
406198
396410
425532
436763
264632
437550
435833
195661
125061
397246
292378
328494
237453
283609
429533
261245
347156
431628
125099
390798
260752
402008
187610
124262
227868
159501
299378
349861
285729
167696
103981
312717
140552
318658
135261
386460
280574
184111
384998
431715
327242
137836
333384
112558
239709
334588
424105
187432
411153
116758
256089
301221
256515
124599
206302
123043
246167
338614
210499
113136
192073
101531
443800
302733
189001
326179
300713
141285
129203
136886
243745
231064
413942
407479
330537
246307
442827
427327
410283
103900
158163
257371
101575
272158
337921
247709
451441
345122
141825
395460
268634
391238
265996
383868
296365
422765
225435
259242
112705
119773
237730
347733
241819
428986
305003
223207
319098
260698
289688
318443
272216
378472
331859
393695
397602
329116
103186
388004
104971
154961
185725
183946
149531
375007
258868
355100
319614
346390
140526
428360
414112
189883
219750
254787
411868
228613
401442
304394
188716
240225
401154
164024
403614
229872
159988
323700
254011
296487
302654
212210
301311
356872
241618
344110
370508
138432
369228
379460
101208
194916
184691
407948
400348
221266
425594
373334
291583
189209
246324
222969
116060
185567
186659
252090
122101
296017
388486
402880
191146
446037
142340
230872
152099
211087
365804
317619
215688
321232
299361
118703
407035
132681
386554
312999
136398
387091
406879
211833
191409
321282
254282
320543
197090
433744
386779
340645
111962
207608
260366
433317
324207
204464
183059
331471
255023
362247
254145
145430
146309
262646
183917
390517
384373
350816
269132
302002
134347
158974
339807
224951
362461
226261
152702
271823
230223
416769
132727
296878
392051
157576
370532
357514
366148
263990
182378
297556
298138
419782
403891
159031
292140
306502
335161
188613
424448
347974
452657
241818
340032
216729
369670
123142
221580
433469
191614
249709
266679
366786
415841
185176
382854
243620
343305
416530
171211
194616
207937
137224
248233
389863
108229
242578
324334
275362
254395
107552
351015
298328
454031
153485
393328
395882
357521
227980
255026
336932
139875
400859
451093
270898
452304
222822
127596
447764
412318
286517
377846
429833
302058
404887
264846
443922
190807
106579
410250
138158
414158
146707
242456
418362
189183
160445
349267
133424
350359
140703
306531
383488
140295
292048
277526
162935
354370
330899
351718
212220
329322
447749
307221
202641
170364
386736
219748
364599
397780
277454
372225
228804
335074
241824
409681
281625
111353
104017
354949
374237
375523
216811
249574
168660
344914
390678
107443
123783
449125
156023
276280
198968
110322
151671
361461
356871
295465
449701
249356
128288
260073
186813
118372
214193
152961
317590
377989
323870
411866
159161
159822
159231
218926
443114
442856
335855
445981
417482
247585
447332
453998
327673
256484
375320
270452
159867
324707
207745
185601
425794
383277
443269
429166
259090
344511
437620
438838
195203
118824
335610
389449
260560
439895
145944
122355
164793
221690
174273
290775
429087
162779
253767
243868
288810
228571
122747
100286
400578
378608
218557
315770
303006
451174
160458
223015
203766
322135
124607
453757
106969
156011
231518
442307
158251
275063
160167
213948
363297
126209
260702
133616
283458
170277
448869
241970
281833
327237
407348
197195
281558
195228
229553
112314
393968
319093
199990
359956
346452
307319
292481
183276
209052
179215
447132
298667
223797
273186
179078
128776
311532
289834
364456
136369
157136
373331
358975
293297
120471
309746
367389
207417
214978
235732
173559
237198
372844
116589
370336
291919
314142
263722
104244
155149
302925
150276
280698
338377
218332
326250
395505
316869
422423
173494
101890
167347
235446
305355
171736
329213
160488
410739
311800
418211
227719
346448
389690
415251
324780
330982
162617
380288
364317
352316
353594
381575
380339
378652
420717
451368
321886
186804
263164
449542
109343
224201
415347
323566
285607
371227
275094
420001
262396
387229
419073
239505
236718
248348
170815
175679
237487
188580
114399
395305
217912
146324
382032
374577
426290
445734
346311
158554
360788
116867
305425
133032
170759
398815
216293
188083
225738
360501
350675
129582
104844
116814
428707
264933
229933
246071
120911
375392
174434
141742
198576
224118
402971
264568
130702
325086
289643
231472
343437
270931
449201
413893
290900
297427
221963
362140
386536
285381
149724
247664
379570
399685
341742
266031
135948
401505
390426
138236
255793
142022
442982
115178
114079
344878
147058
421119
387317
234285
325672
289787
388017
319361
142642
406432
380606
433376
387258
187645
424170
106994
212603
228294
370316
282447
104739
217630
351653
194364
447073
165909
107663
118173
115730
198669
258174
100468
242732
133792
243343
395981
287473
157188
435582
215466
419424
440246
427039
149697
406305
134522
383456
122457
268931
356923
451692
259106
186063
211648
268670
307680
197439
237104
338484
287115
374882
114873
122172
200170
166794
137816
392838
371654
420111
143635
100599
237798
169285
104511
144874
426744
190850
114312
325007
147593
198918
203739
127951
111548
158231
402476
317525
454712
255940
228699
297791
178661
173478
180154
370821
353443
438594
134970
326068
134120
415928
450629
220504
333587
327148
182795
236193
278043
313621
319525
411878
383497
248064
416716
161620
216528
343958
157259
100963
232568
369211
160514
320409
105936
102899
148881
414650
103547
208073
407758
336631
347547
322658
112301
154081
261797
337385
294351
184667
443575
218563
164039
272182
196173
307564
319780
260271
107844
300446
437164
102128
434526
293925
327852
269066
387425
147208
174374
443710
101617
190820
291435
448867
391217
212451
278063
118522
190597
426706
388791
281258
442099
156922
211464
404866
268733
109233
281631
191160
440556
263779
340958
361829
142051
133110
248279
177207
371996
230729
435357
387749
354802
172774
102835
229616
261793
121448
163106
382988
101046
179010
109681
354231
143049
140003
362497
197642
118043
210971
409679
309946
243925
384007
431710
304412
359874
447872
190335
103597
222311
108094
127003
150954
255680
284913
348559
417080
346665
260838
446271
327211
201905
278426
332357
256586
210458
213824
430873
202332
132076
328446
125858
135483
323755
153915
383373
438439
203649
351847
301664
221184
377947
269097
259767
204557
407595
160439
193280
130036
442398
351546
330362
430484
108472
174608
230086
190594
166456
249157
102367
248868
154642
376025
245608
160865
445311
167556
274632
361025
336270
195133
321739
320796
393883
157431
267909
220698
274667
392902
178168
397869
189970
420721
156458
281097
338439
312280
425356
410851
354541
278009
132178
371461
365378
298582
155606
115187
175611
419122
137733
444727
402369
101837
311210
299401
202471
375831
325168
175480
295300
242113
134064
321730
171045
335134
325435
369663
244375
274382
446756
446357
303025
192476
391558
216648
319907
309482
283370
205942
195257
352519
340328
298401
196548
322861
323753
440316
419071
286397
426621
185403
326843
451207
138571
251479
219391
300945
147404
324294
240493
378537
139383
196822
110623
434768
106431
261169
311253
242003
190022
326193
129457
380310
428084
176101
172756
429321
129726
416785
200733
330352
375276
230174
150965
152705
105140
141103
162038
131568
345997
321037
425297
171037
280516
248523
250274
453833
449767
454433
309033
422140
442446
279504
252066
424035
432689
238924
323918
245201
274404
106838
147894
293484
227327
144310
255075
246892
159611
169489
318858
401342
116431
147084
158792
409378
358094
243000
205404
377218
173093
374897
165044
392736
208977
428803
218687
358541
386641
266834
422880
418155
305859
108580
162357
437030
412523
274859
286935
255241
426335
284566
417584
261899
161211
112162
188967
273464
248795
284515
431574
105745
324292
138952
419865
226563
261705
378222
245065
165318
333329
381273
106625
238344
380655
269622
129001
105253
325951
267780
355943
189081
134854
405943
321555
106443
344797
100840
397768
172439
325704
313357
411909
212368
368946
230352
243750
355098
321408
118586
134145
445558
160002
124716
149290
257827
423394
444072
303192
190067
156749
142775
325298
383861
332216
366329
293185
133994
436948
251553
230600
114199
147160
393540
312165
301735
430497
313612
312877
121976
223381
390413
102266
228717
380919
442758
256209
437586
234982
429996
174086
345937
448951
456243
121900
107314
146241
108046
186760
109250
104517
353422
132099
431005
141113
232188
174568
393073
377359
419069
102173
249086
377719
224387
183325
172960
438728
400939
410266
361530
257773
291740
176653
101001
171463
226525
212644
124186
378039
211068
332189
126290
373979
120615
367750
393240
191879
229523
243201
389231
135827
140839
156636
387062
223825
413619
128644
407445
355306
246387
327922
198233
175222
348365
317631
270414
433905
439506
207973
419632
229460
138648
219679
250039
356902
115814
362626
409882
159446
436258
202837
357428
132726
145868
370942
277888
159599
436050
356548
182079
345711
448744
217992
395961
197604
366847
181529
437242
183432
185924
140528
212971
311823
268260
102795
371220
372538
344581
176735
413268
332374
349621
226056
444857
140936
237182
317582
177432
159521
125139
422106
241391
103133
401151
245184
274807
300335
235292
221014
329729
418547
450856
291083
332806
264630
116320
272100
260514
381487
218921
107431
301763
237707
404484
260955
145994
366397
207532
173344
204774
199339
196589
297617
454177
359571
117277
308782
423253
451583
431907
407513
435182
311859
143441
453554
236917
263559
232689
394327
398800
426512
159324
311863
211764
345848
122143
380159
345522
346897
342571
420403
134238
210715
233376
144049
224894
385408
447941
289444
308123
414181
274643
358398
454869
296166
394624
375983
331592
286390
388438
350245
130326
131393
350734
172135
419707
178556
344385
201798
423991
326596
308170
133443
205698
347271
391235
154310
229311
143562
177417
109402
298528
188534
337702
256085
252684
216833
329208
229420
261903
202540
225623
336703
174378
277894
284353
277666
216777
223885
343642
273083
242696
343573
318030
112837
347310
200929
148346
136131
232479
399430
330093
346169
183236
268705
263012
131911
404999
276463
368359
175598
405543
443501
313574
417958
175848
373183
148652
360513
146152
377091
342246
226607
391604
116343
215275
307217
299623
237382
421898
342094
181057
315369
132457
341538
295935
225022
388721
265573
222504
225772
272542
390660
384453
420547
451086
163430
282830
213904
131924
254796
117248
258655
121079
365223
366275
451676
177969
265447
342471
286695
355154
163290
183829
152238
371252
331983
171824
111917
361830
277446
209400
411200
365986
151636
363814
432174
412575
212126
251995
420576
138537
308848
196909
153076
396294
382469
191836
128462
329528
144452
328800
222689
351136
332947
314844
137120
198630
375310
182887
262322
312732
331383
158915
103844
422119
218902
133391
209636
156316
452683
156381
343716
269577
447963
394136
393809
193276
227312
321018
203545
232542
117796
148973
321905
388654
270086
354493
310149
353834
399003
163376
415137
147521
237693
283530
287663
379834
114192
218252
105704
268585
456052
155840
373329
183251
373228
258556
209518
320629
233661
148678
173267
306500
372555
175940
271907
329048
314928
386318
107667
276115
386056
201407
228177
211202
395655
419728
146629
246058
195105
405604
183504
267065
329492
331482
426084
156109
189517
229429
389524
310565
226375
269795
289404
203621
136031
406679
380547
168825
199350
204813
403912
108227
239464
217391
184639
363402
262693
101721
375155
354135
406635
126556
172981
346454
233199
104964
428909
237511
253992
283911
232009
429419
337012
328725
381184
106112
453075
451992
184314
244113
272058
124969
135904
193337
249021
292762
153363
220360
262509
167012
258996
430965
363278
281493
227447
416914
166636
264801
323895
266423
123460
289174
386916
336180
306257
106578
446276
368927
261702
263179
320882
303141
167629
167036
357561
394811
391477
410175
101936
216108
342487
421051
160120
360159
204399
120035
372152
443331
128241
444091
105683
138164
129520
104940
271697
231494
317803
167567
126196
354878
239457
439410
117594
390961
116769
265318
456103
318549
224838
124632
113319
358368
289820
183189
166487
288228
245512
181149
200628
296142
352014
157801
318653
391460
168685
166376
157971
246943
198864
425929
143926
140653
312867
444110
305542
409122
385974
404115
220413
137784
273153
383647
325868
425185
229717
278727
255083
208207
128936
184889
351362
342369
444188
301980
448574
262875
285526
382523
334468
122781
369148
183827
172496
380621
355353
211651
418642
179623
363228
300805
410128
309492
157890
162600
284583
356860
346167
252717
239216
440064
116310
273733
208321
240556
132665
155897
362163
241308
127048
320971
348916
356135
394714
265972
344646
233084
217968
293431
412018
382248
208914
333332
271339
269385
299895
106055
401167
148800
346573
155765
367930
110086
261659
332439
391673
339685
302918
315933
169915
290445
399452
292597
357538
344279
112239
363750
233504
133148
220255
355765
106126
207113
402706
278347
243311
274743
339856
139153
381889
358236
297081
250919
355469
414312
268805
345633
415125
443072
123852
394265
226877
276288
205933
221102
344809
428660
148262
445145
445607
300531
404898
432050
292704
204723
178702
323251
312708
307503
109738
165015
416944
449698
258106
150860
416389
443087
109157
240764
244085
354223
271831
259263
407560
349332
308879
115070
101574
308283
361016
194873
317916
233616
349607
242010
323417
119687
229292
397351
163974
425747
196784
441021
128184
367048
107251
455311
393579
358157
353764
365547
189288
338637
114175
186107
129461
194694
256736
358325
383293
109941
328961
302475
198727
445909
156319
309773
322548
309233
347284
443191
397164
349559
374981
422746
442668
226586
330543
215098
425182
448108
149189
122626
144155
213670
337902
190004
146609
442287
210327
127045
366563
109256
202571
326253
233520
106030
114530
207300
212202
141696
229441
383993
288650
149006
208200
434479
400128
182177
123023
398613
448049
298829
306315
430535
253915
166423
251099
253778
173296
141567
191475
125306
449471
434746
422670
218947
352765
428798
187831
273919
174889
156211
390863
226583
252095
253770
330539
305585
153613
225995
356198
154232
359336
439397
437090
181979
212653
453531
231269
137552
362648
237004
222691
158346
412431
258872
423329
426780
359839
231104
310835
245494
231632
393825
325389
146337
449445
147320
112437
210328
375019
398765
166975
102877
413774
423689
117666
165025
220133
299902
122865
175632
298626
110506
117987
378227
395093
108628
130656
379136
257523
440800
148620
407507
308762
325409
427911
151553
359224
375628
301475
441831
298460
254061
403226
400090
409572
449345
140663
139385
227030
113443
313290
272196
220591
244732
268130
249745
243227
426503
400748
297960
365303
380291
106104
299760
434241
271463
198516
200666
293526
317947
269190
121957
122212
197639
117771
279401
139699
286659
264868
106266
124550
193972
153997
274679
358757
172376
373223
158203
255736
343818
337794
381520
420706
248943
257379
147617
123160
153555
136594
208682
174659
413177
257245
256700
302741
426545
247100
112172
223667
156027
301509
379250
220659
408317
240105
231180
129263
321878
395091
362992
445954
337204
290724
349532
157356
287712
274285
194169
307329
360601
341718
409877
304665
382346
134945
434463
352969
275716
396635
330109
398657
242405
422583
137680
261824
344487
298055
406316
139271
310375
185155
240564
418058
311508
453712
430255
100636
434561
270223
324742
289276
380735
168214
113719
229330
270059
100579
219535
174654
299383
241969
275690
333867
254318
352955
233353
273953
118900
339499
337291
236871
286488
360945
274828
269801
443779
167819
226199
272885
237555
303665
312491
236475
446172
120080
142418
200224
365864
328073
208735
329112
218980
424545
393110
109733
279325
277819
112609
441449
259758
145704
433693
316051
245958
444501
341134
240541
100301
107742
213563
181582
248449
386038
350347
367299
217310
435883
338023
311592
403670
170621
163173
392200
216273
359492
393657
315100
404049
244148
130701
429096
198361
303331
111160
258920
261580
206894
444920
287073
258407
346834
388597
322346
239409
421597
392813
372896
103691
153193
189903
395675
317450
130197
337217
126244
261352
369145
168701
144109
247773
105478
394794
262761
356119
401362
297268
286551
328093
111864
155263
251958
151079
175705
168282
434136
420834
270193
446397
101073
140242
335793
247413
445205
192578
176633
127144
343699
163791
395180
320200
228281
255170
400730
426412
329038
204663
368058
366316
446853
277478
328866
455830
165144
343847
398702
430235
106769
355260
389575
441748
385848
212688
394819
151096
380794
215776
114589
245445
147053
266804
272011
231928
453685
207076
182542
248387
232430
267914
333582
320024
187930
135743
335551
365618
191789
371424
111025
135972
403321
202481
391799
223546
141186
286480
176699
357920
446083
242717
329185
355972
321320
330184
328214
157659
233028
362618
152166
434231
303401
148103
349673
269886
188597
189438
333611
327745
337517
310055
377059
319702
167733
257240
371137
276784
330943
341929
258001
358796
143011
100405
103875
190868
384911
173499
125422
395601
259655
213188
278867
124302
177608
413195
241712
133225
396083
377072
293145
347119
442344
318633
443682
446484
442350
261663
247878
139631
403316
230124
347215
112614
136113
454445
130229
236142
207690
411669
258669
208758
370410
158477
412834
355138
455083
309137
336228
391101
134319
118380
245104
170016
312293
232139
170740
202226
441703
291745
326911
227871
349445
219295
303659
456140
256495
402699
110280
287179
356131
266200
365319
434388
175894
116240
212215
247457
449331
139561
393207
201570
391120
297353
445276
138042
283560
368604
279226
325015
426276
322044
142267
340934
391088
341748
365187
103492
389346
363414
375998
118310
146679
128351
245705
182328
126082
142474
145684
178031
304960
449656
386206
308064
417048
116291
218456
182634
144987
352083
387382
289859
387112
273073
183098
205296
152843
387885
330645
350506
340893
338654
442950
206759
318211
173997
311384
116159
259455
316802
283926
138215
357815
402837
386608
107705
114652
194078
434443
347804
124740
258061
136516
378688
136186
360089
223779
177016
441280
296567
277778
380734
431864
183250
269200
450807
344132
166824
398847
327847
248793
104986
207206
415597
238842
277234
362960
260822
170485
299552
424024
237041
386529
184740
110862
228683
247449
453264
191587
363239
356420
328973
241802
139234
296508
415878
289189
434741
403927
388813
453419
407071
426465
330955
438585
316434
103739
221711
115752
306740
231578
208768
224701
275758
403372
362621
120149
417818
409565
242929
363054
420321
300061
337870
154171
357581
293321
155241
218698
150209
204775
158814
204872
256625
240173
422867
110853
390127
445461
341483
183528
402588
227509
216736
262296
292637
407115
409652
317458
446726
453546
381543
276146
291395
338997
294638
230570
443104
187361
180538
233206
399629
357020
176759
365597
174680
230603
292831
439676
309412
303206
362000
416916
364724
309486
116023
166718
393575
203765
211423
116660
120842
430199
297056
445964
103380
353046
158760
208649
216360
198464
114671
455554
152965
123468
351778
118535
193994
330718
115593
351544
445131
370357
386957
222904
354397
221052
445552
154308
303332
170209
389577
149913
151995
446588
135832
411371
429178
177094
332672
159925
426909
149555
378631
296177
438393
163960
150434
170531
260612
152111
427387
107010
166999
222734
186940
161426
244177
385054
161488
196697
217375
146417
280433
338759
429701
337387
276108
440379
427932
151554
334163
339863
318149
214962
425822
201024
295215
367054
405868
100879
136895
179133
337939
124244
413066
142543
267990
175069
421154
338270
337106
233891
349756
375586
319873
158450
454937
276081
352964
227530
223335
336358
115693
379220
177723
350169
179713
142682
287624
410769
118448
436496
364057
297905
177130
330304
455414
198834
226017
334678
348113
139578
444589
299785
433658
403782
169437
359016
140690
238193
439453
114868
356130
355508
397133
137609
423384
246067
298461
117740
318898
183200
152467
133734
242183
319445
412081
413241
273038
141231
255375
349746
445120
319466
162603
305327
125241
203354
261727
450007
446338
152322
195797
123785
444872
356950
160438
373245
193240
281499
151564
178259
410544
443322
300900
364113
183246
428082
327384
251191
445319
388304
235653
202259
413490
175387
254533
374115
428693
229299
254252
248587
452238
311894
403341
350888
315469
157934
108880
267866
193472
281101
406706
240127
395060
397642
182330
425512
445066
139275
307705
338380
308138
137643
404363
151855
228834
136300
178956
209874
244109
184983
220933
209230
271022
440934
341221
149652
133870
343022
207939
355111
259437
341731
267878
420682
306692
393097
116843
231377
432385
383920
300663
335575
444073
353977
235899
452483
416668
358218
213458
393942
182238
186406
355394
175059
300773
454737
234757
218715
166613
217534
143054
106605
299583
237222
388192
266808
152056
237238
261572
292821
179484
301513
157404
379345
321389
151470
141066
205597
302464
427606
147265
239535
228578
311794
448450
280155
378180
402634
196341
171681
172851
296531
189510
216136
369317
335125
110451
443789
125832
129498
291143
254387
257629
159970
191315
389240
381451
172956
103977
117630
107405
235579
377718
421112
132218
126889
440965
215504
118011
125504
191152
213851
367550
338442
376544
106384
336029
194062
444209
387668
245832
442506
214175
217041
184420
181250
171572
165238
318363
190250
306781
425467
371034
436516
297140
273494
453340
246750
272400
210575
297525
155371
142035
177045
115253
120275
250515
177443
319162
372982
437652
403183
195082
229973
153515
167353
169983
438548
213145
278030
126710
391416
335858
413779
308022
348647
264115
206660
170260
206568
260531
380383
360495
116932
363442
220016
215523
116700
194839
101076
316102
399507
398707
170680
255359
185446
319883
109035
196596
139957
389354
338620
448665
181748
362645
144765
311147
307777
206652
290826
198894
109116
378178
380265
291318
450824
363356
157865
329094
166821
264550
322343
243360
388327
259942
186795
169858
375271
291054
248519
285118
252179
448786
178224
258315
342376
150329
368410
450525
170653
454464
163879
360065
256528
265182
207493
378182
261363
246099
100359
165727
234762
171039
126315
298159
276207
280720
395494
342678
112523
412362
256359
248134
288014
274579
125547
272738
364708
166302
428762
278159
341163
383988
190400
300748
210161
240977
412836
278239
191431
354590
243862
325841
284419
444180
135833
448895
190157
241634
444266
312919
310897
311627
221767
449946
257435
316358
204676
236007
446394
156704
324466
380843
160284
329141
379856
208469
341973
275037
304070
262153
281288
428378
364524
407961
203296
109996
365019
109967
346121
234092
217550
257242
430112
363946
444503
263577
141899
436694
431424
221029
327655
272864
179000
284943
422289
199394
297526
417031
164535
292051
202696
208401
156658
126228
294025
363738
418624
197271
299051
198430
366269
329049
298539
160682
103555
255897
111493
385431
314311
146959
408180
159792
177862
103342
149968
303088
114101
201333
263106
345059
343074
178185
430649
258845
190236
414938
270065
385318
294564
445729
381620
245769
277827
245851
109569
139551
125745
271681
163543
211896
231740
208610
375627
454877
412288
335888
447095
266454
417632
286969
150903
196362
283699
136370
147064
301278
371240
127503
420744
382782
448752
208043
193076
256100
336748
378629
230651
127963
317393
326300
239869
169119
429728
141533
136606
372968
295972
294291
417153
379920
192769
340318
340267
288774
358709
113416
326360
388828
455287
135076
393320
418448
148854
404398
350050
438387
187560
303388
433129
439449
108890
228283
139502
190371
223009
215027
237438
230540
335739
135618
448436
172215
302969
261453
281149
160795
277771
114597
163436
408310
251570
408294
182789
264664
379702
330606
370124
203403
410640
317278
371887
187147
314962
185241
310090
100343
223502
289363
183639
439107
244642
177010
255056
190385
253005
336288
229092
150813
347580
333201
344628
430041
209506
433040
310840
451232
212503
380548
170052
349996
255407
189126
222407
290720
399892
253846
258526
347032
378971
449090
285164
322391
103860
179082
138780
181346
269327
259032
175880
258084
452044
230507
371261
243761
281030
217279
369119
230062
148651
248002
279274
360104
145283
258630
138032
135813
263250
368586
138147
400618
382495
431689
319477
311517
287502
415631
274284
285519
182594
335718
365059
172365
210827
169752
332114
452629
176082
213324
376871
216113
216021
362529
422898
446456
201826
295751
453216
327152
202685
158907
307464
206974
243027
183604
179754
296373
137512
171460
252290
105115
334715
350416
248446
332874
139110
152263
441645
239797
445494
328232
408557
204810
426883
212155
173385
239468
189244
213647
193518
197338
216004
415830
210160
300634
307469
431310
146371
246707
241765
375476
309927
374431
211231
436412
400931
436686
339760
455108
333342
106806
141976
310376
175232
178562
448195
393455
249945
423898
120588
351969
293897
293954
238019
369061
130614
292083
371184
215634
390627
362827
313551
301695
330300
110785
189292
290488
215690
366030
258967
283324
119141
109083
301013
387346
272431
455877
123421
320432
270501
345086
106036
112564
206588
432795
272202
401343
206022
448941
364214
205697
135981
251652
320270
182397
178350
182699
200356
399517
147051
167403
372363
449008
322777
440829
126938
368275
402329
173456
178456
301119
428464
311836
399165
437413
411652
157396
230923
341039
169952
442957
321228
257927
387446
213330
200714
308951
254058
416748
417116
238882
340426
232666
299629
265592
398090
186626
198062
436186
419197
291859
441400
339921
176801
424751
322874
263782
397454
216291
104980
335627
399449
254570
281636
360921
438507
287857
455386
283377
320958
236051
195747
441353
274262
284456
295911
405600
327791
372454
253724
345887
297417
430755
453516
317094
261634
330582
204018
120489
368063
306512
381218
374337
120098
346151
301396
343904
436917
349790
143403
282583
321535
447928
428775
170291
133087
307309
352394
415454
210550
316880
446839
259468
311251
356096
241859
297633
158324
381919
322094
206928
254801
164185
274817
243691
363701
280250
335714
195108
178039
131097
216229
223211
227795
172232
369308
343589
194219
223475
234495
139524
230511
360460
443488
171248
161824
268117
326066
297714
196932
147090
243502
253872
345801
319055
212056
401449
313950
332593
249462
199814
172404
373551
282609
176117
270342
140900
425745
217611
387125
300315
425108
323090
383037
452062
108979
410049
380445
244550
412233
160348
414572
142194
231373
281015
351743
400344
209864
101871
359425
176909
230670
441153
403241
207233
191632
431248
116603
271401
151542
443279
160639
282397
392472
392257
200070
145583
229985
254324
152010
238663
177182
275880
375855
438969
379468
179056
453610
438840
317255
344696
450116
219417
248000
272187
192984
154757
291438
130986
435938
433209
124650
184908
140030
392176
287737
321311
103534
306643
355428
277973
141890
443358
270428
440781
261512
446240
287935
437653
150035
293753
332218
380903
338080
427722
281718
209232
170472
394079
423262
134261
405254
130182
287283
165178
103071
452183
384755
178488
409752
361747
346224
314020
320450
318838
390768
322477
322992
212606
184523
374651
198635
294468
185731
317252
421712
175525
433999
188430
398970
180043
316210
207924
296743
211198
333295
333485
326161
332450
385624
292596
398526
323912
294571
104828
143424
120013
295311
428449
101147
193495
128449
267695
146424
431662
364217
233916
152426
277762
314823
431258
324192
129092
280304
141651
146193
454940
352167
278852
120689
298668
403035
319643
452876
233844
328006
454650
328765
397994
398316
102679
420525
113293
380569
431367
382756
416181
203360
249009
136928
427710
118099
206733
417869
264778
258636
373265
317135
283556
136975
301051
454903
124797
261083
189539
242961
436166
363746
318823
137916
308374
190012
210235
326336
367014
420989
186715
118865
403046
439653
454289
370958
147093
394808
209644
369627
149618
296226
357541
414510
144443
169970
170906
268488
440655
134705
363062
376196
390046
435613
337306
436130
379707
241680
318525
364841
295960
226384
403757
330391
357969
176796
114891
268491
224170
297723
156039
386846
156783
308160
163178
176541
381692
371472
172676
197087
125413
266841
232112
143700
330531
266654
201531
132239
227810
436543
347052
385816
196664
121893
150521
222223
319405
405902
131792
166381
299906
246793
129504
157972
188867
153325
343164
134873
430727
133978
111431
197940
358133
143215
372245
380698
412317
312286
436776
255301
250309
125506
148472
275390
408293
384511
124970
244170
132700
175383
250700
284562
142692
307632
217051
330835
120622
220929
204924
392353
281709
201510
218404
338667
266181
377845
171609
154775
430601
391691
194977
310611
221218
290196
405356
218422
445973
115950
263592
229197
375376
214214
125243
154946
436281
241897
269814
205145
278757
357924
319470
166499
132613
239995
273545
255016
453033
280241
180353
415611
452454
409424
164303
181081
296455
379458
122534
174119
302838
167146
400234
289855
128620
175462
287581
366811
355269
270983
241557
171445
305892
200545
205354
370871
267703
377859
123902
439811
366136
110403
375759
171741
282290
319591
189768
243098
410449
130300
100387
113835
299990
247229
224907
269224
360131
214730
162849
430628
293268
131317
226871
279783
423757
323091
303320
352454
296472
213801
259276
368558
109017
120602
430991
444854
140615
306955
112865
335576
170287
397283
319618
444357
221912
124888
166784
199398
406423
268467
104118
312542
414699
354244
203835
258950
278163
367556
301815
398161
326162
358100
368405
356236
247363
336877
195517
384973
403534
417692
239846
388311
431536
325893
163600
233516
419581
119928
117166
307257
301620
220116
173856
318774
131437
403053
224866
251273
142489
314280
357216
101646
449778
172324
373874
258878
118334
102589
368521
426345
385575
359833
110272
212030
335103
441367
441510
193304
219931
197238
332733
359420
200833
288824
311932
443601
173390
364958
345839
211409
133968
263737
429524
165839
127029
405766
426012
274689
202389
264725
101821
115672
121813
426490
356500
318913
158434
211778
131400
150755
210973
238857
278906
423090
319652
455177
237748
400073
387433
287782
147926
125773
312448
334349
145617
141382
450813
198170
289373
138282
320002
444603
237481
283853
405728
223451
359316
271796
220926
233789
228575
422184
282141
369429
362356
401212
323074
170028
115061
177790
345102
453608
204604
258149
360055
400084
149438
306301
245199
438622
397116
383531
385930
314546
318431
220148
248312
285758
384083
139430
373395
371756
254999
367329
247148
304611
358625
145351
434412
406957
257261
125070
350510
405342
218302
452099
131415
364348
369635
275835
300271
271182
304576
388301
379198
278270
249576
211762
232801
103085
320334
405173
128338
389130
234384
253256
423577
208049
108800
303245
427539
273802
166924
440647
300960
291535
442411
385433
272712
291258
113334
415403
394174
231859
430269
364475
107211
100452
105263
219064
301211
312370
384588
182241
173562
197367
189854
446202
281117
121213
110485
188008
362623
399750
248262
325016
160918
172979
317491
343088
337341
279045
148852
396569
145103
341693
101981
199680
304909
333346
133292
211917
290342
258540
235442
344874
280139
269144
259493
148537
203287
143838
271380
279896
415335
162394
270332
215744
186857
383125
165018
117115
337904
140404
375770
446178
210210
119825
108719
173709
236641
369021
290142
313586
445726
282507
412069
325226
432799
141673
265647
409473
296894
237406
327650
307137
266538
100526
438502
172444
329216
234200
354468
335469
398176
430031
247026
249112
334044
428742
351628
136027
250547
144085
187316
160679
185039
318649
291156
200608
294574
145052
219077
377572
433026
405083
212228
305103
168849
428656
112851
251939
383572
413762
417180
223366
449811
365934
411087
396721
362754
383972
372575
210336
351975
291293
415379
418708
296497
181792
304055
161505
288491
430136
146845
331147
419124
240100
281421
345838
226710
246388
226034
190870
157281
239550
453965
295351
188301
252129
218463
144749
173577
106050
410009
123411
182649
408435
352518
106779
124293
409849
325482
261564
339504
384125
178708
254788
101373
343932
218003
211189
414669
231639
283358
316510
378150
337841
226712
329260
329123
442521
330344
124537
384487
167376
293245
123346
382780
123394
114638
334323
272607
258273
392301
162273
257344
103482
336998
248646
391706
192025
392497
165123
177017
279219
404802
164599
318648
356110
330823
247833
134723
147780
184599
376803
437679
208804
228942
201429
276388
102497
115775
385661
238159
301687
334079
140726
247163
189668
212129
317569
210462
146008
200882
110519
185229
384506
431351
137521
188736
140392
384355
166156
427846
376443
156425
173630
173627
348861
348194
402403
452208
117881
429300
314177
288799
286810
270166
162255
201518
172872
314611
397311
200754
104713
212546
196966
423678
280682
280216
133928
442244
308529
297508
382929
399415
277926
354973
127125
203711
151904
395954
277022
128150
167538
375760
411158
391533
222896
274923
300130
273648
239354
343804
181961
117276
283832
214532
234140
377225
155828
219300
423260
239713
101054
119936
147023
220626
229573
115292
322683
387525
173792
102624
121179
350850
374746
169849
400290
316095
207585
245698
380210
276094
341177
217380
102180
446467
250032
253131
269898
383154
264783
182457
375685
271507
195668
169732
320090
275695
124028
290573
277742
301670
118053
345430
444423
262087
353898
310508
305774
136961
216824
387851
117510
412901
328102
306920
224221
453905
384054
349229
329816
366150
430244
272644
317882
198535
204273
339239
365192
361701
117244
435116
289848
333771
421221
370129
434771
239827
198339
162148
291640
207672
105954
250360
445176
230176
131323
276432
149658
232162
307807
288108
432898
431218
156936
139889
373917
357693
382071
285175
255343
256490
257637
211126
313491
293777
336709
194289
280942
293227
444269
314955
421296
455714
259884
149545
397877
191053
441269
324462
333069
189553
403925
339332
181062
142700
192125
303617
289107
274235
171844
290570
380479
153506
415026
169592
107837
441440
136629
396675
121082
373099
139318
288390
231964
232960
237019
136637
322907
327982
347264
117655
381398
350470
246284
257790
233245
445855
390028
406517
412824
128451
142066
367145
443493
406424
390857
294308
177172
205436
152539
232180
331652
163185
127127
178683
318723
225728
166276
185407
225587
161160
312477
341888
453305
136587
360596
333567
115989
165164
342106
438489
350413
228668
424969
411401
130780
384122
436366
350235
186047
417158
205829
104786
416645
322704
407430
210679
202381
416571
165097
142388
225279
318677
408281
119273
448756
443128
154045
308961
233706
172594
344992
338102
354687
435950
190573
101165
452022
285917
375517
184774
409342
312539
203963
414094
283232
434827
328221
286055
428836
383762
221150
135159
444615
330794
160974
249568
371272
122986
321822
101969
187119
193936
142547
349040
211165
164926
107774
176247
330964
258414
291073
291302
114807
175827
192181
322758
317164
406056
309764
193213
109588
172432
422793
380436
233977
336811
423760
229055
221331
266023
424140
110150
296823
109153
142726
415025
329272
305479
258946
446691
333806
401578
298808
327353
402119
223429
126049
260573
121324
210326
271619
172305
423647
235024
272125
297354
392261
197391
273166
378234
140238
196190
240550
199448
291591
291410
332102
380141
116464
157444
226440
148469
111915
360681
300696
303688
414155
308249
100785
343827
440546
124624
409647
269006
327259
426866
412783
252886
326878
383732
350751
233681
312001
164275
286626
347704
398364
428134
212491
411750
203465
112011
217893
164272
176795
231443
104665
209934
435763
129769
443848
177547
321948
360990
254665
324770
416001
364829
423069
184258
101688
395018
454948
136278
100649
361970
305926
444883
117859
190559
420098
435130
271215
438981
450794
101538
259868
322012
361419
321967
134170
440676
303828
222280
170829
308790
423511
173199
146046
379931
173954
370852
149149
167321
340512
396150
285546
304473
182656
375922
319720
329035
196749
393161
384046
212924
360497
400247
354607
112813
135260
104706
262962
356451
260445
426015
140047
388724
245982
423967
196839
408747
359443
223443
154530
125778
421524
324563
168666
410816
249498
454096
312246
227273
307821
167424
277377
211549
131715
252983
134093
194498
414706
298227
246925
202804
250787
366580
432907
386797
349178
324350
191136
248265
204381
166228
447774
408234
168273
103979
196511
399395
139585
125186
308398
449285
447232
340482
405947
424425
195619
450113
291427
369669
387088
236080
197866
328261
287176
190350
278241
244067
323600
322967
314496
320076
137566
440715
171021
282103
426834
432015
130400
216294
230920
399148
327637
410171
448403
349699
295110
129423
424339
452049
348735
125826
175709
452572
400753
440935
317617
446698
140029
287478
130523
284386
113969
431532
409725
377651
258774
253916
442487
232419
317350
162378
103204
176112
430257
293189
447508
169741
225918
131466
193754
340252
337610
238972
372888
355137
101495
305145
126246
319447
253662
167232
224955
175017
291237
193785
291694
228560
316581
279571
352873
394102
218966
356312
370553
300123
321904
370309
259887
181286
130171
164254
198011
419679
423930
268113
316711
319296
223322
385372
118405
411548
156152
162595
363784
156456
355156
160690
151549
383662
333413
274880
390331
428077
126262
219334
372517
245169
443904
375074
351283
421237
235241
293801
192115
347412
322086
145318
152922
317124
146249
254827
298748
393217
328382
232502
349148
328921
426837
114936
191782
427266
191370
398286
101458
219014
311281
194704
319337
187374
323603
296225
321993
281345
311420
353094
327371
128562
284525
417621
234202
106627
218084
309277
148513
314362
327918
113437
126969
170437
208023
388941
107421
101033
158084
273775
288426
338237
306252
127061
347502
182777
283270
394031
387889
310152
327288
275668
195831
210416
305211
198481
230489
102949
211766
421926
351706
140405
441918
227098
203173
212574
154401
197829
219084
303623
366846
176833
228935
203969
369981
374785
307854
388736
216542
323459
378288
358013
138082
443552
139330
393522
333506
315925
439739
117360
112026
100336
180010
204572
249170
360863
244491
298695
327861
177638
387829
339023
291634
442983
124694
253159
302535
442979
397111
351862
147692
245054
422440
271738
254877
256699
130902
446020
406505
101050
398896
436077
215250
418773
291741
440194
377524
264824
423884
344616
212075
320477
273489
168452
213894
374924
233771
331357
333138
453127
247437
352750
324933
372589
251886
353725
235040
387462
182400
198969
427762
212792
143242
145234
115936
424859
175697
400286
266067
288825
429940
110635
222266
362343
149983
311936
273650
132477
121577
249404
228679
294030
379218
377847
224634
331199
270589
309022
102335
159662
386935
142797
349551
154014
445783
452591
154249
438591
348121
278571
332659
174082
317926
260991
178834
184725
406807
294608
352993
326527
400553
382049
186956
104188
350778
250111
398212
256542
240823
274494
308284
173159
341079
136805
101131
328445
247091
130165
323487
222091
111536
328096
454114
305256
454544
297766
388041
346315
445844
193227
426128
137179
356881
448186
432350
231210
278213
282594
186090
375577
389835
172712
261370
226592
147229
144486
346031
169906
314411
120656
197374
427541
383245
393919
368907
448440
317550
309446
209215
203272
450318
313636
276380
188099
261179
205174
394055
154649
428388
206025
228406
226815
149542
190213
325002
215415
216772
422741
199296
310890
187104
108434
391832
198729
328635
275535
294694
410013
241579
148222
376740
258105
340553
187277
142646
229131
374814
317662
334470
385736
424488
405401
241893
331315
389025
111008
110472
159378
176713
441017
310271
415515
195528
294910
132635
418873
422416
232079
236696
264149
163945
341708
136592
248245
267612
436852
106741
383391
343447
249104
154112
221478
149060
363315
443507
187395
232569
233334
147003
284766
455415
254545
392538
135680
256118
122464
338728
368768
354653
379151
135900
302162
432285
197019
115699
192598
131598
127014
109174
232946
218065
317417
241094
211693
194269
276401
114073
336952
161587
198434
347429
428787
225239
439278
185852
315126
144051
333331
130557
339264
351707
367987
360790
143458
217532
309907
139738
176236
122079
407473
301601
285967
365241
262755
193509
324684
446292
324058
355110
278456
210881
416943
247838
232678
264399
205248
352681
226625
125623
205583
168681
298466
360855
228739
109853
295641
430918
215262
136425
234675
208782
165867
128988
139474
421392
174409
399457
157710
217421
413140
270252
228442
268219
386852
365798
415483
418882
300790
454760
354417
394457
304320
328904
293585
232349
216459
289992
399079
300986
319657
184747
105308
415418
104407
367296
155381
453745
392305
378547
357921
230745
394608
309531
450927
449001
255960
179373
381297
408023
321000
108733
213601
195795
138207
418042
383416
362199
146736
273628
110956
156222
236837
137190
148464
199959
354521
388691
340618
306275
240508
109628
344713
419048
442445
207098
327705
186193
154420
134472
279760
223828
191667
142717
248616
242908
232818
293614
238647
326504
293961
338213
381251
224356
365739
127165
260993
119889
231588
370960
136834
434756
220894
141240
261586
331739
437386
196255
164375
251004
129303
412630
150027
204675
428141
124420
168065
171630
231560
294080
245280
225421
431612
181089
418403
369149
440967
250903
273976
401221
302788
124848
231650
164076
211769
356108
394049
159017
317771
330820
138265
107638
390946
344082
440766
160130
341824
105354
139229
292658
350016
178326
209484
301951
368566
397515
305442
217462
248074
262431
216664
365231
382896
148097
430769
238397
187084
455383
194365
319903
269890
332064
444252
215462
117693
326473
209955
295198
305185
419335
115909
119981
247514
160496
311906
103234
267702
346297
210162
243107
369974
306887
219725
200803
189119
413715
449382
257061
126450
299591
316142
281817
231311
274757
157875
213082
148636
440704
409107
103567
278578
325034
273742
348948
116205
359280
366579
180265
274898
162342
382215
267021
444735
153190
372862
255047
333393
379700
274444
222835
446063
195030
383031
342287
383500
418682
283759
155588
186987
321381
183684
110539
155222
398802
200735
412197
191091
431799
182972
251030
303299
124352
454824
454184
234656
338129
377130
259474
126330
261655
152516
439969
413539
340585
168547
122122
263226
437213
147355
224385
446920
243522
285036
208812
299087
293478
245278
253120
290067
298912
274325
419694
166161
453058
286076
184138
441142
151742
117538
423131
430413
367781
173428
188268
347157
162463
234717
273690
167151
274245
362258
347135
352155
447247
121070
168760
148966
132891
188214
444904
112365
237090
189085
357362
378931
149012
439439
345496
275447
224948
273515
127667
232308
264346
395117
241296
345131
247864
454967
193928
345379
138949
189425
215773
101537
426723
426371
190815
224663
206231
377128
348741
408026
226279
287625
403329
104829
288507
324579
108633
223242
179253
143301
263207
368418
225112
426562
338217
202166
301151
318781
106559
293553
248222
371143
109268
342445
155430
424057
214195
100096
229972
211512
125364
126847
379646
351765
226829
277835
204348
437019
386117
221772
283226
315796
187827
451446
340452
289285
222786
172198
165215
262480
273794
453020
241692
295397
431784
237428
440083
453084
288294
366685
154653
370408
419393
357662
264142
380829
437406
392752
301413
263685
130969
229345
138121
366140
264937
299747
324641
144931
225885
163763
225400
265230
134048
158003
235391
447206
291785
192378
349838
260379
385721
341255
388427
353176
245161
122615
374716
141155
417056
167967
137064
367174
121913
204546
264440
362786
453139
431295
176610
101693
336705
300034
451042
170090
328374
351415
313309
151216
410927
321307
215522
379840
153389
419264
397733
265004
254706
348561
265684
224054
262090
230744
163183
273984
441344
274294
221878
190110
309859
337732
167527
456215
281065
247274
197919
270823
129810
126667
151121
142240
116267
283064
386155
326991
110266
368000
271744
272857
157867
215706
290330
119224
137238
163890
186429
203000
290362
435944
229052
327660
175254
147295
171428
443905
398948
161748
209919
310346
282685
195131
109526
160810
323559
225866
273212
422349
152558
108444
280196
101283
360228
329927
271803
158559
355303
129648
136030
343304
163657
250471
302321
302241
105224
263192
232222
408087
237128
245954
209216
358430
126384
142147
264517
154397
412540
280295
282029
178197
355881
130585
287924
382487
150923
175887
210186
169942
149653
153062
303138
277486
401757
147624
341829
427719
342855
225539
435873
156036
410803
311336
446314
358991
292033
233008
234597
254547
318611
139706
167523
171410
430739
139125
230524
425503
288749
180332
177975
363034
128690
109345
136939
123003
388526
124120
134228
154635
290951
447822
412653
355036
360327
323525
286293
333427
256624
347560
361538
402099
252024
232358
176208
261463
295149
449621
422252
386778
295967
449940
222278
271965
147412
331920
280509
316518
365987
104868
206794
260459
356274
450889
181126
120492
162404
450624
173309
343431
328334
170390
378566
271948
211494
273478
270827
206789
319663
368210
356945
227842
372413
225841
408779
452234
322340
147377
251986
101704
395555
188904
127653
211463
438342
407656
173513
229629
445128
174900
246452
302439
261781
258172
178513
428087
364533
313031
412970
213017
117479
286186
298430
370104
337578
405920
321860
180910
183403
146638
352513
387991
213348
238808
200162
221207
132823
268383
269984
182257
253307
268158
421029
353957
450127
273134
259524
172836
319339
425569
394112
255140
100246
243356
361626
417472
415773
396664
257860
236994
228994
202515
234168
448852
228484
412341
113033
305875
395476
310488
350732
213387
343416
438986
237919
430842
143824
172352
403867
243852
129080
421367
420987
375402
271950
193212
389803
407571
432408
133488
409410
110822
210507
143193
138851
260370
406439
454022
134308
327381
187918
225243
385043
141769
229080
314353
269383
372451
254713
280039
377221
132277
155475
445093
172977
284402
441776
374846
216462
158131
170468
191274
109801
173554
405003
211034
289418
299987
292292
182289
302327
400351
365387
320552
178100
372497
160945
452415
200319
353755
104000
428447
208367
203257
304247
160960
361810
239183
131619
414753
447195
265929
165719
399534
238059
421542
373177
237241
180561
341315
196783
437207
447667
233323
270939
366244
309954
272451
249750
261581
227638
274628
312675
149661
171815
389564
118695
402402
448901
389217
397430
211949
367745
349291
451341
207269
256105
196559
348453
180589
285362
412444
453156
368601
203020
376588
282088
411705
399956
427812
244316
428239
182835
360854
296077
449678
162130
305098
404773
259321
138074
315044
284037
366290
426327
156288
111922
169518
218890
342878
435854
235582
169982
254225
135042
186744
310502
426066
276760
390462
325947
143519
158460
191068
316857
147332
193171
405185
438314
216164
165886
270261
105326
277743
274569
285829
173597
455517
449061
110629
247266
421992
120505
436739
194148
322508
399101
216055
273990
375796
347587
219890
253017
125077
148778
133779
425859
389883
233984
300078
252629
161134
386908
222030
118455
393040
368786
298848
326354
184570
211552
189921
250892
167071
182923
143788
171957
406441
307084
412511
164239
224448
288565
145809
325887
155015
188801
364867
398808
276000
139359
445060
133542
306958
135396
369426
123008
378583
140501
278573
397296
113556
313458
141883
347852
213581
194593
354971
109705
267882
338430
113311
116270
153320
353508
212662
296797
285229
390926
339653
284697
153944
251502
103700
366312
385642
363173
395263
112900
301318
139346
223671
349162
174847
180083
277795
111302
413201
452881
392090
144705
123119
255469
205661
208798
198162
421588
166198
233678
136955
313956
274137
206614
297482
158108
194982
113731
139914
166604
299418
275953
101739
259979
313673
162797
172859
228597
256576
276099
221174
227452
264901
228471
364381
214400
369773
124951
338458
304300
116441
295912
140819
300755
175354
202759
313530
265466
265735
257603
158378
326610
271563
315238
103060
336566
419208
264063
123373
322634
351229
123481
282846
319517
418504
295707
104970
146863
435670
279398
124273
141629
358376
153489
393765
153293
242892
374945
179772
380224
447289
211284
110714
313601
216596
371170
161823
302489
295825
188526
172850
166534
374499
127036
142701
453649
287441
284209
113637
173435
328952
326341
157114
170710
166207
319848
301229
138178
361558
123605
117409
119147
109729
332558
425554
304747
369225
285084
122357
264220
295012
150586
119909
289105
341043
238485
307370
396798
217336
300448
221501
193961
235047
145055
384643
297062
331131
106751
394352
281340
261147
234995
435554
291235
455189
253068
185073
226002
187424
364116
279271
355342
262983
307656
175503
219386
312342
372303
122607
380721
102053
209433
318783
124086
414602
309771
228286
446221
263934
448699
119073
186814
109550
380665
187460
160300
448348
148016
120549
205313
187409
189129
180968
443543
