414910
245056
271277
335008
281159
104358
259852
401801
157813
163356
455642
327941
200541
155880
182717
369167
290335
402912
104475
322734
389814
409590
430249
303897
165275
426765
217102
426515
269418
303441
335633
342064
395040
300329
109436
120728
311407
159459
285394
264132
198087
153297
333818
243901
306183
295099
368120
210244
324888
205762
148161
456047
139036
320487
372044
228784
140883
401880
392473
429227
209607
345905
282326
342938
130960
434459
189905
337653
405834
341706
336441
138905
152408
320473
341217
233398
344300
152260
344445
180621
372609
292585
133088
153694
401788
382547
380704
145270
338711
202800
135783
187943
353936
230619
298831
287433
354697
266316
231231
308113
366694
352940
408630
379173
365079
240677
419190
454730
338524
299343
381860
206134
419683
346063
113682
273172
392003
180191
279824
333210
101201
381528
189030
170805
368321
430801
273666
383850
186512
316782
386228
365615
177346
310440
240038
389455
433788
288053
387126
418738
119308
189096
331855
407190
441972
374544
157940
336846
421233
279833
296150
441585
135705
130096
197148
244231
264174
373087
403011
330512
406959
451469
436855
298651
444560
222870
230626
298137
131512
226663
365177
369465
141045
268797
380395
403076
423973
134850
364363
334166
241428
440216
370147
232457
319269
392498
186466
335167
343830
437702
263928
278413
438162
152692
208554
445809
160477
425999
131506
373417
311878
327385
217207
341461
451216
214115
363503
142815
377271
124123
249069
290863
347894
234548
441927
268772
227470
270934
169701
204933
342572
404926
224108
214857
319571
121231
347626
423357
313358
428937
355827
353817
441396
399630
249100
213616
353517
361437
133646
454243
270582
113509
207994
442665
183353
308187
303550
128964
241844
173672
174147
190221
116038
139093
233066
411918
212128
239528
357427
436973
230274
139054
148195
432754
395309
238444
196001
288683
187650
326183
130032
371712
359868
269024
321343
356366
306197
438281
422788
166100
238412
341965
384645
264444
375159
291670
374620
113240
346559
301143
246937
182037
382678
198913
204592
329444
160128
266586
198449
189332
163425
367393
361584
406818
287539
114648
363390
267651
248915
452425
319106
384682
206431
208699
161768
201482
395416
436845
253568
120513
103113
441612
269215
267698
163621
212783
191489
187532
443367
356758
202282
336290
300735
368734
275795
437951
256920
191969
130568
174765
162311
233996
190026
366050
362670
335294
330938
257179
132542
364350
413007
269558
210441
293587
290531
329173
246859
234003
119455
326952
159414
420395
203652
322494
340208
378397
302307
400944
282953
138234
345773
138729
434235
264205
447711
341812
354535
174460
316800
246112
419759
227922
244568
228731
229641
344066
155668
293938
230668
144976
151474
388768
270077
275722
212049
211808
425045
197183
106209
258480
129207
325617
365736
149674
291519
410574
175163
175732
389274
257359
433710
389210
175753
340381
286127
455649
424453
326765
118984
346640
452343
411590
329357
177153
187138
301487
324357
183210
422929
397838
200346
177176
260332
129807
195998
327282
257098
296368
425473
142972
140587
442917
219381
295916
358077
290673
269278
180697
139133
180870
112746
177941
383220
187080
142637
284863
155596
178777
349262
369177
138810
110543
392651
295403
153554
323507
238587
289579
165180
331047
142060
429744
259358
377299
207947
241719
101184
205868
309909
272024
122547
213334
450986
189032
414571
409781
189535
134942
273991
456143
288702
268229
261454
130529
118206
257945
135318
138457
415322
352789
290676
185587
105236
441372
229143
133717
210263
214368
300710
147231
205702
222997
232587
206351
221795
217273
344647
171687
276436
197570
146709
210631
236047
262433
260846
207831
441520
244901
251785
435669
272601
308721
253240
115216
311378
384698
311669
140568
294628
371167
397952
187589
189093
387569
420741
305382
290659
171744
118110
212576
116776
280474
166281
292720
240961
330282
176474
421945
379717
141971
393242
420654
340777
250988
187658
203543
227635
399782
419637
216372
313268
113670
130112
360600
454217
440717
283508
329901
204296
419224
252211
354932
235287
198418
135015
445921
172006
152478
309402
177468
284521
243995
104157
455107
107160
425184
420328
233494
361442
194820
325122
251078
246801
382773
187370
182352
295290
165396
241664
129361
174421
207431
127801
363996
152836
388049
250746
156613
168535
230674
353789
150327
220306
451064
417363
408298
188711
244055
157627
366528
135886
238982
443657
302777
150001
376130
177063
149717
343420
288605
404338
264373
326191
339671
381896
428216
247590
413795
153317
234119
188535
193139
303418
256020
310614
168795
136180
393850
135074
166484
313152
183350
323349
387517
346107
262338
182163
392840
175401
419633
275714
282403
240357
342903
263865
163393
334554
317802
339737
347866
288434
434549
334672
121022
214803
361837
243512
417932
293720
231596
367565
248550
167250
430105
366900
194181
250367
160981
299412
236639
297942
165812
115072
451664
307599
251080
103166
155071
418846
303257
212214
117504
392548
177836
441650
123166
162320
287628
240440
265120
148456
224888
217999
218350
230198
121116
307858
250208
256244
149497
305814
266682
451921
182674
125117
419964
305596
197344
232304
297449
240588
333670
142522
246655
134612
298681
192823
325351
224366
324649
100214
144522
116709
414282
370879
443001
270930
260376
196699
346961
137952
251068
401893
194612
208382
390602
257237
455075
208499
167471
390371
112456
171758
404600
150195
434080
321961
219395
321026
258594
416331
338992
147375
180549
393057
268463
270423
452326
340299
299251
127534
392393
210920
420816
240658
256766
277287
290282
248157
389567
310185
387839
319478
414250
237410
310364
410323
170784
410339
317058
142553
291043
425839
333955
381726
121807
428500
238768
265755
230904
367143
434239
224565
174204
162428
225740
294833
237425
320859
307413
195808
358202
156651
450967
284980
442859
344742
108677
151656
101360
440145
268992
246632
225084
399371
414201
297788
398753
156553
326848
146721
379206
453630
162412
263491
183964
361841
433768
233384
129238
217580
268204
180740
117286
416754
399767
243535
217979
338585
408924
260139
184553
389873
373456
170012
248356
438598
303175
229857
181065
126467
112477
155333
165979
219842
370231
427279
128264
189596
147098
240434
264061
440925
345964
248227
151160
214362
320304
297890
186548
188137
245685
350615
278125
211722
128145
445782
162990
430205
431506
365745
445986
170730
182708
236991
371234
121550
398157
123414
173315
384075
244239
307213
294106
291706
453128
201371
149884
291305
331020
428657
334110
221611
234218
451253
211114
227177
167625
321372
324459
253664
427502
213087
193723
175440
244551
228257
424323
443624
402987
400583
427372
344200
303164
357453
389621
253635
179142
334655
162112
313946
401061
343346
271542
362334
346681
378088
114715
228576
201780
447552
283131
168330
179524
169962
421720
352071
195374
347177
235610
205840
385881
414402
350718
346208
413259
105645
113184
193571
167664
382999
179575
102973
179324
147615
395301
359084
370285
438510
205586
243870
377984
288458
427538
106820
200991
200398
234643
153015
358390
114246
409453
281440
419531
438087
185006
141209
419809
235122
368662
389053
346827
372158
265982
216359
126709
142335
426091
235620
401201
104946
277851
364885
228231
274448
253575
350528
327450
294826
214677
278294
188809
103483
297524
310948
304745
446260
259604
368698
208037
260232
409101
327389
406198
396410
302648
264632
437550
435833
195661
236963
397246
283609
429533
347156
431628
125099
364049
390798
260752
402008
159501
299378
349861
268961
167696
103981
312717
140552
318658
135261
154475
445662
280574
428667
384998
431715
327242
352716
406641
423821
332811
137836
230117
333384
112558
239709
334588
424105
187432
411153
116758
256089
301221
259095
286756
123043
246167
210499
368886
113136
174694
192073
101531
302733
189001
326179
141285
129203
243745
413942
330537
246307
328520
442827
427327
410283
103900
158163
119470
337921
206859
451441
148655
345122
268634
391238
296365
422765
225435
228851
112705
276499
119773
307062
347733
241819
428986
305003
319098
260698
318443
272216
378472
378827
331859
397602
329116
259177
103186
388004
181571
154961
185725
173063
183946
149531
349277
258868
278881
355100
319614
346390
357366
413032
428360
263402
414112
189883
219750
411868
228613
380259
414926
401442
296004
188716
240225
203281
401154
403614
229872
159988
323700
254011
296487
245688
396309
216712
423484
301311
356872
344110
370508
138432
439135
379460
101208
194916
184691
407948
400348
221266
425594
373334
291583
189209
116060
185567
186659
267832
252090
296017
388486
402880
189575
446037
142340
243851
230872
152099
211087
365804
215688
321232
299361
272997
118703
407035
440045
132681
386554
312999
231609
210848
406879
191409
321282
320543
202486
197090
433744
284602
340645
218223
111962
207608
260366
311383
324207
345610
204464
183059
125273
255023
254145
145430
146309
133323
310229
390517
384373
350816
269132
302002
134347
158974
339807
362461
451137
161616
152702
234508
230223
138445
296878
392051
157576
370532
357514
366148
182378
297556
419782
403891
420809
292140
306502
335161
406715
424448
347974
213254
241818
340032
344232
216729
369670
123142
221580
433469
191614
164337
266679
382854
243620
343305
219619
416530
171211
194616
270791
248233
389863
304104
242578
324334
447767
275362
254395
107552
298328
449072
454031
153485
393328
252701
357521
227980
262861
336932
196345
240821
400859
451093
359114
270898
452304
222822
447764
412318
286517
429833
302058
449931
404887
190807
106579
311172
138158
167463
247522
242456
214142
122913
418362
184979
189183
134634
160445
349267
133424
103019
350359
140703
306531
324398
204624
366158
383488
292048
277526
162935
330899
212220
329322
328290
447749
202641
170364
386736
219748
364599
397780
277454
372225
228804
241824
281625
111353
104017
354949
374237
375523
394277
427981
168660
390678
312873
450435
374100
198968
110322
129525
180608
151671
356871
194412
295465
449701
249356
128288
186813
152961
323870
411866
159822
337085
159231
443114
373158
442856
417482
447332
453998
327673
256484
375320
270452
366234
324707
207745
185601
425794
126537
383277
443269
429166
259090
344511
437620
195203
118824
335610
233208
247847
242260
163816
439895
164602
145944
122355
164793
221690
174273
290775
365482
429087
162779
228571
367496
245122
122747
100286
400578
378608
218557
315770
411658
252323
303006
451174
160458
223015
203766
322135
121199
453757
106969
156011
233073
243882
231518
442307
158251
119645
275063
424660
214745
160167
213948
126209
260702
133616
283458
170277
448869
241970
327237
407348
197195
281558
229553
112314
194547
142953
319093
199990
346452
307319
292481
183276
209052
298667
223797
214392
273186
179078
415856
128776
383160
311532
289834
364456
182566
136369
157136
358975
293297
367389
207417
214978
235732
237198
148072
341420
372844
116589
370336
291919
314142
263722
104244
302925
150276
280698
338377
218332
395505
316869
422423
173494
152979
235446
171736
160110
329213
410739
418211
227719
187295
324780
342493
330982
162617
380288
364317
352316
353594
161103
381575
451483
378652
420717
451368
186804
423646
263164
449542
257800
289778
109343
224201
323566
432957
285607
371227
275094
420001
438454
439925
419073
239505
209468
170815
136892
175679
388392
183635
237487
188580
114399
395305
146324
382032
164614
249364
374577
158554
360788
341694
305425
133032
385781
436648
203709
247002
194430
432909
216293
331737
188083
360501
350675
432681
129582
104844
206798
116814
428707
264933
424893
246071
120911
141742
224118
402971
264568
130702
325086
231472
343437
270931
449201
413893
290900
297427
221963
362140
386536
285381
149724
247664
379570
431202
341742
266031
135948
401505
390426
205945
138236
372954
142022
442982
115178
114079
344878
175016
147058
421119
387317
424943
234285
289787
388017
319361
406432
380606
310991
387258
390839
106994
135501
212603
228294
370316
129996
104739
217630
351653
447073
165909
107663
198669
258174
242732
236930
133792
395981
287473
419424
160952
427039
149697
406305
119608
383456
113806
411884
259106
304877
211648
268670
307680
197439
344691
338484
287115
374882
114873
398836
291656
166794
137816
371654
176758
420111
143635
100599
308006
237798
169285
104511
426744
190850
114312
325007
147593
203739
127951
111548
402476
109266
317525
333243
454712
228699
178661
173478
180154
370821
438594
134970
326068
134120
434351
424992
415928
450629
341467
220504
333587
182795
236193
278043
313621
319525
383497
208712
248064
416716
351010
161620
187488
216528
343958
157259
100963
232568
321241
136889
160514
320409
105936
390862
102899
323392
148881
414650
423567
208073
407758
336631
347547
322658
382990
205326
390071
261797
337385
294351
184667
314407
164039
272182
328389
307564
319780
226758
183811
395823
107844
300446
102128
434526
120882
269066
387425
312681
174374
443710
101617
190820
291435
448867
391217
140137
241799
418088
374233
212451
377366
137522
190597
426706
388791
253599
292183
442099
156922
378922
211464
404866
268733
191160
440556
263779
361829
142051
133110
344759
248279
371996
216106
435357
164581
387749
354802
172774
357515
197160
164850
177509
261793
121448
382988
101046
179010
399920
213234
257347
199672
166221
140003
197642
118043
210971
409679
309946
243925
431710
194069
362089
304412
359874
190335
103597
222311
108094
127003
255680
284913
348559
417080
346665
260838
327211
201905
278426
332357
256586
210458
142011
202332
132076
328446
125858
135483
323755
438439
203649
213327
440890
221184
377947
269097
114717
204557
160439
193280
442398
351546
266894
430484
108472
230086
190594
166456
102367
337778
168051
248868
167556
274632
336270
195133
321739
320796
393883
157431
267909
188121
220698
274667
126626
392902
178168
397869
420721
156458
281097
253293
312280
425356
351238
410851
278009
132178
371461
365378
155606
400947
235734
175611
419122
137733
444727
402369
305063
311210
249827
202388
445525
452831
145903
365268
389150
375831
175480
295300
242113
134064
321730
335134
350349
325435
370142
369663
244375
115026
274382
446756
270588
303025
192476
391558
216648
319907
283370
205942
195257
352519
340328
196548
322861
323753
429312
440316
419071
286397
326843
451207
138571
301863
164693
300945
176106
324294
378537
139383
196822
105496
110623
434768
106431
261169
296680
242003
190022
326193
129457
380310
428084
232726
176101
172756
429321
129726
416785
200733
239811
375276
334376
310037
150965
182324
152705
105140
335487
112741
141103
162038
131568
321037
425297
171037
280516
250274
453833
449767
309033
430305
422140
279504
151297
154148
182440
252066
338286
424035
357768
238924
323918
324592
297629
102581
245201
274404
280287
147894
227327
144310
255075
246892
169489
116431
147084
158792
409378
243000
205404
173093
165044
392736
208977
428803
101564
218687
367845
358541
386641
266834
430245
352807
422880
418155
305859
108580
180530
162357
122169
385966
437030
412523
274859
286935
426335
396455
112162
188967
248795
431574
306131
373983
324292
138952
446085
419865
226563
261705
144027
245065
268535
333329
381273
426520
106625
238344
380655
269622
105253
330077
325951
267780
170557
134854
318277
405943
321555
106443
344797
100840
397768
172439
313357
411909
212368
137732
230352
243750
355098
236989
118586
134145
222851
445558
124716
149290
257827
444072
400148
303192
377345
296799
190067
136841
394784
156749
325298
383861
334581
332216
451365
366329
293185
133994
138842
436948
251553
114199
147160
393540
312165
301735
313612
312877
297642
405133
129184
223381
256300
390413
102266
228717
184364
380919
442758
159974
256209
437586
234982
193377
174086
345937
205532
448951
456243
121900
186760
109250
104517
353422
132099
128814
141113
232188
174568
393073
194092
377359
249086
377719
341792
172960
229951
106697
438728
400939
410266
361530
257773
258214
193473
291740
176653
101001
252765
226525
212644
145168
124186
378039
332189
373979
367750
393240
191879
229523
243201
135827
140839
156636
387062
223825
413619
128644
407445
316303
246387
327922
198233
271405
175222
348365
125467
433905
207973
419632
229460
138648
219679
437361
250039
115814
159446
339630
202837
357428
145868
277888
159599
308094
436050
400225
203803
356548
182079
345711
448744
217992
395961
197604
366847
181529
437242
183432
316685
259443
185924
140528
212971
311823
268260
419334
319335
344581
176735
413268
332374
349621
444857
140936
237182
317582
272570
177432
306833
159521
328877
422470
125139
145068
140540
422106
103133
401151
300335
235292
221014
329729
418547
450856
332806
264630
116320
272100
260514
381487
218921
301763
237707
404484
260955
145994
283070
366397
111734
207532
173344
204774
196589
297617
454177
359571
117277
308782
175644
431907
291062
435182
429927
311859
453554
236917
263559
232689
325937
398800
426512
368962
159324
311863
211764
345848
122143
380159
345522
346897
342571
422646
420403
134238
210715
385408
447941
289444
333468
414181
358398
347059
454869
296166
135155
394624
375983
331592
286390
388438
130326
350734
172135
419707
178556
344385
201798
423991
308170
133443
390025
347271
391235
154310
143562
177417
403851
109402
298528
188534
216833
152749
229420
261903
202540
225623
280727
336703
174378
116330
277894
284353
277666
223885
351564
343642
273083
119358
432567
318030
112837
347310
281723
372153
148346
136131
232479
429447
399430
346169
350927
183236
268705
263012
131911
404999
276463
368359
405543
218976
443501
313574
303866
417958
175848
442560
148652
360513
146152
377091
342246
226607
391604
116343
215275
307217
109586
405644
342094
315369
132457
341538
295935
388721
161642
222504
225772
240224
128062
272542
390660
167636
235686
384453
370761
197939
163430
282830
318764
213904
131924
152276
117248
121079
365223
331176
366275
329773
177786
265404
265447
342471
286695
355154
322301
163290
320480
183829
152238
453176
331983
111917
361830
234976
209400
151636
363814
432174
412575
177239
212126
251995
165259
420576
138537
308848
196909
287172
153076
396294
382469
191836
128462
333479
329528
144452
328800
140713
222689
332947
314844
137120
198630
375310
182887
262322
418751
312732
331383
158915
103844
385357
422119
218902
156381
343716
151794
172298
269577
447963
394136
378092
152631
193276
227312
321018
203545
395481
232542
117796
322828
148973
321905
388654
270086
195639
354493
353834
399003
338533
147521
237693
114192
351560
105704
268585
373329
183251
373228
258556
320629
233661
357318
173267
345337
306500
372555
175940
271907
314928
386318
107667
386056
201407
228177
211202
332356
355946
395655
419728
146629
246058
113767
195105
408239
181310
405604
329492
331482
426084
156109
189517
229429
389524
269795
203621
136031
380547
168825
204813
144088
239464
217391
184639
363402
262693
265113
101721
354135
126556
346454
233199
252262
104964
367636
428909
104041
253992
294038
232009
429419
130155
337012
328725
381184
106112
426696
453075
451992
184314
244113
124969
135904
193337
386461
249021
292762
153363
220360
167012
258996
390944
281493
227447
416914
323895
266423
123460
289174
386916
336180
106578
396947
446276
263828
368927
261702
263179
303141
167629
167036
357561
394811
391477
410175
216108
102942
342487
114710
426037
160120
204399
103660
443331
128241
444091
105683
138164
314631
129520
406353
104940
147769
271697
317803
167567
354878
239457
439410
106200
117594
390961
116769
265318
425000
456103
381905
318549
117839
124632
183189
150092
200628
352014
366090
391460
168685
166376
157971
327645
246943
198864
201366
143926
243420
290777
140653
444110
305542
385974
220413
137784
215748
454655
383647
325868
425185
278727
255083
184889
351362
342369
186051
444188
301980
448574
262875
285526
382523
334468
122781
369148
183827
172496
119076
380621
407732
211651
418642
232939
245916
300805
410128
309492
157890
162600
284583
233957
356860
346167
176528
147723
252717
239216
440064
195481
279320
273733
208321
240556
132665
155897
362163
320971
224383
348916
356135
394714
265972
344646
233084
217968
407521
293431
412018
382248
208914
298433
273820
271339
269385
299895
106055
123379
401167
148800
346573
367930
110086
261659
332439
391673
339685
302918
341250
143647
315933
169915
290445
399452
341366
292597
357538
344279
112239
363750
233504
133148
369785
442284
106126
207113
183960
402706
278347
243311
274743
172498
220644
158022
139153
228186
381889
358236
297081
250919
355469
414312
268805
345633
415125
103644
443072
123852
439401
201803
284567
276288
205933
221102
344809
428660
148262
445145
445607
263227
300531
404898
432050
292704
204723
118375
271804
178702
323251
312708
450165
307503
109738
102559
165015
449698
150860
416389
443087
109157
240764
244085
354223
271831
259263
407560
349332
308879
115070
326951
101574
339385
268672
361016
194873
317916
349607
242010
323417
119687
229292
348815
397351
346186
196784
441021
128184
107251
231492
353764
281062
189288
143797
186107
327358
256736
300592
383293
109941
258053
328961
411297
302475
198727
152387
445909
156319
309773
322548
347284
443191
397164
374981
442668
161624
226586
293933
330543
376053
221810
215098
448108
149189
213670
426500
334984
210327
169434
109256
433823
202571
326253
203005
233520
375219
289791
106030
429926
114530
314325
266575
212202
141696
383993
288650
149006
185926
448620
208200
355056
400128
123023
398613
448049
288339
298829
306315
430535
253915
216098
166423
251099
253778
310332
173296
187509
247681
141567
191475
125306
449471
369643
432475
434746
184696
218947
352765
428798
187831
273919
174889
352383
156211
390863
226583
252095
253770
330539
225995
356198
154232
359336
253053
212653
453531
137552
362648
237004
212458
395510
412431
258872
423329
426780
350901
359839
310835
245494
231632
393825
325389
146337
449445
147320
431401
210328
375019
398765
102877
228138
413774
423689
165025
299902
122865
354916
298626
110506
357629
117987
378227
395093
279000
108628
130656
341930
104536
257523
440800
408499
407507
135768
308762
325409
129383
151553
359224
354907
301475
441831
449976
380173
378786
298460
254061
403226
400090
409572
449345
139385
227030
113443
313290
272196
285086
244732
268130
417729
243227
426503
212705
400748
297960
365303
380291
106104
299760
225774
434241
346008
114365
137520
271463
198516
200666
293526
415771
317947
221464
269190
121957
126711
122212
117771
279401
169206
139699
286659
264868
124550
193972
153997
274679
358757
172376
323683
373223
158203
205574
255736
343818
139581
337794
360740
248943
257379
147617
123160
136594
208682
174659
413177
256700
101340
302741
426545
247100
112172
277005
156027
301509
379250
220659
240105
231180
129263
117044
321878
395091
362992
337204
290724
349532
157356
378301
287712
274285
194169
307329
143817
213184
360601
409877
304665
382346
134945
434463
352969
275716
396635
429175
330109
398657
242405
153806
331628
332344
137680
261824
344487
377311
406316
352672
240564
418058
311508
453712
106410
430255
406150
435956
434561
324094
168214
229330
100579
426176
122743
299383
241969
275690
333867
236015
177704
254318
352955
233353
273953
337291
383054
286488
360945
274828
443779
272885
237555
303665
312491
188922
446172
120080
125541
142418
173813
365864
129671
208735
218980
424545
246953
109733
241668
279325
277819
112609
441449
259758
145704
433693
316051
245958
274416
341134
240541
148315
100301
107742
181582
350347
367299
134989
449315
368647
435883
338023
285459
403670
392200
216273
151523
315100
244148
130701
429096
198361
111160
258920
261580
444920
287073
258407
322346
239409
421597
392813
372896
103691
226405
153193
189903
219660
199957
337217
261352
369145
379529
168701
144109
247773
105478
262761
356119
401362
297268
286551
328093
297904
251958
270056
151079
175705
168282
434136
130597
420834
299167
270193
446397
101073
140242
335793
247413
445205
192578
443155
348925
176633
127144
343699
121036
163791
239294
395180
305363
426374
257026
320200
255170
400730
143183
426412
329038
204663
368058
427172
446853
277478
328866
455830
193577
231886
343847
348740
321783
398702
106769
389575
175014
441748
385848
212688
394819
287323
248282
445216
380794
356310
215776
114589
405527
245445
147053
272011
231928
421143
137981
182542
248387
232430
267914
176963
333582
320024
253518
187930
365618
111025
135972
403321
202481
115506
391799
387108
223546
141186
286480
357920
446083
242717
355972
320620
321320
330184
328214
157659
233028
362618
152166
434231
303401
148103
349673
269886
309751
189438
171806
333611
327745
337517
310055
441387
319702
167733
186902
371137
131878
127911
313935
276784
330943
209065
341929
258001
358796
143011
100405
256502
103875
190868
384911
173499
125422
395601
259655
278867
241653
148398
413195
241712
133225
396083
377072
293145
347119
442344
318633
446484
247878
139631
403316
201563
112614
169594
454445
130229
435131
236142
411669
370410
158477
412834
455083
309137
173256
223305
114995
336228
391101
134319
118380
170016
312293
176271
407092
202226
441703
291745
326911
227871
219295
303659
294361
402699
110280
287179
356131
266200
365319
175300
175894
116240
212215
247457
449331
139561
393207
263236
201570
391120
297353
407151
445276
453939
130198
138042
283560
368604
279226
325015
426276
322044
391088
341748
195968
389346
363414
365524
146679
128351
245705
213200
182328
256508
126082
142474
145684
178031
304960
449656
386206
308064
417048
279160
116291
218456
182634
352083
227650
387382
289859
387112
205296
375106
387885
301154
330645
350506
340893
338654
442950
206759
318211
173997
199194
116159
259455
283926
357815
402837
444156
386608
187806
120204
107705
395613
149526
434443
280581
347804
124740
258061
136516
378688
160337
230986
136186
360089
223779
177016
147989
441280
296567
277778
248829
380734
183250
133535
269200
450807
166824
398847
327847
423627
184798
248793
418167
104986
207206
415597
238842
277234
362960
260822
424024
237041
386529
110862
449817
247449
113214
453264
191587
363239
356420
210921
146129
241802
307325
139234
296508
395312
289189
180631
388813
221674
453419
407071
426465
330955
316434
115752
329777
208768
224701
111908
120149
409565
242929
246860
363054
300061
337870
154171
357581
155241
218698
150209
204775
158814
263437
386115
256625
201462
422867
390127
445461
183528
413505
402588
227509
216736
296223
317667
251332
292637
403062
407115
409652
317458
453546
381543
154648
276146
291395
294638
230570
187361
300379
180538
233206
399629
199939
357020
176759
365597
174680
413818
230603
292831
136012
309412
393496
303206
362000
119708
416916
364724
134941
291764
309486
116023
166718
304020
393575
203765
211423
204386
120842
430199
230004
445964
103380
118339
353046
158760
208649
216360
198464
114671
455554
152965
351778
118535
193994
330718
115593
351544
370357
386957
354397
221052
445552
154308
303332
170209
389577
149913
446588
135832
411371
424987
429178
177094
332672
159925
308477
426909
149555
129925
378631
296177
438393
163960
363647
122813
170531
260612
145163
152111
427387
166999
186940
244177
385054
161488
217375
146417
338759
429701
337387
276108
245683
440379
427932
151554
271546
339863
268927
214962
425822
367054
405868
279474
136895
124244
346701
413066
142543
267990
175069
338270
337106
233891
375586
388141
158450
361955
454937
276081
352964
223335
336358
115693
177723
329324
350169
179713
142682
287624
118448
436496
301118
305802
364057
330304
455414
370519
184521
226017
348113
139578
119551
444589
299785
322520
168030
433658
403782
359016
148430
140690
238193
439453
114868
356130
355508
397133
208739
423384
246067
198631
298461
318898
183200
152467
133734
242183
412081
413241
381944
273038
282057
141231
255375
349746
445120
319466
305327
391291
336642
245497
125241
203354
261727
450007
446338
152322
195797
123785
444872
356950
160438
373245
169647
193240
281499
151564
178259
410544
443322
300900
364113
428082
327384
149839
251191
445319
359721
388304
235653
143383
202259
413490
143165
175387
254533
441714
428693
229299
254252
248587
374016
452238
311894
350888
315469
157934
298662
267866
395008
193472
281101
406706
240127
401750
378974
222353
221045
293772
397642
391980
425512
428049
139275
247355
230601
352069
308138
404363
151855
228834
136300
178956
244109
184983
220933
209230
271022
440934
341221
190519
149652
133870
343022
259437
341731
267878
420682
306692
116843
231377
397991
432385
329484
383920
300663
267076
335575
444073
353977
235899
452483
373175
416668
358218
393942
186406
116481
175059
360739
234757
166613
217534
106605
299583
388192
266808
237238
179484
456112
174101
379345
321389
134768
191647
127743
141066
427606
355315
147265
158097
239535
228578
371810
447099
387326
433081
448450
280155
378180
402634
171681
297578
172851
194012
296531
216136
335125
110451
443789
125832
129498
291143
254387
217633
272618
159970
171093
191315
389240
381451
172956
103977
107405
235579
377718
421112
132218
126889
386413
440965
282299
118011
311167
191152
213851
367550
364491
338442
376544
284327
120573
453371
444209
387668
245832
214175
217041
125874
404640
184420
181250
336272
290839
318363
190250
306781
425467
371034
274855
436516
297140
221087
273494
453340
272400
210575
142798
155371
142035
115253
120275
392289
250515
177443
372982
437652
250082
403183
288956
195082
131640
307978
229973
391277
438548
381871
423615
374102
213145
126710
391416
335858
413779
308022
348647
264115
206660
170260
206568
345151
260531
380383
197782
396559
360495
116932
150261
336557
363442
106445
220016
319570
215523
194839
101076
345169
339598
399507
398707
170680
255359
185446
319883
196596
139957
338620
448665
181748
362645
144765
423508
311147
307777
206652
290826
198894
109116
380265
291318
450824
363356
157865
410422
264550
322343
243360
388327
259942
262416
328591
130213
186795
169858
281327
375271
291054
248519
285118
146508
258315
150329
368410
450525
170653
454464
443077
163879
360065
402220
207493
378182
261363
121975
246099
100359
165727
234762
171039
126315
298159
280720
395494
342678
301377
112523
412362
256359
273975
248134
313115
133687
274579
125547
272738
364708
235297
428762
408228
278159
341163
383988
309440
300748
144352
240977
361920
412836
278239
184474
191431
354590
243862
143125
325841
444180
135833
448895
190157
241634
375984
444266
312919
310897
311627
221767
204582
449946
257435
204676
236007
446394
156704
122384
380843
329141
118320
379856
214870
341973
304070
262153
281288
364524
203296
278039
109996
109967
217550
257242
430112
444503
263577
141899
436694
431424
221029
327655
351268
272864
179000
284943
422289
199394
383312
297526
417031
164535
292051
202696
208401
156658
126228
294025
363738
418624
198430
366269
160682
255897
161517
385431
206450
315931
317716
408180
177862
103342
114101
345059
343074
430649
450860
258845
190236
270065
385318
445729
381620
245851
202415
139551
304826
125745
271681
351280
163543
211896
231740
208610
454877
335888
447095
417632
286969
150903
147064
301278
371240
127503
420744
382782
448752
109994
208043
193076
256100
336748
453946
378629
230651
127963
317393
256226
326300
239869
347640
141533
136606
417153
124292
379920
192769
340318
302508
113416
326360
383512
388828
455287
175093
376192
135076
418448
148854
258198
438387
187560
303388
100199
439449
108890
228283
190371
223009
215027
120439
237438
335739
113253
377924
135618
122916
172215
302969
277607
194707
407223
261453
281149
160795
277771
163436
408310
251570
408294
182789
300132
264664
155001
203403
410640
317278
187147
314962
185241
310090
100343
289363
183639
439107
244642
177010
255056
253005
336288
229092
150813
347580
137104
203125
344628
430041
433040
310840
451232
212503
108957
180924
229590
380548
170052
409361
390197
255407
189126
222407
290720
399892
253846
258526
310681
449090
326007
285164
322391
149300
222474
103860
179082
138780
154499
181346
269327
259032
258084
452044
230507
371261
243761
281030
217279
369119
148651
248002
279274
376725
360104
145283
373483
258630
138032
448233
135813
263250
368586
400618
382495
431689
319477
315234
279599
287502
274284
182594
335718
365059
275894
210827
413927
169752
332114
176082
213324
436305
216021
422898
446456
201826
178116
295751
438353
129051
453216
307464
206974
123248
454112
183604
179754
296373
137512
171460
371599
332874
139110
152263
239797
445494
328232
351190
204810
173385
239468
189244
213647
216004
210160
300634
274293
431310
131624
146371
241765
375476
374431
211231
436412
436686
224234
339760
106806
280066
141976
310376
175232
194086
178562
448195
230073
393455
249945
120588
351969
293897
145140
287743
293954
225572
356329
437656
292083
351181
215634
390627
362827
313551
301695
110785
215690
366030
258967
119141
301013
272431
455877
133452
213562
123421
320432
270501
345086
266910
106036
112564
272202
337123
196405
401343
206022
364214
135981
251652
320270
182397
178350
267346
182699
200356
399517
425079
147051
159133
372363
449008
421086
322777
440829
126938
363914
402329
178456
301119
437413
157396
119479
169952
387446
213330
200714
195798
200226
254058
416748
417116
259035
238882
340426
232666
299629
265592
398090
186626
198062
436186
199836
419197
291859
441400
339921
173438
424751
322874
334851
216478
204322
263782
397454
104980
335627
399449
360921
241773
438507
455386
283377
320958
236051
195747
441353
350438
274262
295911
405600
327791
253724
192658
208092
430755
453516
317094
330582
204018
120489
306512
381218
374337
120098
343904
224382
436917
349790
361677
143403
282583
447928
428775
170291
133087
352394
415454
259468
155157
311251
356096
241859
297633
158324
327825
322094
206928
254801
243691
280250
335714
119785
195108
178039
216229
399640
227795
320217
369308
343589
443797
194219
223475
234495
139524
230511
433290
443488
326066
196932
147090
243502
156154
253872
212056
401449
388096
313950
249462
172404
373551
282609
176117
270342
140900
425745
217611
387125
300315
323090
363685
108979
380445
333595
244550
412233
160348
189555
414572
142194
231373
416977
164640
446262
178379
351743
400344
359425
230670
403241
207233
191632
431248
116603
271401
151542
443279
160639
282397
366256
392472
392257
348455
200070
229985
254324
152010
238663
177182
375855
438969
396466
179056
453610
438840
258089
366961
317255
344696
450116
219417
248000
272187
192984
154757
291438
130986
433209
124650
184908
439788
140030
392176
287737
321311
103534
197970
306643
141890
418036
443358
261512
446240
287935
150035
293753
332218
178457
312476
380903
185797
281718
209232
170472
394079
184535
127732
227581
424619
423262
134261
130182
287283
165178
103071
452183
371026
384755
103077
178488
409752
361747
138817
255707
314020
138656
320450
318838
319745
390768
322477
322992
452366
289435
212606
294468
438315
185731
317252
421712
188430
180043
207924
333295
326161
351307
385624
292596
398526
323912
104828
143424
295311
428449
404615
101147
128449
267695
146424
431662
364217
308012
233916
152426
277762
314823
147183
106568
437102
225731
431258
280304
141651
146193
454940
352167
278852
164498
435351
120689
298668
403035
319643
452876
233844
328006
328765
403499
397994
102679
420525
113293
380569
431367
382756
416181
203360
249009
136928
427710
118099
206733
417869
264778
449372
258636
207950
317135
136975
176858
454903
261083
189539
404316
242961
363746
318823
308374
152114
190012
210235
367014
118865
403046
378233
439653
440084
370958
147093
394808
355425
149618
296226
144443
169970
170906
344555
338474
236088
268488
440655
279225
336752
134705
281878
363062
435613
438021
304459
337306
436130
379707
241680
318525
364841
360949
295960
403757
330391
357969
420535
114891
224170
297723
156039
386846
156783
252671
163178
176541
381692
371472
355227
287505
232112
143700
330531
266654
406894
200546
227810
436543
347052
385816
196664
121893
150521
132623
264214
246793
129504
157972
188867
430023
153325
343164
134873
192013
430727
177290
111431
358133
372245
380698
412317
312286
436776
255301
250309
125506
294870
148472
275390
380942
401618
124970
272345
244170
132700
144807
175383
250700
284562
142692
307632
330835
327077
210185
120622
220929
392353
281709
201510
218404
138272
278503
338667
266181
171609
154775
430601
391691
194977
310611
221218
290196
405356
218422
445973
263592
326980
375376
214214
125243
154946
436281
241897
269814
278757
357924
166499
196642
377039
239995
255016
244993
180353
189399
193905
296455
379458
122534
174119
302838
215281
167146
400234
289855
128620
287581
366811
355269
241557
171445
112195
305892
373064
227661
205354
267703
123902
439811
366136
110403
171741
163591
184871
282290
189768
100387
247229
335804
146387
224907
269224
360131
293268
265008
131317
226871
123453
279783
145712
423757
381811
321935
244181
303320
352454
421450
296472
213801
259276
109017
319888
444854
140615
149580
112865
335576
170287
319618
124888
166784
199398
406423
268467
312542
414699
354244
324850
214504
258950
278163
367556
301815
398161
326162
358100
188149
356236
247363
355907
336877
195517
171669
384973
417692
388311
163600
233516
419581
254339
117166
307257
220116
173856
318774
131437
224866
251273
142489
314280
101646
449778
172324
373874
441053
423360
118334
368521
426345
385575
110272
212030
335103
441367
412100
437087
453583
259724
441510
193304
219931
197238
332733
200833
288824
311932
443601
129085
173390
364958
345839
375585
170021
396856
127210
299442
211409
263737
278743
185235
165839
241398
405766
427913
426012
370635
274689
202389
101821
115672
249841
356500
318913
158434
131400
219742
260570
210973
238857
111924
423090
233948
319652
237748
400073
387433
147926
276046
125773
337974
211129
312448
334349
145617
141382
198170
219705
289373
138282
184076
320002
444603
237481
283853
405728
299655
297949
223451
359316
271796
277130
228575
436899
282141
369429
362356
401212
323074
115061
375604
387983
177790
178787
453608
204604
258149
360055
400084
306301
297648
383531
105379
385930
314546
318431
434965
220148
235875
211156
285758
384083
139430
373395
371756
367329
247148
304611
331718
278134
358625
434412
257261
405342
131415
364348
378144
275835
300271
388301
379198
278270
249576
211762
232801
320334
345486
237933
112503
128338
389130
234384
253256
151657
347233
423577
208049
108800
303245
427539
250009
166924
141617
285813
385433
212920
291258
113334
415403
394174
231859
430269
402374
217742
100452
105263
219064
223983
152888
384588
182241
173562
189854
308890
446202
121213
188008
362623
399750
325016
160918
172979
337341
279045
297927
148852
396569
289196
145103
341693
199680
133292
211917
290342
167202
235442
344874
280139
259493
148537
203287
271380
116692
415335
270332
270724
186857
300654
140404
113737
375770
446178
210210
269860
119825
108719
435993
173709
236641
313586
445726
282507
214164
412069
325226
214490
432799
141673
265647
409473
237406
327650
307137
266538
100526
329216
354468
335469
398176
430031
247026
249112
334044
428742
165638
285866
144085
187316
160679
309384
291156
200608
294574
391681
145052
317370
219077
377572
433026
405083
212228
305103
168849
112851
413762
417180
223366
449811
365934
363234
373184
411087
396721
362754
383972
446966
372575
210336
291293
415379
418708
178923
181792
274363
324290
289708
161505
288491
430136
358562
146845
331147
419124
240100
281421
345838
226710
226034
190870
360524
239550
382008
234255
453965
295351
188301
252129
218463
144749
106050
410009
182649
408435
352518
124293
268690
325482
339504
178708
233364
254788
101373
343932
107376
211189
414669
421631
237819
364532
316510
378150
337841
269380
226712
329260
321793
329123
442521
327329
330344
124537
384487
167376
293245
170263
123346
180800
114638
272607
392301
162273
257344
417170
248646
192025
392497
165123
177017
279219
404802
340250
164599
318648
356110
330823
247833
134723
147780
376803
136353
208804
386597
228942
276388
102497
115775
249903
385661
301687
334079
140726
189668
212129
317569
303002
210462
326011
426181
200882
189273
414412
110519
185229
384506
431351
137521
125482
188736
385258
384355
376443
156425
173630
173627
348194
402403
117881
429300
314177
288799
286810
270166
201518
172872
314611
177000
200754
104713
212546
404798
196966
280216
133928
442244
308529
297508
382929
349641
399415
277926
354973
127125
358420
395954
277022
128150
167538
375760
391533
222896
434248
450546
300130
351205
343804
117276
283832
435966
234140
377225
155828
423260
348917
239713
225932
101054
119936
147023
209086
220626
380195
229573
115292
322683
387525
173792
434017
102624
121179
350850
374746
169849
316095
207585
380210
276094
443511
341177
293421
217380
349308
446467
253131
269898
383154
368582
264783
182457
156859
226419
375685
142045
271507
313490
195668
169732
275695
290573
277742
118053
283892
345430
444423
113709
262087
353898
310508
305774
136961
216824
390121
117510
412901
328102
182033
224221
453905
291875
231970
349229
366150
430244
272644
317882
414205
198535
204273
339239
365192
361701
117244
221130
289848
333771
421221
199941
370129
434771
239827
198339
162148
207672
105954
250360
445176
230176
131323
276432
149658
281976
232162
307807
240848
432898
247874
431218
357693
307685
382071
106196
285175
256490
257637
303642
211126
313491
293777
336709
280942
293227
444269
314955
455714
259884
149545
351282
397877
191053
441269
333069
189553
184938
403925
339332
142700
192125
289107
403069
380580
274235
171844
137644
301359
380479
415026
107837
136629
373099
139318
419467
288390
232960
237019
322907
108060
327982
453210
347264
381398
246284
379074
257790
233245
445855
186192
390028
406517
412824
128451
142066
390857
230834
141241
349817
294308
215467
177172
262490
205436
152539
232180
127127
178683
318723
164759
387423
429631
225728
213629
185407
225587
161160
312477
453305
323855
356694
136587
360596
333567
115989
429561
342106
144747
250568
140841
228668
424969
411401
130780
384122
107069
455879
186047
417158
205829
104786
322704
407430
210679
202381
165097
245725
225279
318677
408281
207507
119273
154045
398835
308961
233706
172594
354687
333127
190573
254156
101165
101773
452022
184774
409342
312539
203963
414094
283232
179549
331753
434827
328221
246081
286055
437828
428836
383762
221150
444615
330794
160974
249568
371272
122986
416652
186206
433291
142547
349040
211165
338778
173492
330964
258414
291073
145612
291302
175827
192181
322758
132407
309764
193213
370039
370543
454320
274134
270902
422793
286910
208252
435032
233977
336811
391369
320367
423760
243048
226426
111361
229055
221331
424140
110150
109153
142726
415025
305479
258946
446691
333806
298808
120869
296415
327353
166216
343755
256453
223429
126049
121324
256354
271619
172305
423647
272125
251635
297354
197391
406541
273166
378234
140238
379293
196190
240550
250908
291591
291410
332102
380141
116464
157444
226440
148469
111915
360681
300696
303688
108790
100785
363711
343827
346154
440546
124624
409647
269006
112221
186518
327259
426866
226367
333591
412783
252886
383732
438915
350751
233681
160791
312001
164275
286626
398364
428134
355248
107009
212491
112011
217893
164272
231443
104665
358952
209934
382052
435763
129769
443848
177547
148049
205958
254665
324770
107533
416001
364829
101688
213035
395018
454948
100649
361970
305926
444883
117859
190559
420098
108694
435130
271215
438981
450794
259868
151893
322012
361419
356743
134170
315254
440676
100326
222280
170829
283592
100714
160346
423511
173199
370852
131065
340512
396150
304473
182656
375922
251741
341982
111545
383735
319720
329035
192850
196749
393161
384046
212924
360497
354607
112813
135260
392383
356451
426015
388724
245982
222954
317538
423967
408747
359443
223443
154530
125778
324563
249498
454096
216242
121927
376885
227273
167424
277377
211549
131715
252983
134093
298227
246925
202804
250787
256110
311488
366580
432907
386797
324350
248265
264320
204613
204381
166228
447774
408234
103979
285684
196511
101970
185507
399395
139585
125186
410155
447232
405947
424425
195619
310689
291427
369669
387088
437681
236080
328261
190350
441439
278241
105797
244067
323600
322967
314496
320076
373553
137566
440715
171021
385516
154498
432015
216294
230920
123962
410171
448403
295110
307931
129423
348735
125826
175709
231929
397506
452572
400753
389320
334855
317617
287478
110131
284386
295126
431532
420912
377651
258774
264164
442487
232419
317350
162378
103204
176112
430257
169741
225918
131466
193754
340252
337610
366343
238972
372888
355137
101495
305145
416153
126246
253662
167232
224955
175017
291237
291694
228560
316581
352873
378731
174310
394102
356312
155170
203510
371602
300123
116341
319673
220355
259887
181286
130171
164254
198011
419679
137424
423930
330699
268113
265429
116147
206874
196887
223322
385372
118405
411548
242722
160690
151549
333413
274880
390331
428077
126262
219334
372517
350900
375074
351283
421237
402040
293801
192115
347412
145318
152922
254827
393303
365824
328382
232502
319456
238865
328921
426837
114936
191782
449157
398286
101458
219014
311281
194704
319337
302045
187374
323603
281345
311420
327371
128562
307966
234808
417621
234202
106627
218084
148513
131459
314362
327918
113437
126969
170437
208023
388941
107421
405180
101033
288426
338237
306252
232538
185008
127061
347502
182777
149353
297002
412539
310152
195831
269845
168325
201280
305211
230489
435706
102949
409740
211766
351706
140405
441918
227098
203173
364255
197829
219084
303623
366846
176833
413014
309350
203969
388094
369981
374785
307854
388736
287740
323459
378288
358013
138082
351824
443552
139330
393522
387910
389352
306396
416365
315925
231706
439739
117360
112026
100336
180010
204572
249170
360863
244491
298695
177638
387829
339023
291634
443429
124694
253159
302535
442979
397111
351862
147692
211323
245054
441058
271738
254877
256699
130902
163327
444793
446020
406505
400885
101050
398896
436077
215250
418773
291741
177352
440194
377524
130932
264824
423884
437568
320477
443862
168452
213894
374924
233771
331357
333138
453127
355856
306296
258146
247437
276790
352750
324933
372589
123472
251886
134931
353725
387462
120769
182400
268819
198969
212792
145234
133689
244923
424859
395017
400286
288825
429940
345551
110635
222266
241259
311936
273650
301434
228679
315020
102882
379218
377847
224634
270589
309022
159662
386935
318079
142797
154014
445783
452591
278571
174082
317926
291500
260991
388762
178834
406807
294608
352993
400553
382049
104188
350778
183019
250111
398212
256542
265315
308284
173159
136805
206829
130165
222091
328096
207085
305256
297766
388041
346315
193227
426128
356881
448186
432350
231210
278213
282594
186090
375577
411002
172712
215232
261370
226592
241017
228643
144486
226678
126921
346031
169906
240596
105640
314411
120656
354619
197374
130479
435922
448440
342218
317550
309446
203272
450318
395232
313636
276380
261179
205174
345650
394055
350143
428388
206025
228406
226815
149542
435410
190213
325002
215415
216772
422741
310890
151605
187104
391832
198729
155395
328635
275535
294694
410013
241579
148222
258105
340553
187277
142646
229131
374814
317662
334470
385736
424488
405401
241893
331315
389025
110472
159378
336363
176713
441017
310271
411919
415515
385242
294910
264532
422416
236696
100550
163945
341708
136592
248245
247564
436852
106741
383391
343447
357932
232158
154112
363315
443507
187395
232569
233334
284766
455415
254545
392538
195485
135680
256118
122464
380193
338728
368768
379151
135900
302162
432285
298163
197019
115699
192598
239776
396667
109174
218065
332324
317417
241094
114073
336952
236374
443894
109826
161587
198434
219572
439278
185852
436944
127145
315126
144051
333331
130557
339264
351707
367987
143458
217532
309907
244757
139738
176236
407473
175008
301601
405248
285967
262755
324684
446292
324058
278456
210881
416943
318515
247838
232678
264399
205248
178706
103172
447511
352681
205583
168681
298466
143837
182307
228739
109853
295641
430918
136425
234675
208782
165867
128988
427362
421392
174409
399457
157710
217421
413140
270252
228442
268219
439161
386852
275732
365798
415483
418882
454760
164956
394457
168511
304320
293585
397379
289992
455314
319657
184747
105308
415418
104407
367296
155381
453745
362113
392305
378547
357921
150526
394608
294404
309531
179373
418855
381297
408023
400160
321000
108733
213601
195795
418042
383416
157165
362199
146736
153498
273628
329727
110956
199359
156222
236837
388045
148464
199959
354521
388691
340618
306275
109628
419048
323301
442445
327705
186193
136212
402004
154420
134472
279760
142717
350893
242908
282061
293614
320644
238647
326504
293961
338213
381251
365739
127165
260993
119889
231588
370960
358908
434756
264662
220894
141240
437386
196255
164375
251004
300211
412630
315378
150027
204675
428141
260281
123747
124420
168065
171630
231560
294080
245280
225421
431612
439503
181089
272089
369149
250903
273976
223383
124848
231650
164076
211769
372394
356108
393018
394049
159017
330820
138265
107638
390946
344082
440766
160130
169414
341824
105354
100011
292658
341295
350016
178326
327424
301951
397515
146295
248074
216664
365231
382896
432810
117794
430769
238397
187084
388074
455383
319903
269890
215462
117693
326473
209955
295198
305185
419335
115909
119981
160496
376942
311906
346297
210162
243107
369974
219725
200803
335090
413715
449382
126450
132053
299591
281817
231311
274757
157875
213082
148636
440704
103567
278578
325034
273742
348948
359280
366579
274898
162342
382215
216514
267021
178526
444735
403158
153190
372862
255047
304423
333393
274444
182249
222835
446063
195030
383031
342287
409943
418682
283759
155588
429195
186987
321381
110539
352091
155222
398802
168445
137164
431799
182972
251030
124352
454824
234656
338129
377130
146923
259474
273960
126330
261655
152516
439969
340585
168547
122122
263226
437213
147355
224385
318494
201380
446920
310272
454892
389624
243522
285036
299087
245278
229937
290067
427546
298912
274325
419694
453058
286076
102044
184138
244340
441142
117538
346522
430413
367781
173428
188268
347157
342805
299081
101063
162463
234717
273690
274245
439527
347135
352155
121070
168760
424964
148966
132891
188214
444904
112365
237090
373935
302956
149012
141453
345496
259024
275447
224948
262109
273515
341835
173871
264346
395117
241296
345131
454967
345379
143211
189425
215773
185736
426723
426371
102250
224663
206231
269084
262422
377128
348741
408026
226279
338119
287625
403329
316267
104829
346005
288507
324579
273504
108633
223242
179253
390297
143301
263207
426562
338217
202166
301151
106559
248222
371143
214100
342445
354123
424057
261155
148824
100096
125364
379646
271752
226829
277835
204348
437019
386117
227911
221772
283226
451446
158600
340452
106074
337563
289285
222786
172198
293135
165215
262480
273794
453020
241692
238178
295397
431784
237428
453084
366685
154653
370408
419393
401168
357662
413579
264142
380829
437406
263685
130969
138121
366140
299747
324641
144931
225885
163763
225400
265230
239673
134048
221351
254076
235391
291785
192378
349838
260379
193062
230900
341255
440403
388427
353176
245161
122615
374716
156054
167967
137064
375503
121913
264440
362786
388470
450231
359942
453139
431295
176610
101693
336705
300034
298278
451042
240307
197467
170090
328374
351415
313309
143118
410927
425299
215522
379840
153389
419264
397733
265004
436954
348561
265684
326740
224054
262090
383573
230744
273984
161852
146101
441344
274294
309858
337732
167527
370454
456215
281065
247274
283951
197919
129810
201051
126667
151121
142240
116267
283064
326991
110266
271744
157867
215706
290330
119224
137238
163890
186429
203000
435944
229052
327660
175254
443905
150105
398948
224042
161748
209919
159166
282685
184545
104742
195131
187723
109526
160810
323559
225866
152558
336128
141756
108444
386139
280196
321289
101283
360228
329927
271803
158559
343304
237806
250471
162481
141195
302241
105224
164407
263192
237128
392564
209216
358430
126384
142147
264517
154397
282029
178197
425613
266313
355881
130585
287924
382487
150923
210186
149653
153062
303138
277486
401757
427719
250864
342855
202947
221442
422169
225539
435873
156036
410803
446314
358991
292033
356780
424665
233008
254547
370461
139706
167523
430739
173825
367259
344776
425503
153982
180332
256409
363034
128690
109345
385542
308926
452295
333658
124120
154635
290951
260414
355036
360327
323525
154386
286293
333427
256624
347560
361538
402099
252024
176208
261463
295149
449621
377914
422252
386778
295967
449940
117691
222278
271965
270765
331920
280509
144233
129709
316518
223879
223619
253290
104868
206794
260459
356274
450889
267830
181126
450624
173309
343431
328334
170390
271948
211494
273478
206789
319663
356945
227842
209662
372413
275780
316875
408779
452234
322340
267972
147377
251986
101704
395555
188904
127653
445990
438342
173513
407253
229629
139248
445128
174900
246452
141521
261781
258172
178513
428087
364533
313031
412970
213017
117479
228493
298430
370104
337578
347820
180910
102498
183403
146638
387991
213348
200162
221207
295602
268383
269984
182257
310796
268158
421029
404486
353957
450127
273134
172836
319339
425569
394112
255140
100246
243356
361626
415773
265548
257860
228994
202515
234168
448852
228484
412341
113033
305875
395476
310488
350732
213387
250930
343416
372536
438986
430842
265665
143824
172352
282425
403867
129080
239017
421367
420987
375402
271950
295663
389803
432408
143949
409410
204798
110822
210507
143193
138851
129650
406439
454022
134308
430382
156457
187918
225243
385043
141769
294545
269383
372451
254713
377221
132277
155475
284402
441776
315852
216462
347313
158131
170468
191274
109801
246795
278148
173554
121103
405003
211034
249775
289418
182289
450066
302327
400351
365387
320552
372497
160945
138739
246349
200319
104000
391731
428447
208367
304247
281666
361810
414753
447195
265929
165719
399534
421542
381935
280562
237241
180561
341315
171856
437207
447667
233323
115008
309954
292518
272451
249750
261581
227638
279536
348640
433550
149661
437101
389564
118695
402402
448901
397430
211949
165699
309794
451341
247400
256105
196559
101772
180589
285362
412444
453156
186073
441428
368601
203020
376588
411705
330318
399956
249967
240153
375346
142818
427812
244316
428239
182835
360854
398266
296077
449678
162130
258265
305098
404773
259321
138074
284037
312485
366290
156288
111922
218890
342878
193952
435854
235582
169982
254225
135042
186744
310502
426066
276760
390462
325947
136196
191068
429027
147332
193171
276032
405185
108147
216164
270261
105326
277743
448325
274569
285829
173597
455517
449061
140977
247266
427277
421992
120505
436739
107957
194148
322508
241884
428491
139195
399101
347587
253017
125077
148778
133779
319951
425859
389883
233984
300078
252629
386908
456075
222030
303527
118455
393040
159062
368786
326354
348291
184570
211552
347800
250892
143788
452349
406441
307084
224448
288565
348981
325887
315736
188801
364867
398808
278771
276000
211605
445060
133542
379358
306958
135396
378583
140501
278573
351886
397296
113556
170116
313458
347852
213581
322545
354971
279795
109705
267882
326132
121365
241742
116270
153320
224352
212662
285229
390926
368466
339653
284697
153944
251502
257985
157628
169655
385642
363173
395263
112900
301318
139346
223671
349162
174847
153621
180083
111302
413201
452881
392090
361206
144705
123119
255469
205661
208798
198162
324322
421588
166198
127424
233678
136955
313956
206614
297482
158108
194982
139914
166604
299418
259979
369416
313673
411034
162797
304326
347970
256576
221174
256898
227452
228471
364381
214400
124951
200582
178354
111920
213002
435281
338458
304300
116441
295912
140819
300755
202759
173603
164737
265466
265735
257603
158378
326610
315238
103060
340209
419208
264063
123373
131122
356266
351229
282846
319517
418504
295707
104970
146863
435670
279398
124273
141629
395642
153293
335826
242892
374945
435041
179772
380224
355766
440077
183183
447289
110714
444547
192086
216596
371170
302489
295825
188526
417764
172850
292206
127036
142701
453649
287441
284209
113637
157114
116470
170710
166207
319848
301229
138178
361558
123605
117409
119147
425044
304747
369225
122357
264220
295012
150586
119909
341043
239902
307370
412930
300448
221501
193961
235047
215920
384643
297062
372180
331131
106751
394352
182804
281340
261147
234995
435554
291235
253068
185073
226002
187424
171816
364116
279271
355342
395051
262983
307656
175503
219386
312342
291097
372303
289468
110083
394560
326178
380721
165594
102053
209433
318783
414602
228286
446221
263934
448699
119073
186814
109550
380665
448348
335785
148016
120549
297137
189129
180968
