236117
206906
280440
153926
270247
291394
140698
452557
373253
439040
127294
385529
403079
191990
445086
334812
239275
372469
310978
264969
377071
334624
269393
377873
446339
153564
287187
409638
382349
293263
129795
421885
233696
235421
433008
101801
419206
291259
432469
346806
292024
318768
284631
208832
446103
388473
352589
136025
250421
281722
286732
300562
369462
321467
132068
110692
368240
335714
205486
314929
119566
317769
353908
123875
175181
155234
224309
251656
117227
374981
105495
158030
367625
127172
400009
318183
152692
438238
140732
417186
