280440
291394
452557
373253
287037
397958
439040
127294
158571
397587
385529
403079
285812
191990
445086
239275
372469
300384
310978
224413
377071
340294
334624
269393
377873
446339
153564
287187
170496
409638
382349
293263
245318
129795
421885
255220
235421
135917
101801
249371
291259
231025
160512
432469
202536
346806
345095
292024
318768
208832
388473
352589
136025
250421
281722
286732
300562
321467
132068
110692
368240
335714
314929
119566
353908
123875
155234
224309
109067
251656
117227
339275
374981
158030
400009
318183
152692
438238
335389
417186
