236117
206906
280440
153926
270247
140698
452557
373253
287037
397958
439040
158571
397587
285812
445086
334812
239275
372469
300384
310978
264969
224413
377071
340294
334624
269393
446339
153564
287187
170496
409638
382349
245318
129795
255220
233696
135917
433008
419206
249371
231025
160512
202536
346806
345095
292024
284631
208832
446103
388473
352589
136025
250421
281722
286732
300562
369462
321467
132068
110692
368240
205486
314929
317769
353908
123875
175181
109067
251656
339275
105495
158030
367625
127172
318183
152692
438238
335389
140732
417186
