236117
206906
280440
153926
270247
291394
140698
452557
287037
397958
439040
127294
158571
397587
385529
403079
285812
191990
334812
372469
300384
310978
264969
224413
340294
377873
446339
287187
170496
293263
245318
421885
255220
233696
235421
135917
433008
101801
419206
249371
291259
231025
160512
432469
202536
346806
345095
292024
318768
284631
446103
250421
286732
300562
369462
321467
110692
335714
205486
119566
317769
353908
123875
175181
155234
224309
109067
117227
339275
374981
105495
158030
367625
127172
400009
318183
152692
438238
335389
140732
