237906
345380
206473
361798
347317
332331
394163
352124
153177
214101
279864
163107
212680
329508
264954
125941
360568
195156
450442
415780
426478
324985
275241
161121
365950
342717
105409
241328
375746
416828
300424
408372
390506
178877
239666
332105
384511
279749
434944
318911
329620
138163
429926
144059
163846
250332
409952
205971
263292
385533
319945
275074
311964
256586
216761
348586
376763
211433
166211
450043
407912
121222
202961
117907
302755
442808
164135
409810
338267
242206
327746
421354
226723
248412
195056
334887
252393
347320
406746
222860
330960
102670
207505
190595
440454
432006
198679
173068
449386
207102
450839
149593
365124
317919
439425
344206
215570
326632
127053
434067
152387
393595
422579
173945
260499
327319
242980
337384
230836
156809
318728
290993
306451
248370
177765
146959
254225
436702
246241
168493
183251
409231
173577
283423
173910
308141
221290
230711
220923
187735
183121
217879
200148
227329
187277
279649
309841
221778
397899
145210
378873
378237
316869
256402
134522
313476
248100
318722
336481
425495
342671
325533
316450
424310
275512
100350
293401
344066
177130
335641
352414
405212
184939
339829
219742
254124
160945
414523
439184
338778
351044
254851
324931
281029
278928
331634
341689
279637
355586
362460
210725
377395
402637
410497
180914
215899
443448
371628
107855
401361
452415
222612
181846
146071
108969
318823
265155
122081
252659
116708
391611
375484
431451
269047
327070
145873
351730
146339
231623
359696
166862
171282
202182
360337
345681
391805
111637
370789
142129
421579
334747
237088
355285
227509
132301
279780
137401
276000
412620
113162
291494
193348
300960
264116
196353
241547
363335
116805
144535
388721
368807
149535
177500
233008
232975
126224
281034
339044
109074
332970
450892
366534
188058
140956
102843
112094
270798
134457
159542
173613
375391
428001
415970
109172
322982
413418
443315
421204
201565
427280
376625
421362
382071
368278
423588
275075
327088
121699
157850
391454
141477
311591
156851
197146
419988
107052
323829
213232
290054
127363
216292
218672
230884
269551
309240
377793
231512
443455
228311
107983
158759
317045
326059
417170
161092
208012
162774
362051
383339
292811
246686
455350
335575
182359
227047
303579
362519
200845
297295
377800
124828
177912
258404
280534
132813
160344
438134
110370
319621
251887
174834
113157
211182
151212
257515
298589
178148
282563
332558
268285
271041
138594
279093
272823
287795
271428
220580
256085
177206
403756
398392
122546
411176
442941
425998
235163
290847
436759
209541
447687
308036
433513
243944
345997
213445
296525
436424
269806
402706
385374
220499
440152
427479
331814
194991
389911
429387
404136
146048
186306
398305
222319
115610
276128
111676
175920
198301
187916
376861
181046
304421
203866
338658
454785
383776
349040
353143
336371
373449
183246
360918
426632
456067
371646
193005
208092
118764
123043
391171
124972
422203
223840
243285
438142
118140
257919
131449
234988
261615
199627
410522
214112
377135
244549
243142
207685
274339
445136
240864
355454
395797
442297
447212
223845
289760
218404
182983
236231
132199
414195
372176
274250
255655
181797
219462
249433
312274
311681
132538
355557
283246
382034
344781
345201
401642
397469
331493
179388
175900
430746
215424
370187
189899
365316
166358
257285
192944
166124
160475
118869
137427
333090
382253
380417
173093
374232
349701
405859
255379
135000
271376
270841
161870
452848
361233
435883
422492
319884
317245
198656
427167
155477
227606
284171
404448
103120
383079
266723
240792
267991
230467
113946
331671
184062
183875
141552
152341
126216
324926
247860
356758
329770
209600
138466
264894
361526
143130
178309
378817
318273
227060
426116
154638
227988
127637
168173
103417
412691
212107
148934
312328
337588
146529
269407
198596
278291
170746
241193
318321
169270
342483
391277
224649
360547
151990
125207
361006
325558
436017
158398
390197
177355
107892
356817
213237
356339
160794
170240
358820
264066
245818
294238
337302
237979
105810
431489
189510
185478
448564
226761
183803
231442
426526
116159
250263
106620
122792
220850
288117
366086
175299
144281
294801
340100
106989
291792
157846
222810
258641
433386
446421
177969
183307
432337
261090
347961
268929
273760
101766
306301
385235
356962
400145
156639
332274
260522
358709
249675
261444
214442
182130
318604
337376
436601
396243
166181
146595
443036
236833
234508
265531
226705
308790
206966
157448
329004
204798
140985
258103
223009
327724
377632
452761
343713
220892
372096
412547
270857
333592
244755
307737
194565
409794
249437
183971
115732
189231
267052
110823
134024
257281
373342
123965
272142
433001
243400
428265
213730
122198
139119
375343
277110
168849
136460
327152
339355
336614
275880
435780
226287
374191
191294
131640
176041
411253
113884
302746
260883
427328
150847
429309
320151
450365
214565
115160
442978
430534
294203
414292
364742
252377
340118
182335
408323
182906
437362
291296
189720
168312
119355
308955
105666
177645
454068
152515
316038
184889
297969
402199
211126
399030
339542
187133
440435
171073
293667
335884
258854
436381
239361
202358
273357
190524
384232
398803
395610
331570
321132
274753
310611
250524
317106
285057
239621
363685
266101
310621
261391
431018
307909
375457
446285
331392
151078
353586
388689
145352
224292
159939
234113
360446
215129
425724
322808
181990
406079
429486
187368
199004
428277
175570
350069
230639
140014
198631
195064
373200
150334
326810
256788
137008
151026
425153
424802
153851
287021
102349
214365
424024
263985
129290
341202
171688
436217
217631
407231
123420
303566
340282
327259
168474
151804
286478
299714
431513
413235
184129
251541
131245
196720
312561
294351
176115
220016
336866
348377
134182
353429
114966
440250
205030
241343
293101
444754
208582
302121
287409
160136
282123
164742
179378
404376
282529
320705
345701
385914
187963
309862
142985
140907
256792
243370
137850
417032
223491
317202
106133
305041
196282
103098
276784
115506
272917
327944
322530
103510
448851
338069
241909
315505
345455
388282
330339
138753
280521
255164
378737
382596
305927
254681
422217
283268
186343
382350
437272
106348
302573
108648
322118
157231
235563
117819
390943
102959
412752
188426
449125
145277
103543
109195
199063
181877
245995
313575
147100
321269
182488
169126
418751
323385
160871
451899
226628
262129
191245
440061
217304
437392
262081
168439
129018
277504
373127
321672
222708
181025
168693
288777
352880
248707
101673
206865
109267
240705
402510
252343
294648
236381
372443
203347
178332
243033
431829
192503
397526
315950
258511
148908
144564
425318
211058
300024
335049
179107
430567
294210
287408
106601
450161
223664
149818
443624
283235
400900
198213
455117
364207
225420
170079
108636
396564
110704
384993
210289
441862
153996
430152
326132
299128
179394
409495
165344
219196
194618
307600
323497
301498
349532
147658
378439
214106
330072
267933
453304
314162
389740
180065
151314
327372
412984
251391
249815
326137
444601
272295
443429
332725
161779
232553
248837
255577
180831
173258
106744
334538
161157
185776
118113
285706
135046
406798
289449
430712
394973
242046
452600
288309
100130
149553
230176
235997
285616
349470
202838
188110
448684
212148
378029
230194
164347
286351
355215
427806
214285
240687
352073
102134
358135
430494
422852
153246
454624
166428
366871
109542
160985
103845
214676
157427
292241
195615
340794
199068
350788
286475
411818
437476
305193
422898
434992
428113
351765
205190
173279
363167
375613
138024
455323
293772
224131
134100
381985
291400
115303
198463
434803
170971
228546
294379
250620
425331
171150
441195
312683
171108
219956
173545
378376
322581
414905
413289
163481
303131
162014
420751
313384
112812
404553
284942
289795
357518
430601
144187
117751
346310
261017
321811
384241
311951
175841
346569
232484
123746
164779
179250
352155
280320
344952
446297
206856
287740
156054
417106
306369
441521
213360
218140
153974
103068
348401
187404
176248
134662
240018
151384
231828
271237
245346
191833
325823
202820
151196
188428
321245
119943
191843
302326
406018
280063
282588
390149
130770
361180
289837
174979
143446
152126
402213
419327
383462
163795
102208
368812
133634
428465
414232
210256
416573
379256
124059
330751
295807
319913
453531
403745
433562
320367
381015
119078
118298
320830
278581
289911
259241
251510
350689
355694
173639
143141
274580
377613
199664
247022
246020
205459
255856
123338
101883
138552
454596
183634
216372
204754
394871
387660
301254
277883
220075
421916
304221
312320
230578
252316
144455
221537
216797
264390
279664
397050
402435
420126
234656
122774
450098
264282
336612
287659
258323
161542
261417
185761
356225
125821
342009
202405
211618
183671
135457
273162
230422
304499
231155
365378
333640
264518
332142
137814
285934
103002
161541
170096
239947
206758
401985
220858
324117
291483
329225
449398
180694
196688
189934
338545
122270
123371
315904
121809
387392
153317
186147
142389
219433
327390
415909
340731
419809
137681
175399
373979
262267
409392
253116
302884
254247
431528
188320
237178
381919
305471
255258
249619
157673
152347
362437
243230
350321
146701
338764
293480
127245
427117
425937
254726
381703
293247
303311
288878
417147
276326
355165
309434
178875
181146
429457
158541
362401
102311
392366
451598
145612
126986
439702
354794
228345
413056
191507
426563
168605
304841
262858
142483
110274
204462
340418
438794
258481
283416
441198
330705
285279
403519
121306
156144
172035
332950
346991
292901
370116
216974
321060
354556
220144
374213
323392
451780
327000
264785
418879
107994
368773
312753
335718
257554
117337
195934
259794
226755
252732
402508
110718
156441
294616
230627
161622
281063
120197
157762
389307
155956
292265
133801
294119
258688
205470
379554
165328
238390
288952
300311
282749
103264
208990
170648
149670
287849
282587
355447
325575
225084
362713
364168
353004
376587
449359
297492
401698
426472
256859
150544
336702
245518
252890
112929
147646
281090
418140
129791
211313
442865
232538
332134
396163
144271
445582
285654
177713
404877
220975
305009
124104
336228
326075
206160
199049
414917
304767
362366
106591
293236
279709
281774
324807
135088
383160
123340
251456
186270
356629
327006
298734
232419
152471
270860
382928
318824
262506
141105
151256
439629
180212
294533
279511
342580
310449
203670
362324
272724
101420
243810
236080
321857
361325
363738
276646
345317
403190
280307
303291
391087
219172
108578
399607
282901
267811
370013
454465
212788
209702
300164
147057
440550
242473
196409
362006
393887
120294
185549
415555
341627
340684
309565
314468
270543
183161
347246
225056
388070
376032
385433
143107
121127
143949
179976
450679
297187
369085
371223
290075
342731
312416
181027
137245
222361
315107
109945
339506
114928
401265
146160
274997
267944
214259
259075
137282
311502
375514
237982
158373
275322
107552
203524
400717
351361
301316
339732
199853
145217
253184
231746
231566
112462
151557
331396
442139
200963
130787
356921
246523
344834
263814
388038
455070
330202
450484
279349
247128
394109
437824
411465
321261
374836
246859
273783
404455
234762
432683
324742
100355
382291
401678
114702
147988
405825
120626
374490
124865
337882
206344
174106
451021
290861
321641
139860
325055
124978
416382
291474
290488
382727
275825
411088
376809
331754
203356
366958
198269
107518
176221
332851
179174
150048
282076
173979
103790
194417
182505
435456
311422
391624
372499
133102
256654
382444
146777
320770
265149
336968
315455
180565
206980
365626
364066
398052
276427
429965
161599
216052
363753
378548
153402
210459
341254
428383
275385
111684
361273
360937
254416
211220
303901
429855
221583
285009
301466
259289
200497
218880
161583
409565
264355
316420
127296
115826
396083
117559
291564
322179
118870
258694
189153
248953
140959
427266
234722
319629
188311
440111
365470
212138
342273
123996
259651
432933
363267
323223
317643
393825
327472
370290
132544
129000
315409
294649
256592
394863
173801
446796
201217
403002
135038
207657
282866
454677
393161
236989
113594
410807
401255
184014
395415
257016
126992
400683
190187
358986
177675
216246
259747
150546
289879
256734
276792
268571
327430
410395
451787
233231
104190
256821
228310
349806
272855
177914
422104
303667
216767
213094
176185
114174
104938
129735
363976
445724
249524
394039
223413
318717
183819
136334
197786
172477
126439
190269
160346
101564
115960
327039
284684
406196
268965
418107
341739
429213
209954
428782
330797
326725
181377
241897
431478
350514
203278
152671
436834
256518
242405
170032
202109
296844
313084
150239
108959
335268
386667
418944
257095
328041
407810
264448
130803
450250
247107
125879
418234
122825
368123
348557
126192
274434
333963
403341
407956
367571
392141
186818
331670
151034
226020
370442
427965
267929
447418
347786
257595
127634
125626
234616
296470
251355
222639
393455
266521
348815
177266
137876
227388
290425
105286
363259
449328
208885
305925
130743
149148
408397
145949
258470
348581
292795
206733
258449
371987
394713
394477
424170
165329
433521
342545
337394
355924
364195
387187
235409
169419
424345
209515
105806
134723
440963
437981
254319
410128
165664
340751
278503
132799
362367
136554
106697
307966
289059
135087
157103
186087
111114
303965
297674
100239
364587
114802
301904
155023
387998
443849
144505
233665
439615
208497
414746
444938
151282
358081
175057
285647
150582
306762
235628
331617
432216
438086
412148
233330
145566
390062
269968
107185
164827
407294
106072
423925
113718
315419
171585
423866
387332
116627
148651
379399
322017
255582
174827
447807
113044
289942
126251
241945
407709
126460
239902
129405
212412
242702
366804
302769
296092
120751
350223
179434
149374
142582
233939
446029
351314
357400
215471
158363
165255
145637
167493
413800
243107
117891
170744
116870
202827
373705
276463
299380
439692
379792
263843
352230
223504
247035
317232
276194
402320
228559
334044
100119
376117
279329
210827
272153
197380
354163
280562
394135
106505
398084
411776
162255
249490
242240
246427
119163
144737
411522
396689
317082
116721
142260
238428
113687
258086
217678
195431
206913
179066
100373
244494
216060
218638
110714
197289
383977
124969
157579
419196
168451
189069
298606
238797
293943
113785
355690
156071
114636
373949
178049
400126
233236
414441
385050
413583
419533
385579
103811
453647
313399
165362
407872
164797
152624
397370
234667
204922
423466
228225
311147
371055
315372
431406
158775
428353
118235
234476
220067
109747
254574
184712
160358
113284
439715
151932
321142
187810
440686
264501
299415
166075
223354
240793
354453
344045
428639
328700
311373
184796
381304
182249
263530
426655
126808
230570
188514
231275
136892
123468
276077
247252
323998
362057
440328
352206
199805
450156
233801
445502
263773
253448
343058
209948
259049
314447
306684
401676
405342
441376
287388
151765
153989
419494
106795
125645
358751
263965
116257
137916
229961
363037
258285
147278
181688
143924
436819
240790
422289
293828
121985
147624
428743
435065
402527
185014
247318
113813
276677
204336
244214
267087
210799
361504
117794
311641
153216
331150
164204
200251
265729
212823
366287
162003
303710
380043
145927
456136
323939
445657
232568
426071
142416
270724
267783
362658
419417
181787
151893
353266
304298
247197
358457
449709
179953
153267
298018
346175
338155
377907
337196
225421
213925
268196
327453
253784
245132
161591
358112
360690
378686
310041
265972
299811
408532
155041
220637
176130
137420
428909
268058
445267
422411
112652
108037
120692
181043
225411
435505
372339
250111
234805
224521
166911
414471
334379
194245
372968
174142
209259
258670
162743
429993
376120
293185
158386
219316
381357
223619
309060
412880
243883
386236
242830
226418
152781
308438
372062
290155
424818
408729
111288
181412
437135
374924
193215
359426
151880
443337
377351
299195
338667
442362
106673
455740
275664
200541
426524
452536
128584
186358
328148
359878
391651
199541
170901
446687
225667
401483
342134
137121
343753
233266
220152
226350
400336
141920
101646
454008
352502
346640
329222
387761
429057
304435
122485
372860
160888
109055
357966
397105
402503
452927
235265
229310
305868
141364
101502
265496
138300
415965
289768
275485
450686
241325
431482
248713
392577
251090
302724
295170
313942
126294
438193
400769
196591
406331
337863
328609
431679
449267
135759
382316
419947
435038
362288
247273
296932
297055
311616
285760
334906
308522
368677
377459
172225
454018
138005
170948
243693
443041
319606
422136
208129
133545
318472
202291
138619
453156
326097
140365
425234
240078
256906
415973
184902
114458
161358
117963
226192
131430
180949
346755
314325
230664
364998
398015
310626
185743
376188
252905
180789
224730
341710
389650
376164
231963
371601
355064
435938
203988
387488
169979
129080
105953
194498
324357
419297
127252
170677
237736
198678
435460
257604
200288
155660
128913
194930
114982
156832
251947
390100
346877
168020
269651
386562
229359
397248
211289
285379
311234
342381
324350
366813
424616
397200
160064
113043
454312
287749
294305
330585
327292
281670
197653
313875
400835
273872
121662
435033
302567
215750
103463
133513
133023
318937
156845
116358
416338
161172
207509
312066
455433
107687
391019
313990
418156
171016
357356
270912
399096
290228
178572
429783
251678
168858
456094
143794
114277
209477
345535
293280
244787
415316
122684
162651
184631
228760
408057
139719
446963
181016
286344
367842
291961
291209
175318
196207
305207
262089
201132
447573
237801
336836
229716
348224
102787
241072
211952
425991
171315
225980
254354
425708
191913
137946
191456
238455
446948
309179
364287
408607
209750
333588
404143
153565
313232
135209
418264
364926
408889
449251
194873
191578
443417
148398
202276
448671
415391
170021
125392
414159
328787
187467
148011
114093
255788
263577
313091
414168
196356
270088
402351
301257
179556
444393
289918
147890
242738
376641
375770
332817
365097
260186
145029
391009
291680
432665
251995
191026
183181
144967
292884
324304
311462
139234
287445
396733
455186
129927
122290
381051
400405
268485
302201
260181
422785
224299
172379
286145
244333
409946
367014
445553
197757
323542
372905
141516
181852
216915
235267
376554
180781
273025
213562
321657
163508
246333
233663
183201
159801
136672
394752
357071
287210
240676
171714
196540
164267
232276
102700
213918
275656
351923
341786
454832
400758
219656
233376
268113
241119
138027
113113
174364
120529
326341
334468
249364
430190
349262
218316
258465
321883
366117
209816
277523
278758
143163
106829
431521
263623
302304
342678
416784
204979
401189
120064
336844
110910
117368
411066
164541
221301
276655
108837
423166
114891
124771
247063
198361
412446
277890
303996
117289
369834
251564
393289
115899
143905
364721
367393
174454
314716
387167
452538
425532
149749
235807
221587
267667
263890
427802
319287
168397
376190
279019
368168
397738
130985
432523
418239
381547
260674
230286
106547
448322
296134
411350
152069
439247
106776
246943
167100
220845
248291
225900
206789
374772
239968
127315
221619
161246
395530
215450
185983
240072
192477
439806
192458
421818
433585
179214
404782
453504
360752
255237
301758
398495
360739
412654
378024
349976
170899
174958
445674
420315
279866
106370
316203
353102
283566
267699
410105
215122
417653
134864
255335
354560
161110
269048
360747
164936
291026
182607
418361
158001
407390
346946
248255
298006
192323
101495
303713
267053
297293
108776
323742
267306
394710
454401
213624
215926
395313
261315
259877
187505
251621
260196
225123
269781
251041
133526
177148
369122
345414
384605
128081
282704
387441
188753
315732
424910
275601
402494
238629
141229
391932
448595
414145
249757
207977
163671
423446
346297
342398
144569
303723
117027
121817
342445
371981
448750
143891
280615
148779
232780
270501
417541
234677
256082
253013
202718
378264
193418
257751
290787
255542
413063
106007
119358
231948
372155
267206
162336
414670
288050
304819
342384
208150
434078
394820
453281
123100
240529
138713
105042
151382
316202
105992
423858
238159
453450
279596
108630
167194
182605
203360
410764
140738
445180
395111
287596
102875
289583
146271
397207
405294
302338
127779
138802
289646
344810
399153
115419
202249
222848
148535
181536
334859
426518
443944
370780
296972
315449
321522
342572
334967
438920
158110
209203
107970
420466
117673
339068
122735
269801
101929
167931
363207
209124
129531
229249
452347
274436
372296
201562
247692
428577
308767
135321
119766
268124
322869
157887
439393
137565
231921
126982
137621
438726
140933
163811
445039
304849
357802
319804
126152
431353
224957
198081
306362
180292
122269
409735
379461
158792
318626
453017
125143
332862
208381
393510
132551
162990
212056
358089
418112
255071
226778
237505
454921
421286
312335
321682
325046
251939
160124
131635
340622
386164
150333
184317
289210
106165
244272
221178
240884
322066
417021
306477
130313
454270
230723
304871
156166
193068
326614
234008
375926
138058
267168
109387
101121
111551
186861
276102
413190
119139
157388
231197
443912
284213
252868
339508
218131
158359
106838
240492
399386
360927
390839
411472
124707
145703
281316
290026
202932
125079
228849
405007
441120
363026
456133
334271
294817
337220
345368
210288
274448
226407
412947
438174
171693
408150
372567
143454
304309
131934
103166
439513
315452
101093
290894
392084
191069
215436
419203
383901
265865
433310
385158
388001
186904
287163
433383
141934
429092
309151
294871
155544
131893
174736
280933
384390
187878
330080
178411
420188
375909
263845
332374
140709
137608
335433
345243
271835
423006
384036
322548
430857
408103
346645
147881
421668
270259
221126
224449
182416
413677
201694
201255
327402
396863
147226
172778
375543
246536
214308
304320
306149
236819
333099
221033
181921
354291
192357
323790
119684
141695
168067
191154
143769
145397
197807
338091
281267
234821
434277
402252
404522
132088
333239
137713
254657
443579
305099
227946
141885
362619
393026
359047
422684
252132
325943
400401
222400
411666
384465
291966
271300
102740
325448
100192
254216
160404
211494
132360
419587
341928
318078
227383
327397
427533
216277
348943
388165
193656
355409
114083
188824
287440
176598
181454
146936
431092
447780
246125
118405
332001
324306
381390
245680
144731
144376
204077
162705
184891
115120
110373
438540
403539
319092
167620
385594
199517
194685
256756
437436
428370
395147
272254
397535
278357
222897
342106
253165
110702
125333
135595
400024
404673
179862
432533
418216
408297
124941
235448
121173
404044
330043
180677
256474
378405
407822
197946
310464
361701
155899
115830
209357
126990
116743
348981
377301
102564
411652
309961
359138
131128
400455
404972
116090
413062
233903
270377
114624
369646
192369
182552
238490
447662
203534
298189
119574
314925
164390
330031
127965
298709
335582
455525
233345
267124
140625
246027
117445
280641
238582
397233
249882
238215
344741
359246
374302
375554
291507
138133
450736
100839
198113
310317
380645
391833
289514
343161
167605
232114
202314
421019
342225
147592
210499
441813
169994
370160
276075
104517
373654
303154
325704
325996
325895
184065
433434
174291
319737
343328
142612
132181
114220
228377
239772
200133
337290
288504
276628
306638
344891
196260
221062
165099
215215
239847
265211
418320
189210
204053
123421
214198
432451
428322
212657
134472
356780
245545
448867
383969
434827
217385
216980
296808
292920
191547
193785
117115
405629
309576
440075
400475
234716
238162
197339
293343
281706
400777
370054
115241
252396
186088
228724
161894
186194
296701
111692
166613
252110
157213
215169
395551
179321
371054
163393
390318
371813
260195
157135
277907
336334
405569
336904
304562
111181
434525
162396
419459
118374
318638
277931
392541
248732
216069
341839
210980
355491
103994
115678
395659
440198
207302
142437
380664
317540
205645
412806
317387
410850
393462
448800
140976
447375
394543
275380
272542
280872
149508
277892
237600
451493
220894
293151
233418
121620
286200
336557
211137
189384
335667
448363
249905
252824
401161
364745
241562
100410
427741
129450
380374
217667
415180
240247
413306
190040
302891
410322
316835
200458
139078
380771
349383
292004
127003
422420
199794
213397
143439
325176
270076
378704
302708
418726
415365
129385
415979
112653
139608
229952
302014
263202
137677
277533
267743
209724
162886
190350
432838
240045
347076
337489
175632
247565
135799
338779
416462
225274
163698
100398
161971
306295
361457
108129
350510
167539
112362
360223
329001
237425
212868
325636
390458
186748
450615
340518
146468
421625
448529
209036
207588
347309
172629
193391
426527
369229
416391
424963
449901
195896
286113
279115
301366
360849
355060
205243
260779
226286
399341
171121
212276
275645
271219
167202
123934
181357
419847
115294
390312
115971
337407
121315
287933
157957
401572
417959
162950
373196
158120
226235
148092
201245
233380
245134
320324
148430
396042
401735
176159
255262
451631
417274
102831
299991
336554
187819
307529
141253
309191
208677
292245
223655
270110
254666
291136
155079
339982
119284
189869
335338
357512
441180
406335
266425
384381
432244
332383
150526
128155
282695
205240
266980
218277
167699
416501
366449
341804
139969
441600
368459
314433
313314
329293
226462
299689
134541
251704
455611
336166
399606
399984
123783
263776
233130
101162
337015
335781
134607
142858
303961
183843
351515
446467
293222
315519
132365
400266
154664
421785
239806
197753
127167
349917
279681
289736
310862
386784
200400
417273
134826
308479
402128
287955
316750
327643
368728
446619
255304
275346
359117
341366
140064
379192
394825
175107
154436
436259
375523
221174
333736
210890
300994
231870
104753
170667
446377
319820
175124
189457
310489
311382
234381
214010
274205
426279
407281
188316
126687
369317
198471
198448
140609
414932
229518
244914
416979
421273
273084
215819
298731
192910
208908
247631
129741
121316
306364
333495
236658
208938
387089
375251
278369
332735
307407
338739
218096
275192
134165
129341
333564
447057
309252
363102
122924
233443
375026
148305
407623
394079
128551
414234
277287
448531
298243
106443
168296
253613
368119
204123
398612
259509
363393
410121
454028
273328
289131
399098
383919
274066
144961
420899
317905
232136
182698
376364
321609
384314
315217
179503
312456
312889
215585
240952
193868
176750
403505
220164
284600
313360
180960
222082
105713
165570
131623
338706
267064
443488
160204
447885
179937
327492
361530
340898
329558
132948
133280
335064
402873
173323
394014
394594
403016
395221
444282
109153
339671
115525
199095
406437
177139
421542
214546
292413
177644
290417
235992
340891
226335
141916
129480
375834
287753
167758
248715
148186
218817
407821
214935
167487
231376
199709
373904
266971
199331
232776
359756
406039
254075
320330
361153
309050
240584
412392
263700
308283
249158
204320
265832
171954
137605
329187
391679
377997
348329
280732
199294
171533
252987
172519
303411
113008
206507
412359
248262
299138
411591
408180
323510
424044
314284
437170
184224
392137
450160
445529
166015
200381
352804
192600
368216
335512
114183
377233
264345
193883
392591
372074
178780
450521
131274
432363
321045
455225
101738
115133
232119
370448
268097
306189
125444
429884
248248
155442
435723
136612
419133
283027
114516
387989
116934
372974
186582
375658
290571
215195
352189
351387
387627
319157
341541
147351
357501
346275
201743
294850
395018
172256
289829
215411
272819
118635
121573
136527
334819
367902
237941
125735
379960
395540
165896
366864
417337
155689
313105
426529
219546
421532
351551
219011
167816
231432
409370
212927
122520
130631
345786
452201
403413
363778
337013
394976
265810
170402
147274
239977
150296
223915
272530
442466
111257
392381
407510
357713
167584
448818
122831
331298
440645
389261
450444
123808
172277
154461
420999
306750
182853
302726
240016
221022
303878
410344
269802
366785
278571
258556
417859
113579
325062
224115
123712
436867
291576
383720
248423
427933
283126
125309
292629
134682
128073
438837
270191
339241
374725
450315
338450
299876
332976
422705
242538
240430
287592
436481
419383
114306
123731
348647
292217
400389
396129
334925
207805
224057
367050
264192
184580
439580
381527
113540
423210
452957
235151
450362
159180
198983
119992
373581
339088
170354
103596
182240
287030
388638
195430
356232
287118
198330
399899
172979
425356
321733
122753
271561
215482
187354
371238
203013
437331
176903
331562
214142
380942
417981
404139
118283
443693
403773
445539
117845
160990
415048
317872
332763
368648
211898
450157
263242
359344
392948
168687
370508
390654
189920
270974
174345
131386
333079
389982
274212
320611
319185
183339
455828
265455
124018
129998
274990
300561
372680
170025
278127
330519
285319
251461
231361
278142
403621
355130
191886
402620
204169
436090
451103
357272
290347
411276
302982
454711
276659
290971
135307
219550
192234
132052
258226
268891
252406
101930
308777
315208
380054
397418
393387
381116
394686
212421
251462
440617
275175
180628
418881
314663
375111
292705
358423
411297
290381
419437
351399
435089
227733
141825
175232
449880
120018
428734
360713
432378
147950
123262
334781
342766
191666
325402
434041
447718
241430
358812
273943
290458
142356
232393
385779
275753
157099
306404
261370
190433
344709
421111
364342
381912
175777
348532
183252
308524
265040
362811
182113
186887
417853
116004
117517
265151
258205
422037
206726
311782
408251
243360
347593
193871
249945
315149
389327
424748
161400
287997
306226
423165
364215
403491
219508
422199
113121
133535
126635
129746
304815
249405
276620
294882
358717
408983
419413
340777
103911
278621
385184
150213
449950
320218
148756
276929
447247
249167
339413
410928
199358
109313
246360
232954
376699
226941
339243
260755
192798
164759
360304
151781
109621
112131
282385
315601
281114
139257
396416
405117
143327
382252
101006
405109
100540
438957
117342
253120
351706
354379
102150
432222
341269
266271
371159
388477
183210
386658
371609
371160
310100
111931
292975
111497
328635
316129
124267
297919
344448
380416
112481
285392
182180
413838
329797
188952
215994
101538
296794
386877
278163
155819
331998
301143
184628
433721
379543
295909
123266
363145
331136
219430
363517
438447
295731
135982
316548
256239
162400
334578
193784
428693
196763
108140
331687
179835
260963
321369
151473
278689
139330
116957
307059
158870
134893
338981
261849
250638
171008
383507
184597
149238
233875
434414
384194
189309
375602
415211
424705
416022
231195
278090
358520
346235
140439
225921
338763
164426
144223
377448
421154
280309
226435
447342
301918
182743
209075
383591
360772
260379
190218
166939
436890
396347
441330
437194
271749
165323
169434
305226
186417
385347
174947
171648
231744
408100
283924
204105
247716
141513
361285
171756
392268
328093
217893
373442
239392
233853
363203
120890
255592
286592
445251
101515
221850
130846
113377
424577
337649
188676
387477
259818
409924
360689
150345
107694
360228
362292
258123
388771
299225
245394
155521
170241
394828
444275
143053
157344
322706
345691
401153
454182
179279
163270
266524
166915
268548
332328
208789
265053
396658
309681
308123
247242
211345
329405
184851
194583
181178
168924
330451
400337
220520
320588
383150
276381
298030
180138
318395
361031
247212
117694
241750
346199
176434
433372
161217
356940
238239
314128
134257
297975
222025
274880
125206
398357
294280
448076
162973
392614
162220
184370
380681
229121
280129
234703
412828
219629
228281
437213
328391
275732
291192
258105
433428
388404
183920
280974
395687
186053
335208
320721
155764
448267
393313
346676
420981
210762
326191
366738
293346
187046
267785
184428
194045
114278
128508
211376
180427
187535
231379
145537
324301
406633
198756
311803
351622
128732
341625
263265
237968
360029
265102
182729
356171
291355
407014
193892
301511
292165
166616
296496
147654
420746
259798
432581
102521
434172
268242
217894
356177
134526
275138
159664
133194
308275
142555
269442
231728
259151
310980
333567
311815
297964
271405
168872
163208
302729
281767
283853
446932
195827
156460
257173
410869
388807
330570
352861
132578
247454
215149
104705
117721
298339
240945
263182
193257
225055
145453
440661
448708
195136
443293
435947
147904
128224
387770
262336
358241
118053
204908
337073
116405
453087
439307
144261
310527
265659
199559
449786
283275
435779
296989
288209
406071
145896
379419
225637
195698
407020
101773
246441
400826
186251
182518
159292
385059
189868
218454
100651
395192
318788
227206
440271
292636
300683
274514
309186
436077
349702
285047
282254
237139
437959
188973
269234
401929
315279
343435
425235
208957
137683
204385
271963
148093
115098
425510
176404
150156
131439
334249
362756
138183
316507
195605
419723
415429
356860
159714
314461
371602
317746
389145
331766
253308
126477
314302
374112
151657
444844
158428
374691
229857
312999
433652
110086
234214
171968
211712
388041
100773
147053
139214
152705
302604
172901
316962
153448
257753
169208
177607
362606
407202
213219
200771
198947
387841
443745
283394
307258
162416
276673
325367
226855
148734
226200
144952
428076
319315
219792
107353
181754
355934
343066
372626
397656
198126
324001
241621
441925
195514
386469
434758
408704
436774
384236
361298
104364
342209
409781
446966
123819
413573
304334
200102
414455
118513
226663
406955
432281
389309
339469
371459
175725
136927
313543
270534
141672
121566
240757
139925
136369
356455
341133
269401
133137
406498
257714
397948
451447
279890
156514
125380
186707
394484
446681
446985
403052
176464
455068
187526
331341
339547
337745
127342
155909
183229
411646
213615
433194
245323
332016
227702
200958
101540
343764
411688
173266
245898
290274
434934
189580
375684
176995
351264
103822
427554
296460
301785
259413
333195
422125
400628
221053
234200
260290
440184
356109
338133
413199
380765
359686
171547
301059
380311
278881
109498
122277
163680
179359
443526
293290
430306
342285
205213
260312
166797
363402
228548
161565
420322
242781
428284
140895
136525
341991
152829
120792
139911
183679
408585
131837
438982
282818
180997
366637
370755
289245
344976
233332
380665
143354
167733
209859
329228
308089
311577
357298
265195
148678
400737
307573
354038
101166
324953
380362
117039
310868
445565
422106
166333
228820
352375
257319
343271
408909
425170
284370
264122
257033
334720
133470
289326
403441
357395
109403
360363
392926
213157
343130
420472
448906
147897
336205
167791
160268
418979
192579
108374
375693
228026
399650
439606
281120
340620
360649
353069
361283
353848
453873
443940
371449
120153
191139
135568
148279
353874
119973
421161
408327
312293
204661
316537
447478
275955
132641
361312
335995
178575
319963
360958
310129
398320
309182
431880
214765
344695
331946
380266
434294
152018
285171
129861
334108
417293
136598
253823
334275
212615
241440
209917
163879
116750
377535
348640
199518
119183
352743
393042
149021
370772
258474
289985
231126
272833
321109
129661
421812
329342
135722
192694
279674
280564
426400
286014
451548
422726
211722
320264
302316
223351
241135
401317
115104
376136
182250
394501
165941
113080
441400
217390
213108
338546
432317
280780
266987
151191
218549
411817
435744
270367
176544
227903
409030
113204
159259
168997
103523
268176
332679
197221
292578
369641
449474
371861
323851
150385
280790
105150
214063
398119
400467
344968
140228
420743
335661
188455
249750
154317
233947
199034
176614
336072
170245
133389
311528
281977
206725
270634
310698
164965
145234
319721
114786
273143
412253
320696
148604
120080
313295
165518
124714
134980
228350
130547
111572
417374
107536
285217
400231
173226
409067
171925
378727
366035
333656
288298
196633
167190
105687
186069
388941
153927
205945
372605
360270
391706
199711
149432
400413
318458
139706
444926
157662
442200
259781
223563
187054
181315
121267
241458
194063
227015
279576
337892
160918
163555
317869
221073
296829
148193
113698
309940
273745
421580
441214
284705
244668
309166
344940
182797
127663
323403
102094
150033
303737
448957
314963
367208
369509
188942
324770
113679
226064
451467
369214
342484
204424
166744
450147
105624
203789
208717
310870
327541
241071
184593
379646
456225
154913
429104
150940
218785
146558
251690
428496
362722
144487
240927
133774
436145
225897
291607
138974
366372
330413
302558
393287
330077
277754
273772
173950
165293
244202
224399
253670
424892
226312
145894
399588
115315
256848
153916
218585
323404
334915
370129
151698
377425
289444
438833
288582
196810
401783
201702
207487
234701
100892
439708
341411
159422
315131
181918
147355
236204
211299
197825
105485
327240
375985
104564
404457
397001
235199
318419
214490
365485
132997
263921
122968
234408
344526
360416
342132
210831
118702
372068
366764
126550
414427
254469
126702
127995
184377
377262
314324
186659
179266
387416
376601
275094
362217
302977
311592
156892
443053
237463
146967
429803
267571
342061
406912
381706
295967
273785
302564
375561
109822
239025
272695
419687
307957
441216
420675
310786
259183
321087
131244
325130
306272
366610
445703
292628
166786
166456
270169
295578
131289
117552
352774
277553
140291
191558
130097
416548
361840
455258
429695
129219
344922
450325
362276
298290
181177
356719
187889
368106
191187
355098
173600
174776
384152
272694
205454
291163
230719
278801
251282
422673
421065
357482
226808
181246
157437
147580
106127
273263
195120
104707
111361
155398
320299
407318
185052
193495
178580
209777
194202
453866
412665
206442
307499
179549
279014
241391
124664
420798
420205
400752
455855
207571
271695
238697
136087
338472
125350
446886
433489
412896
410319
235564
143048
418325
200454
442726
162087
209805
365494
300843
390314
205301
198913
374517
167483
400050
434636
176786
254553
346894
377430
299058
244020
224451
381260
301594
283782
214455
259530
439463
169620
405288
444541
187321
346441
155916
343108
103237
431891
336406
158476
282369
222866
443995
204549
373417
374760
186989
365399
295695
451595
215616
298803
177662
297784
237805
319466
264581
292230
336639
175401
152639
371225
128730
333928
329257
230375
204938
161602
344555
217012
295252
427010
206115
280687
411967
255266
151359
326829
303914
388094
260342
108889
433479
343890
452211
431239
453166
198827
292770
324523
232619
415084
305953
257327
420449
277382
321998
364994
450426
436272
204912
104896
289675
266973
179157
149824
227406
281030
110483
149880
359217
315909
454815
388180
281652
137243
434634
162115
108972
199908
207200
274761
431648
178546
186022
135576
172764
321626
278401
109894
343303
406074
178978
113666
293854
344371
153688
372918
239821
401423
223280
199090
190399
124657
376942
207421
320829
314113
338795
330021
220798
348001
326082
274569
270256
264004
202742
282919
312093
244474
174163
352491
380605
263586
204353
171957
153674
445067
286532
121664
263880
230712
137322
269002
285711
332747
175797
306720
356143
290044
368998
261100
387581
245859
416174
141098
403392
394933
182463
313868
239133
390375
435028
236202
316024
164745
126179
134020
245140
317388
109157
149527
121330
242993
318575
243823
370382
168258
108480
350143
134616
313408
416845
250476
152491
145010
249511
149833
267734
410310
264990
348111
283158
342652
249164
213198
220550
103563
200559
143051
209215
291046
152238
251751
161601
366531
430900
172826
212932
244258
360749
397223
271116
301925
177723
363077
106128
128479
143580
308131
103333
205597
159448
226034
387587
370860
131642
331448
199169
137319
379010
101937
179355
148202
452480
132298
456051
146681
211473
203707
431370
374012
166874
138666
124659
105778
130234
329703
259763
351900
265185
271840
143040
259542
246291
309305
451202
102451
304669
143984
174808
358967
218544
158024
312485
198162
423093
205484
308541
403792
312789
211023
256219
379965
313260
156613
436864
321263
101131
369213
440010
405459
329171
220134
382861
370650
326257
276663
249967
278217
344467
248682
311533
223426
393297
128365
249178
148882
317382
269694
396843
428669
259745
273808
450912
248571
215397
316415
231188
108996
450048
188145
191156
390900
150927
148469
289582
256463
368866
326348
168700
427354
381312
357538
362209
351130
194473
223004
320444
280323
204178
188869
226322
227726
304317
310308
395522
149551
316124
442242
451637
430811
259267
451030
121603
219010
169758
280239
336523
201956
179879
120402
366360
440871
144749
443246
214961
195972
328870
269796
252211
164915
330328
346366
102891
358115
376219
174753
133618
369975
104806
242396
191563
119558
130247
169706
365029
340531
411897
422652
381063
166936
332702
218816
408640
412786
205630
237797
128386
284679
356838
442917
360282
291176
314140
143675
121231
427929
155071
240127
329743
363986
392787
160898
153025
386118
130132
134966
296740
213127
404383
259847
234989
446718
334346
168606
399336
126600
295806
260378
448576
412690
367586
452757
406000
365360
166999
162301
154022
164105
142045
417336
413643
425868
360481
112550
316968
255700
120815
123562
326236
415797
357360
382032
225587
303289
195610
385341
107904
113567
402907
344566
172625
455762
297655
422765
421748
116625
410402
195470
401782
294824
168590
240965
380594
181568
455856
425640
254619
366208
379802
108874
407028
412189
218433
245538
209160
266480
304868
215128
305992
268680
264801
214147
119363
205461
353286
394234
355561
363912
269646
388113
132569
347334
201039
251614
336093
380449
331002
371597
372954
273131
347200
139823
362018
169634
255341
112503
267788
237587
294725
240706
170219
104962
245739
336666
136024
332051
281388
288870
280062
340670
331402
308638
246470
405495
215123
199250
141783
438538
233806
366608
332723
365268
210305
311797
197742
342626
228261
224909
254737
105662
249512
311735
124411
408697
244180
181041
372801
438194
385926
422953
228473
303206
277948
128804
373010
187191
173499
329402
386998
230528
365551
169408
258861
176150
230080
225480
186633
332114
384094
211353
418276
315392
112222
442068
369998
105140
271676
330319
396845
410394
163919
166958
455616
261816
308583
176564
259989
179215
139235
221834
314701
225275
349576
377616
415198
131408
327352
244332
424037
353702
261224
201361
317947
275497
196824
157084
423246
335935
314800
226587
180772
435955
332822
316392
431085
231500
357643
124757
262122
420110
405086
202481
176372
186215
142343
269126
151345
240434
291927
276006
199590
324815
238493
192906
347068
306336
132416
431208
159028
286879
341527
150319
354781
173954
193451
282511
222997
428167
422539
429706
284402
263342
165501
241316
201745
381983
424698
308571
276923
314971
196187
253790
410090
146823
431530
453513
322304
241603
373974
253699
134596
305724
104017
170071
145145
371599
344639
372611
345293
274582
271771
415662
114678
377125
165072
433171
256104
237948
134633
212574
309424
206237
168267
291229
338611
372363
265034
315204
157707
238267
326694
424898
193380
326759
186222
212122
156004
184762
182475
151937
416933
251916
138844
455724
206489
190896
365911
321072
311410
303617
319054
260448
250615
441707
258445
139147
102209
446516
323662
149128
182114
395695
300925
253121
207077
447778
143147
206466
400944
144051
280960
368596
391100
156248
413571
101814
456157
455858
240850
340791
263107
371201
449715
156692
334393
450213
432713
171930
255819
213702
392361
239434
438591
218466
127949
174227
187792
330224
248081
149441
281612
216476
375389
380524
170469
133995
137098
291243
148211
196107
452254
198943
219643
264653
421737
424078
195059
278562
116791
265871
294956
434871
164275
366792
427778
101566
279438
161018
358037
341658
154649
244380
376744
245920
251243
381324
444099
190357
240596
179564
372158
120192
205033
255418
228631
446527
136478
218988
133164
108246
268348
411866
168096
372024
128111
363313
197859
160776
441034
173228
176235
293110
424964
401810
315931
427189
437555
424808
379368
430501
230197
302375
106651
295222
169280
443942
202388
129252
141574
368997
164697
430444
146346
204243
431725
375510
152099
143937
216671
278955
375281
207507
119505
243119
245122
376588
100124
449722
257498
414773
454635
342108
372841
398316
315694
352177
406434
406334
317920
180061
348441
282882
448923
140692
194950
364294
420404
417938
181220
244762
364282
226139
405949
311836
100862
224476
156643
155953
150035
207288
192867
345914
217784
442099
247519
237830
388452
224390
406546
409096
114597
233464
173661
247838
383790
390304
354797
292026
244872
435037
298648
345926
290390
385862
410492
187924
170287
158725
333439
250456
269629
343987
449107
312805
251755
287674
155056
442284
357507
358856
412233
378410
356229
246095
349903
318977
158907
385856
443860
392147
239714
400433
372511
434021
271861
151431
248312
289415
255740
326665
320005
200822
185225
352866
101727
220131
174894
288236
209797
141838
310000
190067
143246
358890
118517
266781
235705
284308
237363
360576
234766
364604
304203
141018
371682
449175
164765
372635
380365
291935
290779
207209
123023
443911
171632
368649
327274
452972
345131
210082
419302
210521
110852
372591
131894
177194
173041
249189
228993
114155
409378
120049
333013
181533
437504
256255
224247
295537
116705
320401
226764
363104
214160
238533
380759
303867
262723
104464
415340
253054
257374
121084
194067
140914
407505
384223
114228
364795
208252
343715
184644
294467
190016
339086
297291
188582
142208
340915
144738
392744
333915
179039
140972
178481
215522
207627
122997
267719
423647
134027
310090
297661
219683
293079
317430
300091
344847
189831
369268
211149
422097
271707
202586
397484
265736
236983
347820
165719
226690
212330
118593
365561
101606
450932
433586
447615
216584
440678
393581
239129
175419
147944
142903
354400
408859
116762
154157
225658
343913
237405
305124
419559
284913
353420
351466
392448
262082
125857
374538
119819
417099
407639
362023
455566
105444
282496
257032
430776
164225
188250
300231
143985
141321
289533
312070
178674
329658
246440
448501
137554
188642
236254
399425
135983
445967
411795
141295
254507
181566
402299
403925
166992
325100
367420
419641
427112
375323
351793
189002
350030
247536
140783
340990
396524
286067
449521
424504
171329
184466
334575
310756
227378
288107
282716
113240
365111
273577
223374
180411
447162
164826
414005
443496
130112
176113
110120
355302
443465
414215
255514
223721
292877
165642
186067
284532
280689
108137
258909
139733
158999
421769
351272
204892
434231
147042
306728
407359
324975
360892
407103
415590
384421
337466
320531
245009
162213
426103
199974
243074
376192
394876
443899
420017
274231
203709
218940
381348
254463
129582
236208
138206
426261
366710
127765
370143
129967
103853
204422
113014
187469
100195
114088
450899
172756
232510
347466
302073
414387
140570
356799
303224
310572
353975
380088
306001
190079
197635
231980
109148
277194
394650
175616
101552
436487
212230
152435
449834
282883
218373
424468
426242
142346
392897
238661
439406
147558
227211
291649
449811
157412
311372
201523
322515
395514
108553
444337
424794
379697
446782
378088
106299
163890
188186
326895
328421
418624
263285
267772
306287
202193
451195
286280
183269
137247
156946
100396
112942
369029
417800
426301
106637
318085
100103
254912
368954
279249
346072
361280
227039
251227
445604
220526
123101
456056
292849
127088
388410
382248
196558
267554
291535
229679
164104
352513
280528
454951
120728
239569
169602
358575
326728
354125
181728
395458
344742
276452
344474
230943
372948
101335
394497
343447
389658
263063
436646
367764
344344
351493
369770
152581
217752
130096
159194
296488
202810
205314
273412
447501
271008
380736
149542
102307
273055
442916
452611
307681
109521
367054
142954
168172
389546
387733
103407
203818
234839
182703
350821
288124
391006
420600
101282
143978
205660
386396
419387
113981
378800
369814
224212
200563
222129
100971
261663
145546
267812
158130
120608
349591
434204
409178
423296
304285
227544
327736
427987
336114
258509
435290
117309
438704
360406
378178
257480
291079
412020
152498
433346
318922
160229
413125
137236
446828
229304
146851
203389
445910
161221
454602
227374
237956
347724
414893
204355
177598
377575
133925
226687
173131
290185
283473
221748
378380
422888
259979
130213
192478
180357
328803
236646
159347
177531
344070
455185
433803
177197
450247
143392
355668
113051
327778
377002
453993
408434
144279
346827
320169
111700
374415
255547
335162
190635
191830
415760
232286
214426
264839
129092
371190
118432
157750
345376
183185
219020
370318
382648
438699
210506
171389
296901
129522
391793
279818
186463
280852
194032
137190
141676
301340
280162
239984
437714
106492
210975
365983
341322
121336
103935
247887
182934
162042
453757
304116
166795
278822
263806
235959
234206
232946
137490
281046
227212
135287
263884
380593
124019
362626
307719
277932
389928
390022
429041
149646
352088
221029
113517
142818
334202
428737
443468
248061
236459
132098
389322
354756
440972
438669
123624
239512
100378
394949
399322
356692
180049
119508
394907
365963
449231
412403
374252
222607
436437
144846
165053
340124
398992
382558
322777
431193
143856
153610
307774
326630
220405
248793
365908
212582
244644
427566
262558
144687
196050
236001
439428
221013
300878
165870
422597
235360
431925
237839
451363
287379
402319
101749
232843
142425
165015
269783
227327
365517
420486
224629
107989
243512
116748
290859
265887
426794
253581
239601
426049
234602
374740
389228
192850
194859
385540
271414
161448
160221
172534
157878
427270
191829
387563
115855
335022
367718
179304
174447
312622
266130
205032
383726
382978
315776
327235
331424
261586
315127
151243
272497
133542
388718
362608
403895
349298
105162
225597
244161
355988
248625
329194
346408
151886
118433
351004
154632
366098
203510
302788
127678
441043
184397
445159
236815
379216
409142
387809
379539
236542
183963
127256
402685
312405
113954
213573
306371
259320
304694
285623
203147
162803
199940
235610
358486
332610
448731
273717
191716
260454
390891
275326
253636
441549
381474
379032
147634
244038
352115
173631
148685
383309
364466
312513
343759
156051
334496
390546
394532
344180
350663
195953
362909
143272
225087
162409
137028
452445
153115
102236
321240
378573
321619
152712
179353
393448
140113
323778
218968
209375
193504
338930
223273
379893
135442
126237
100316
217111
361365
165012
158702
196086
187836
182041
440067
122417
107346
156734
351432
414167
110252
156262
236099
116506
322365
267603
351712
303886
179930
332218
287600
105665
319003
407412
135696
346973
403272
362779
244988
269001
277495
446181
333103
328932
217767
325929
407992
151389
305100
306514
198011
363020
436907
283744
390217
203934
197774
411931
202265
439734
385000
414901
424487
163096
161598
409901
417200
434592
123436
307192
348636
177604
193546
121688
160987
331324
189994
418892
197309
372582
149466
165080
314901
297578
200647
231090
210303
289620
213160
323511
405889
130365
389577
216309
270197
415862
349486
330677
385556
186196
257863
253064
355373
381351
182801
449273
162038
410808
432631
310684
437255
199038
290947
432016
342630
346861
452841
189119
104214
216528
361216
284173
414247
384139
266677
287986
340875
270967
210757
389580
144273
160907
241053
278852
263197
374504
139163
285898
333325
185631
448537
337933
414571
225899
246438
213466
275207
230750
392842
234401
302832
273041
182141
303699
423221
195845
273616
165028
381239
426327
356543
303545
102762
358757
173767
415925
228660
344434
387133
422801
391711
245740
180219
436904
195427
341595
451292
297214
356936
397823
280584
206942
120022
311384
149097
195087
235169
289548
354341
295572
240160
361731
265067
265258
254746
153806
253541
291271
388156
126613
279427
369125
187166
243461
338629
203178
311454
212465
216500
118927
241826
329181
360247
324813
344187
113478
432387
136084
257377
171926
433286
206821
341914
369891
355401
150590
268933
265047
202542
120551
367773
379981
402828
120973
370583
100660
207126
308138
235422
171204
318327
430420
277293
285563
193905
126085
177222
428249
261168
254255
417211
219484
117098
417385
188244
421098
366922
121520
350024
175017
436866
279905
256536
243787
387959
360507
298915
433508
211124
118362
115111
280039
395580
113339
223362
301496
202723
206351
141029
263443
357237
329488
328952
354255
184678
336900
222455
263680
407352
408175
382197
393926
374651
340780
131649
112218
343558
143763
379908
102290
153791
191017
164769
274834
283867
176385
257693
360142
333595
446871
231057
418347
216950
418512
434919
215601
434498
405440
234140
361470
352076
112150
365090
409824
129865
321449
298688
157975
389782
180893
289154
354499
355762
199360
395697
113077
102543
346913
298407
170782
293348
197957
199938
372123
273804
355559
363211
269624
223935
387083
443358
138314
402912
297837
403587
198531
442336
211226
217975
156351
356372
442447
256514
444351
182503
384120
214303
102084
111195
342536
332024
192843
344517
274308
313282
444292
227123
407987
109082
248329
430236
220015
149301
298878
383292
411758
413952
421444
425339
344948
150098
346678
426062
236780
403533
386885
245320
268669
139852
435050
260354
283016
328119
217415
293156
209463
296085
422140
389067
368657
305222
413665
217193
285265
427576
366336
447661
290808
266609
266023
217670
191100
250518
217322
201971
213933
231327
421533
389501
447340
418187
269864
318542
442955
425570
237438
333294
244924
133100
400353
383284
444857
258218
266372
434071
169739
171653
110057
371622
377346
235158
389230
230051
198570
149674
231692
321408
221439
329640
341145
414834
417520
366633
210589
427974
179269
150394
291820
268266
359653
228611
350978
424175
256441
119004
127210
275790
137555
161493
209798
193175
253896
263910
316553
389556
157175
299044
297680
271705
258265
329270
439857
429346
162067
291363
121420
418189
141469
239435
427349
251664
284778
334920
404283
135920
456162
341186
109692
402800
169896
138059
406149
432989
146152
102631
104508
136595
263859
360335
431653
280202
193812
398402
228523
429371
109475
202173
158578
342623
125110
362180
337732
330733
392434
229035
341792
233902
440909
270923
206438
436608
389983
199317
445987
364608
344596
437085
246468
368716
323094
404486
295831
238824
207045
391349
366955
433753
115842
217157
147829
229907
252161
264218
434998
322294
271879
140659
446953
285158
350562
131146
139652
421040
424052
203572
145553
141994
107788
219757
401540
230643
125452
360922
424944
264706
244052
335548
258901
150336
360862
110366
450776
368951
223261
187457
407871
262946
370694
354968
170303
243415
207467
219972
271506
416232
168463
188047
407009
273659
329619
183914
128422
373708
434526
391084
394768
103376
305948
216836
383711
157669
306559
341567
209472
104484
166173
184506
144303
110873
280134
390906
380951
302262
261096
114536
200158
149497
140509
366822
179423
183029
160312
138048
390960
322970
431118
151590
385345
358578
154485
317918
399764
386896
139524
267701
176002
290870
377014
441962
266917
242903
151287
158405
106622
278658
110415
355882
327046
317109
447352
412340
125741
134444
451974
204018
105901
251408
420965
183083
313420
335304
152049
300378
105697
295844
305859
318136
239802
195093
375540
257555
200273
335725
426514
264413
170554
264730
187790
116887
289866
116809
180922
385748
423656
261030
247939
161828
197220
123692
268811
440420
182561
209438
425422
415059
160879
260839
361174
292260
250087
381613
139158
258161
277542
355367
332380
205634
283367
266063
289688
115989
289107
283851
367282
122524
182982
234558
129139
254227
302890
204367
286336
130579
293127
243738
252576
439916
138657
351781
399848
148588
413873
362059
407234
285362
314920
325507
294227
438945
284693
419074
235615
155166
210074
172154
451625
199689
410232
301726
206310
238466
352809
147924
423127
145163
418385
237155
249014
389598
275626
353149
163456
248884
153431
303879
414165
284514
165731
332136
274692
342219
399436
288987
368786
388982
292882
349896
136239
264725
152235
373829
321517
319442
396632
226821
225476
332918
186562
292111
188684
261453
156586
307492
387988
237569
417180
243553
157749
232454
302740
249618
303655
434839
123661
311216
245997
254557
219818
260168
224314
286293
277539
293719
109629
308563
100326
393848
417726
273714
181916
263146
241145
424172
322964
361344
427022
435338
423657
209903
218443
150470
434734
165187
330551
353156
220885
389452
186272
411562
243347
395236
358692
100269
166098
176874
138000
167723
264757
118832
145357
152854
154774
216443
240033
344661
306085
101924
179744
271283
200509
364111
365535
379682
224866
174883
145077
325463
257423
110654
186134
450103
418497
350158
310612
158899
427213
287078
135832
354992
198582
221607
141091
289681
242051
255157
314668
218726
293803
351540
323566
110291
187946
100838
322139
441495
231331
414495
182730
330417
257347
110476
426942
333329
175060
261831
249050
139863
316722
261074
288710
117262
301092
410109
354116
326379
327378
228635
131330
132697
248779
218770
237461
209783
379861
449187
328574
325871
223397
372340
324398
429988
352410
251491
403334
442211
112074
290268
239095
286385
286970
255836
341712
342640
311133
125173
135852
285560
248196
172981
336877
255624
124471
126810
355897
344791
431922
444363
219456
124118
248692
230183
361468
347751
420428
428798
199762
110090
136351
159916
413382
450874
230319
237930
122406
290776
249104
280670
110374
435198
278350
232097
109407
408461
155869
344389
432844
100634
140003
250238
117697
451843
348196
340273
425238
157161
277901
422989
281293
249037
110132
287505
142520
159970
361562
453447
321326
331226
169445
181067
402786
377124
254462
439246
382119
378805
282608
373366
393760
443021
387320
125296
184806
190464
257945
302001
174111
198958
128620
281821
394503
359045
322943
321977
165248
439946
217261
337709
413988
231418
213902
283967
236544
365620
195106
375899
202535
228966
194800
256520
203763
323702
394793
215960
352318
312398
392596
152241
341852
413782
253626
258874
156178
320497
355861
399502
342908
387710
239414
204792
276738
279168
349767
323061
293753
126854
201151
195195
366551
253359
342903
159138
234747
393230
166865
358853
360287
365147
198526
325333
370559
175256
177636
268713
126257
120662
158904
137302
435645
342905
179757
441093
219681
100146
167657
389916
207326
432701
103069
195490
295359
308726
239874
297014
412315
372366
106257
295548
185499
131380
326965
262602
385976
361037
197446
299267
424057
189475
339998
389801
136401
440515
310643
384010
365933
443604
175243
375954
326800
416004
242780
396734
290982
282610
350549
398905
175966
248074
207183
428570
227786
334883
311566
260861
149844
390763
390043
233616
219829
436946
429573
419284
300234
372620
256999
136055
429922
219441
383629
393122
128869
137330
418681
327380
164429
446360
268297
416642
154810
245197
204248
137019
251657
115227
419706
124237
227240
302354
207640
301917
214471
256800
428123
181725
232214
439349
118625
370612
432063
228454
312150
229495
361650
308848
216581
429639
413399
393044
177245
394770
184147
347216
195237
265554
439262
349634
434105
149868
272766
379306
307656
268288
305365
235670
165312
429865
419894
338562
113568
409842
245583
180211
184753
155615
312454
310149
411257
325004
347704
206390
376888
266779
231366
410050
409002
114530
439269
349090
406206
264427
333367
425058
364752
423812
393800
434320
434305
113231
336022
284569
447552
183319
203609
444156
181227
369635
142026
234292
100844
226753
416943
111046
291700
222792
287432
170399
147838
440844
150629
284724
227244
386687
308003
141661
401293
252408
211552
188805
334672
327526
328494
230476
193617
256645
394070
231287
124202
186691
420442
171451
343861
353408
396521
327711
325351
384499
226794
253554
419055
277405
107669
102911
103136
451393
359555
259659
127439
333318
186512
198586
433887
435726
254361
316359
350302
419380
358515
194886
111092
394780
386993
166502
273145
145571
213761
262212
158473
161809
340441
397443
238352
354537
131546
219522
272613
300713
253789
143049
162061
346279
175502
136562
235108
355623
125588
412375
445733
410655
367779
427332
385864
230095
154528
195682
455198
183500
100115
232970
276878
246865
328308
319411
215467
255950
211817
399335
386474
247542
204810
329906
122986
434278
188806
243378
191795
253781
108452
308044
247241
442999
406625
111974
425359
142769
159017
226967
106589
233848
404048
355113
250715
164879
192321
254624
299338
420041
292723
109494
224580
274843
366139
321904
276656
388305
393866
441756
340973
415398
437780
278051
312964
322308
363714
127973
264009
445261
217037
137141
244297
455665
332898
309760
226215
262199
250168
239032
418176
255116
254991
406772
153128
335816
250345
302619
454484
430069
226981
281000
416341
302022
341976
176369
447749
346868
280260
219104
374539
454914
405075
286329
254175
306170
448715
172810
147448
311377
249498
442601
222277
387328
326408
281830
408473
159458
271885
145959
292129
358146
142176
413825
294488
450313
236310
145906
133707
378741
366527
185613
238175
232013
211432
444145
402059
382659
270848
436795
268991
438376
332230
374944
280951
398366
243804
238920
356228
178195
288385
271350
342094
236164
114665
444535
269040
339898
219662
207120
263384
328921
430511
415321
394194
394143
180619
118629
174731
234883
190370
232448
293484
214029
413154
328146
374036
350388
111117
113437
334776
131230
453839
323447
328373
169266
438104
208525
392490
424385
234652
367815
316333
213699
316875
228024
324195
270525
241580
222402
206512
226278
178940
306058
173681
389050
135861
438391
399488
172148
208011
185905
218533
389017
431050
323175
172375
371184
335545
122172
437400
208904
445664
259011
370759
441068
339717
199758
293109
317262
395766
189713
398164
119902
305608
416493
420139
127434
142096
324478
284829
342954
170089
392767
234252
406829
128547
144942
203140
272549
393145
157167
150513
348645
143179
265120
173938
352957
112890
434689
290017
231213
208729
259936
303745
454249
211288
306754
287663
175572
432723
221167
366801
112836
180561
423865
207292
274879
347778
118488
301839
130031
183327
233414
335034
144230
378593
225398
406412
345462
419996
130288
259606
122515
341517
251283
421820
185097
270075
171609
269951
104209
232921
443787
230247
336369
272839
419872
448627
421389
358473
314208
315796
289661
315716
429720
385793
133187
321554
343509
228623
421092
335201
430141
434082
406151
162593
342763
253226
245397
273915
166388
388885
355797
284330
178090
439948
217934
107195
389766
191216
178266
308183
165318
119957
331072
261295
222077
163545
399553
425305
109528
371315
394577
101112
372560
311320
213176
173699
222272
394011
380961
355272
444198
435847
341486
294367
448325
301879
194742
236738
230466
339576
412927
180016
394660
184427
288865
440648
243995
325532
227815
329151
297841
379632
263927
354574
170628
168659
110678
147028
406180
290240
414297
432519
369226
309438
314834
179029
296186
203028
362553
280987
232548
291884
105033
189983
294747
235339
410541
113389
356479
342922
327599
160691
419670
221690
268722
304001
380265
333714
227548
333681
428560
167336
424902
404824
118206
414099
445400
207490
293449
431115
212172
422783
375914
305262
169096
255359
238857
357178
201636
395329
143208
374248
333751
443140
344574
206618
262927
364708
345911
400641
105048
148259
315197
322882
302731
367448
334550
107155
176673
260209
445782
157833
313684
281898
162996
293730
305551
152112
189619
439798
126287
332903
269327
448444
280056
354888
369747
262003
426969
233573
291405
140092
426415
107191
128645
446848
403038
330972
191331
405248
421633
182454
302272
306737
188984
228146
145267
448403
178818
247996
293245
157219
162581
192083
116074
202651
120883
424474
162530
261636
442844
295732
321395
225458
176488
233728
151044
121845
393643
203030
109419
119687
298045
406535
148037
185104
164893
217834
444135
205536
159177
224295
131225
217922
320598
112247
254758
257059
402514
193743
226935
446646
164416
421881
119640
369118
136405
369644
316873
449342
252436
129452
211283
236848
310175
278062
374329
430006
401887
296305
451779
108258
139033
205317
279738
214784
340722
139751
133680
396970
270913
345311
110574
263687
321104
373144
175918
445276
267367
202942
377026
102275
330500
229983
379801
122464
387732
313854
146207
367045
263838
285820
324546
291743
309105
316790
184565
380323
362793
239878
213652
415803
186559
252977
280073
278669
344943
341500
398607
376851
203942
442352
101914
102531
211678
381690
187965
162906
142702
199644
104989
392402
161776
192748
416800
167221
214618
422730
432964
124842
275535
312924
317999
143569
266013
102402
253753
392313
412968
312144
430093
373655
254867
187098
449065
279269
100650
395656
254687
298466
200643
288538
119737
446021
142158
313654
351224
101070
397942
226743
216017
112327
321611
284938
173843
293919
361384
369656
216986
104307
331013
311389
106254
322145
322745
433807
253256
202919
243507
133116
251290
298418
240611
314924
111417
218005
308813
347345
174817
259910
443453
439429
116810
290651
147508
233420
329259
186118
123769
453472
221810
184639
177773
399486
259191
349160
156482
385160
411056
418418
156359
278504
268636
252409
180326
393338
361484
256399
234514
332936
277631
326174
256953
241589
337383
185361
211906
400074
138515
161648
422757
366316
209509
113441
143186
355652
279344
445715
354466
177945
342538
267563
316401
274676
196167
199838
251814
317782
360983
321290
348046
212195
223443
236382
230980
351731
362939
384903
219268
455954
233465
110819
416468
373676
211968
447130
332394
412774
190799
281481
315082
329019
383650
337263
430966
384813
378175
384795
345378
325977
397934
136756
306466
154802
306780
377438
220553
421275
219857
318365
323460
115664
365745
174799
248123
267409
150288
261158
418538
266691
221127
123481
392451
103423
290420
397409
308437
330504
387432
193571
310133
332767
132520
142823
264543
335847
235308
395690
356421
378804
143799
391709
324775
105944
333095
237742
439401
424935
261527
375199
370942
279514
211538
170650
187016
327563
369228
261717
210119
235502
363332
378904
133519
152727
364570
441553
408140
169922
438234
134340
348198
384095
397246
107708
419605
345801
380472
349999
346813
338654
181253
317807
267846
336997
446903
291684
133135
319470
432179
340230
254332
383844
282707
357729
291374
420133
145535
233715
128982
137197
322575
127253
163914
402413
217372
263982
136304
258324
110508
419597
282967
315411
350232
189495
106847
218182
151705
127408
273991
370251
298755
103017
357040
166620
173025
440157
422950
114377
127280
299617
133155
384616
334314
437958
437600
449990
225816
210346
125013
164988
119073
288449
163178
370001
423491
181493
178696
450567
406984
352574
223800
227838
292209
223746
280645
142695
201888
154984
361442
362842
369389
165088
225356
173672
285799
311852
440284
325441
449584
325407
226878
172069
254297
422569
132099
258447
176899
305167
126944
188870
428381
372952
255940
292083
219254
126177
292478
215075
164743
173463
147977
168539
360495
294283
391978
291778
262923
115879
379003
238043
211842
379791
287676
359025
123487
445486
249376
277881
314565
323564
175785
312165
155552
110577
139759
104945
140713
124541
230729
103055
323531
303190
195221
269359
226817
446520
400984
356914
282054
221831
419614
153820
308151
199395
143637
156886
199035
359006
236114
335896
342179
269325
127521
296629
392043
320174
387239
383823
384620
384473
281746
403148
347295
236088
267442
436253
422824
350145
173516
236265
407187
361359
130232
362245
412334
312457
269097
446250
247308
320051
215373
270359
413412
269400
124211
399880
408313
140249
352184
388874
255708
307490
228555
449073
225155
453719
182811
238036
126040
149306
330669
274404
428400
148848
115994
186680
363631
107716
121291
160477
337937
163720
160495
197373
452378
366647
416844
160311
355429
164137
130026
244374
189802
441259
118958
437620
355936
350092
387161
192250
275196
265176
317295
356631
321901
437782
206813
356313
373100
387496
198785
453787
153631
132196
341698
239403
232143
435907
319328
105410
271817
309943
389119
169843
306781
401376
260974
239208
217818
304697
316102
179999
356420
109793
343262
438680
152149
379369
406232
202244
392791
441845
372836
227095
283272
119872
186941
177793
136089
245649
276083
284704
229308
221091
284542
253599
411469
322125
360117
160912
266645
304882
171500
250978
128808
219357
204302
197702
230129
419663
116330
237779
166527
245789
399687
101127
359573
360866
126858
342231
406640
159497
306096
143009
443003
158970
200880
146431
174370
362538
391000
229092
174724
106828
249138
419528
266778
266985
291288
428662
433465
435427
137115
410574
344305
296879
393043
163359
325559
250385
336640
270478
320893
443322
154183
243422
441496
303851
278546
414429
278494
325143
383882
318889
358526
358303
167496
212010
178277
329699
443523
447510
454803
340815
301959
389524
224780
409888
421159
327538
140220
196923
383228
301793
278574
440992
429730
368958
142862
399415
347563
204347
293844
308367
354779
143887
306196
427230
361542
389332
418429
385654
195499
430733
230609
106466
218629
449031
220912
285107
414300
260141
213042
323882
292036
272429
208568
441806
123672
398957
102646
339080
191620
365195
386702
356272
239590
290767
337349
299245
263583
107493
115682
166408
244771
397296
196806
328301
101463
216123
282523
251925
219242
217896
139094
237504
168641
254505
138864
231187
219299
116792
420096
386466
160590
141442
353893
234424
192588
234212
386067
340481
157700
439023
417908
347520
178244
305955
239626
260689
334410
196725
362724
391593
224603
260787
349217
350105
266966
348618
435994
333511
153309
445088
409329
263439
285503
385316
119201
324245
393583
429917
139210
273453
108152
316949
379398
392262
368377
203453
347567
389699
308400
116061
108133
111591
133459
175449
396178
122335
252394
185372
101492
420533
289322
225272
361921
372009
157063
183094
422571
264629
376864
437072
175165
290573
226727
328613
406580
333148
205468
185002
221862
381958
384084
146930
357923
377612
203467
304127
432968
318870
448775
407372
114252
256237
363594
177278
236909
160846
212394
397837
417978
175328
337213
167070
246719
249051
155175
156899
454253
136954
319779
336058
205270
424065
390248
185437
357101
306639
159309
293921
409721
430470
262735
263274
456207
232595
438110
363099
387700
117386
407701
341402
178153
117197
247096
142593
136196
188545
343760
371610
352790
132515
115976
350793
191155
358616
352509
205481
429133
247471
217105
321729
318707
161320
191136
252138
178323
273748
241803
310335
447827
273561
223828
181232
197798
280735
288894
380454
357664
256945
363304
251792
280487
382838
153468
212365
179143
393619
241884
365331
133076
438491
366665
212285
296574
169807
172306
325597
419366
112043
280476
244337
323467
443341
428927
249599
383223
275035
434853
407649
327067
240542
429152
246261
176274
373298
143888
212644
179439
160163
272456
379245
144985
374821
151926
240598
240682
178274
139450
400060
219674
234312
288024
197909
161557
448396
214747
441503
104950
231479
106432
150754
403200
287413
134681
155571
304550
395781
370576
404255
402011
373950
325071
354915
213532
153255
398946
425138
369499
395323
254703
101102
322620
414525
374513
289282
228484
159377
263382
185413
304963
141188
209818
398514
