409796
419588
188484
132446
225593
428181
399806
371237
452566
346559
114851
328731
316790
244712
217052
222527
242907
425847
308046
327463
292695
138422
402131
370187
292588
348578
403995
238780
263976
358814
322916
110217
163405
198022
382064
397186
357505
245950
145217
255668
337792
455233
392377
178179
223386
349158
149807
136859
277160
352911
299461
271323
444247
183399
121860
423245
415500
165098
388569
253344
432697
268924
228912
337498
230577
309559
310641
413345
116755
379968
196670
454026
181854
448562
209813
369709
145715
334852
427360
176152
