409796
419588
188484
225593
428181
399806
371237
149828
114851
328731
446623
316790
373062
222527
242907
425847
308046
327463
406426
245148
402131
292588
348578
219543
398931
403995
263976
358814
302820
322916
163405
352280
382064
386711
357505
325957
245950
156836
264640
392377
223386
226598
349158
149807
136859
277160
352911
299461
271323
444247
183399
121860
423245
415500
165098
388569
253344
432697
268924
228912
380078
337498
230577
309559
310641
455213
437240
116755
346012
414813
196670
454026
181854
448562
209813
179850
369709
145715
427360
176152
