419588
188484
132446
225593
428181
371237
452566
346559
149828
328731
446623
316790
244712
373062
217052
222527
425847
292695
406426
245148
138422
402131
370187
348578
219543
398931
403995
238780
263976
302820
322916
110217
352280
198022
382064
386711
397186
357505
325957
245950
145217
156836
255668
337792
264640
455233
178179
226598
349158
149807
136859
277160
352911
299461
444247
423245
165098
388569
253344
432697
268924
380078
337498
230577
310641
455213
437240
413345
116755
346012
379968
414813
196670
454026
448562
209813
179850
334852
427360
176152
