409796
188484
132446
225593
428181
399806
452566
346559
149828
114851
446623
244712
373062
217052
222527
242907
308046
327463
292695
406426
245148
138422
402131
370187
292588
348578
219543
398931
403995
238780
358814
302820
322916
110217
163405
352280
198022
386711
397186
357505
325957
145217
156836
255668
337792
264640
455233
392377
178179
223386
226598
349158
136859
271323
183399
121860
423245
415500
432697
228912
380078
337498
309559
310641
455213
437240
413345
346012
379968
414813
196670
454026
181854
448562
209813
179850
369709
145715
334852
427360
