409796
419588
132446
399806
371237
452566
346559
149828
114851
328731
446623
316790
244712
373062
217052
242907
425847
308046
327463
292695
406426
245148
138422
370187
292588
219543
398931
238780
263976
358814
302820
110217
163405
352280
198022
382064
386711
397186
325957
245950
145217
156836
255668
337792
264640
455233
392377
178179
223386
226598
149807
277160
352911
299461
271323
444247
183399
121860
415500
165098
388569
253344
268924
228912
380078
230577
309559
455213
437240
413345
116755
346012
379968
414813
181854
179850
369709
145715
334852
176152
