418702
378515
179643
158126
309340
121807
312990
182799
129035
286872
224342
314119
262046
135946
388407
202094
354049
209527
401777
218402
377582
325171
316490
185970
291929
208003
197985
362195
414512
389545
128633
280786
397607
415327
413120
218702
316470
323497
214747
444175
378772
247817
263807
341856
194282
156671
413899
398076
396634
438730
335482
249021
241383
168002
150676
142867
232002
440400
184020
307469
155925
402439
100244
321494
429776
404918
215136
434447
351473
393652
130106
278302
244208
151819
361868
217454
449175
315745
268996
213174
