207944
418702
378515
179643
158126
309340
312990
409588
182799
129035
244842
224342
314119
373958
135946
388407
202094
354049
354263
209527
218402
316490
185970
291929
421468
208003
197985
362195
389545
128633
280786
397607
314002
294340
415327
451477
413120
218702
323497
214747
378772
247817
389255
263807
341856
194282
156671
399317
413899
396634
438730
194549
249021
168002
150676
142867
145127
407379
374845
232002
184020
453703
155925
190148
100244
321494
404918
215136
102627
351473
393652
332217
130106
278302
244208
449175
315745
268996
213174
225176
