207944
418702
179643
158126
121807
312990
409588
182799
244842
286872
224342
314119
373958
262046
202094
354049
354263
209527
401777
218402
377582
325171
316490
185970
421468
208003
197985
362195
414512
128633
397607
314002
294340
451477
413120
316470
323497
214747
444175
378772
247817
389255
341856
399317
398076
438730
194549
335482
249021
241383
150676
142867
145127
407379
374845
232002
440400
307469
453703
155925
190148
402439
100244
321494
429776
404918
215136
434447
102627
351473
332217
130106
244208
151819
361868
217454
449175
315745
268996
225176
