207944
418702
378515
309340
121807
312990
409588
129035
244842
286872
224342
373958
262046
135946
388407
202094
354049
354263
401777
377582
325171
316490
185970
291929
421468
362195
414512
389545
280786
397607
314002
294340
415327
451477
413120
218702
316470
323497
214747
444175
247817
389255
263807
341856
194282
156671
399317
413899
398076
396634
194549
335482
249021
241383
168002
145127
407379
374845
440400
184020
307469
453703
190148
402439
321494
429776
434447
102627
351473
393652
332217
130106
278302
244208
151819
361868
217454
449175
213174
225176
