207944
378515
179643
158126
309340
121807
409588
182799
129035
244842
286872
314119
373958
262046
135946
388407
354263
209527
401777
218402
377582
325171
291929
421468
208003
197985
414512
389545
128633
280786
314002
294340
415327
451477
218702
316470
444175
378772
389255
263807
194282
156671
399317
413899
398076
396634
438730
194549
335482
241383
168002
150676
142867
145127
407379
374845
232002
440400
184020
307469
453703
155925
190148
402439
100244
429776
404918
215136
434447
102627
393652
332217
278302
151819
361868
217454
315745
268996
213174
225176
