439341
145457
456146
366329
415127
181645
212284
333586
144994
409752
275050
191155
164760
248088
250174
178709
404333
239183
108005
304278
286933
423601
223657
166232
266563
229458
216775
112697
299737
453307
330315
410164
284715
204514
293762
307211
131837
261909
397355
155112
295557
373771
240180
151548
344710
205624
421034
223024
231623
322443
292606
350296
180428
434425
138636
284450
437859
254038
181776
389229
128333
285141
445364
144655
277490
113031
215245
123351
225385
139072
410610
311576
350249
230305
402581
191541
305918
262619
314506
212108
383504
275033
387974
445404
366521
111953
243101
348203
385246
132090
146465
263039
294478
177777
232268
170402
447733
341106
344801
334661
257512
401927
137501
101463
424303
168605
108359
188201
152132
159573
164613
236111
167421
171737
215305
386895
346508
239699
303692
293323
245581
163130
145596
265637
441214
183110
248449
189385
439442
238734
121452
179698
299243
284390
140292
114255
442942
206998
211185
333553
454119
120534
258076
215633
451501
368588
275626
323188
409266
401516
337549
248540
203180
379498
441897
172739
267171
116283
283602
163294
348683
416849
291716
392726
113208
174027
155826
432087
414111
124540
311643
376819
105650
420682
239133
124427
281203
106066
314871
141262
260152
119105
276499
140041
262570
414196
270403
322475
401122
352783
132758
422417
454667
136875
209414
332295
393476
251206
405757
143856
283392
150345
267078
441558
418159
266991
122164
210852
345897
320965
289407
283225
356069
101070
141021
133210
305585
391303
421570
397676
314479
202166
319328
248574
222484
428255
443288
341255
347836
224535
213587
376469
125932
261100
437777
342749
394573
208703
218590
402395
399507
364174
263300
125850
277496
265235
136781
175137
139048
228711
299490
114052
452304
213662
384241
340047
416045
184761
286628
204002
365884
173267
185834
426642
324292
346895
249054
219537
167827
341976
389519
221898
371868
382346
452385
200674
155878
142252
123001
239594
180840
337380
384598
146905
396455
335197
293431
375138
242601
251375
203065
112652
285373
181218
248501
220508
176155
132689
186186
223025
427739
354233
236949
104152
183989
317694
251551
431747
342159
194840
387760
240373
302994
386101
159980
171861
331718
155072
367076
349292
373460
337553
117079
164387
386087
406530
262799
423053
183983
162922
216285
182174
370901
191268
151884
110451
137416
172399
431628
395970
327805
356858
107372
381551
330967
301117
403015
306486
203715
353380
293793
221475
294826
308227
400959
185486
430621
112929
303847
241212
376845
142606
436475
112174
298305
336126
150079
150095
297701
206102
368781
219255
427904
205482
298021
256408
146467
190267
352169
234905
426733
450340
146670
323671
324935
241104
225081
359557
232284
286958
384324
257739
265885
290424
386247
158802
189468
135352
220251
171003
418554
442810
103396
428381
167563
318002
189887
331726
211765
346098
109745
423291
315598
403226
392620
353878
226003
209603
174772
103160
193714
384756
142071
104590
380108
287094
128711
220716
270352
405017
369204
166624
131951
420562
191400
316061
161101
308411
296841
377040
267110
205536
419089
375987
314529
127656
195554
398965
153320
144509
126308
230308
272960
190421
108673
143873
395469
311367
100715
340083
181546
449496
108369
413272
109302
111990
193857
407529
181608
433185
250538
172858
294153
250757
429118
212566
245474
239052
320088
419729
336138
208763
208705
199383
373211
171693
196335
165815
448782
416186
277230
238521
142455
434688
413432
398909
425267
271111
117643
256877
421043
295810
284913
330586
261417
216946
345681
131660
381658
188259
426150
169183
106143
108223
178870
189576
319632
237975
297966
277482
215158
364081
451409
353922
396298
309110
421597
230794
170244
239681
403615
444164
187190
380223
205764
116232
356319
364082
307410
129398
175727
311371
349177
202752
109899
309991
365220
178662
156052
342923
252442
280605
331934
384626
264683
366562
340179
147520
135736
260798
394654
354283
375581
183955
393567
255164
259663
261710
141665
320516
391150
268432
294585
173984
313551
197526
155775
386027
120301
438642
163243
154579
422441
206650
104809
278274
211172
391231
409594
144478
366814
164195
372457
321405
101582
288883
318569
153489
104173
171041
246534
378093
292814
423142
322324
405288
168164
271900
248413
283974
427846
438903
313234
376870
177106
259809
437477
329572
252134
142274
151936
391620
243733
128691
278399
252628
330367
412549
104687
326139
374640
286879
342724
247697
299256
149547
356091
172535
325561
136074
