439341
145457
456146
215312
415127
181645
445244
212284
333586
409752
275050
191155
248088
250174
178709
404333
239183
108005
304278
286933
423601
153085
403204
166232
266563
229458
112697
357856
427959
299737
453307
330315
410164
284715
204514
293762
131837
261909
155112
373771
240180
151548
344710
205624
421034
223024
231623
322443
292606
180428
434425
284450
437859
254038
181776
389229
157073
128333
166481
285141
445364
277490
113031
215245
424308
123351
225385
381230
410610
311576
350249
230305
402581
191541
132987
262619
314506
212108
313962
275033
324035
387974
445404
438431
348203
110608
385246
137310
132090
285205
146465
263039
294478
232268
170402
447733
341106
344801
314485
334661
111301
227110
153861
257512
401927
101463
424303
108359
188201
152132
164613
236111
167421
171737
215305
386895
346508
239699
303692
293323
245581
145596
265637
279961
183110
336557
248449
189385
439442
260623
322554
396702
152223
121452
299243
284390
140292
114255
442942
206998
320848
119950
333553
120534
365283
451501
368588
275626
323188
409266
401516
337549
248540
168763
334087
203180
379498
441897
183199
172739
267171
283602
286775
348683
328469
416849
277039
291716
113208
174027
124540
311643
309437
376819
143220
192456
239133
124427
281203
106066
357682
314871
403610
141262
260152
276499
262570
270403
322475
401122
105258
352783
132758
422417
454667
136875
209414
117594
251206
405757
150345
267078
441558
418159
266991
122164
425510
210852
360210
320965
289407
283225
356069
101070
350789
129493
305585
258377
226521
397676
314479
106235
202166
428255
443288
341255
347836
436258
224535
213587
376469
446439
379881
261100
370447
394573
208703
218590
402395
399507
301594
364174
374947
257371
263300
125850
277496
265235
136781
216584
175137
139048
191023
299490
360115
114052
452304
314934
213662
384241
340047
232484
416045
416120
286628
204002
424759
436594
357587
365884
173267
185834
426642
324292
346895
249054
241135
219537
167827
341976
221898
379340
371868
286801
452385
200674
418797
155878
274884
142252
123001
239594
180840
337380
378489
396455
335197
293431
182077
319867
375138
242601
251375
285373
181218
248501
220508
132689
194136
186186
223025
427739
309092
354233
104152
387646
183989
317694
251551
431747
194840
387760
240373
302994
386101
159980
171861
290848
331718
155072
344048
367076
349292
373460
337553
117079
164387
386087
406530
242528
423053
379952
162922
241620
243919
182174
370901
191268
151884
110451
122877
137416
172399
287344
327805
356858
107372
338646
213080
381551
330967
301117
234164
230070
306486
108906
353380
221475
290222
294826
308227
112929
303847
241212
376845
142606
436475
304513
298305
336126
150079
150095
297701
206102
219255
205482
298021
209677
256408
385940
240263
190267
352169
190292
234905
426733
329350
450340
107944
188942
146670
323671
324935
261048
241104
225081
359557
333892
286958
384324
265885
386247
158802
189468
135352
115941
376605
442810
239050
428381
167563
318002
239979
143643
346098
109745
423291
315598
403226
392620
353878
209603
174772
103160
193714
384756
142071
444007
104590
380108
193988
369204
166624
131951
420562
316061
402241
161101
308411
377040
267110
205536
314529
178508
127656
195554
144509
197749
108673
455570
143873
395469
311367
267719
138511
181546
108369
109302
268987
111990
193857
407529
181608
416064
190095
433185
250538
172858
294153
344476
182657
303550
422116
212566
245474
239052
320088
419729
420200
208763
208705
199383
373211
171693
196335
341313
277230
238521
444969
142455
434688
367412
398909
425267
197521
271111
117643
256877
234676
327371
211708
421043
295810
284913
147289
410189
330586
261417
345681
131660
188259
426150
169183
106143
108223
189576
319632
349754
406226
297966
124685
364081
451409
353922
396298
390562
421597
239681
444164
365513
187190
380223
205764
214821
116232
356319
307410
175727
349177
202752
165359
109899
309991
365220
430327
342923
252442
280605
331934
384626
366562
340179
147520
260798
394654
428414
375581
183955
412517
393567
259663
235719
164847
261710
141665
320516
391150
375743
173984
336079
165471
205887
313551
155775
120301
163243
154579
422441
104809
329728
278274
391231
183152
144478
366814
164195
321405
270936
101582
288883
318569
104173
367345
230597
171041
246534
292814
363945
410709
271900
283974
427846
352461
376870
177106
425349
424706
326740
437477
329572
142274
151936
391620
243733
128691
278399
252628
330367
104687
451191
374640
286879
342724
247697
299256
149547
368250
172535
325561
136074
