439341
145457
456146
215312
366329
415127
181645
445244
212284
333586
144994
409752
191155
164760
248088
250174
178709
404333
239183
108005
304278
286933
153085
403204
223657
166232
266563
216775
112697
357856
427959
299737
330315
410164
284715
204514
293762
307211
397355
295557
373771
240180
151548
205624
421034
223024
292606
350296
180428
138636
437859
254038
181776
389229
157073
128333
166481
285141
445364
144655
277490
113031
215245
424308
123351
381230
139072
230305
402581
191541
132987
305918
314506
313962
383504
275033
324035
387974
445404
366521
111953
438431
243101
110608
385246
137310
132090
285205
146465
263039
294478
177777
232268
170402
341106
344801
314485
334661
111301
227110
153861
401927
137501
424303
168605
108359
188201
152132
159573
236111
167421
171737
386895
346508
239699
303692
163130
265637
279961
441214
183110
336557
189385
439442
260623
322554
396702
152223
238734
121452
179698
299243
284390
140292
206998
320848
119950
211185
333553
454119
120534
258076
365283
215633
451501
368588
275626
323188
409266
168763
334087
379498
441897
183199
172739
116283
283602
286775
163294
348683
328469
277039
291716
392726
155826
432087
414111
311643
309437
376819
105650
143220
420682
192456
239133
124427
281203
106066
357682
403610
141262
119105
140041
262570
414196
270403
322475
105258
132758
422417
454667
136875
209414
332295
117594
393476
405757
143856
283392
441558
418159
266991
122164
425510
210852
360210
345897
289407
283225
356069
350789
129493
141021
133210
258377
391303
226521
421570
314479
106235
202166
319328
248574
222484
341255
347836
436258
224535
213587
376469
125932
446439
379881
261100
437777
342749
370447
394573
208703
218590
402395
399507
301594
364174
374947
257371
277496
216584
175137
139048
228711
191023
299490
360115
452304
314934
213662
384241
340047
232484
184761
416120
286628
204002
424759
436594
357587
365884
185834
426642
346895
249054
241135
219537
341976
389519
221898
379340
371868
286801
382346
452385
200674
418797
274884
142252
123001
239594
180840
384598
378489
146905
396455
335197
293431
182077
319867
251375
203065
112652
285373
181218
248501
176155
132689
194136
186186
309092
354233
236949
387646
317694
251551
342159
194840
387760
302994
386101
159980
171861
290848
155072
344048
349292
337553
117079
164387
386087
406530
262799
242528
423053
183983
379952
162922
216285
241620
243919
182174
191268
122877
137416
172399
431628
287344
395970
356858
338646
213080
381551
301117
234164
230070
403015
108906
203715
293793
221475
290222
294826
400959
185486
430621
241212
142606
436475
112174
304513
298305
336126
206102
368781
219255
427904
205482
209677
256408
385940
146467
240263
190267
190292
234905
426733
329350
450340
107944
188942
323671
324935
261048
359557
232284
333892
257739
290424
135352
220251
115941
171003
418554
376605
442810
239050
103396
428381
167563
189887
239979
331726
211765
143643
423291
315598
403226
392620
226003
209603
174772
103160
384756
142071
444007
104590
193988
287094
128711
220716
270352
405017
369204
420562
191400
316061
402241
161101
296841
377040
267110
205536
419089
375987
178508
195554
398965
153320
144509
197749
126308
230308
272960
190421
455570
395469
100715
267719
138511
340083
449496
108369
413272
109302
268987
111990
407529
416064
190095
433185
250538
172858
344476
182657
250757
303550
429118
422116
212566
239052
320088
336138
420200
171693
165815
341313
448782
416186
277230
238521
444969
434688
367412
413432
398909
425267
197521
271111
256877
234676
327371
211708
421043
295810
284913
147289
410189
216946
131660
381658
178870
319632
349754
406226
237975
297966
277482
124685
215158
396298
309110
390562
421597
230794
170244
239681
403615
365513
187190
380223
214821
116232
364082
307410
129398
175727
311371
349177
202752
165359
109899
309991
178662
430327
156052
342923
252442
280605
331934
264683
366562
340179
147520
135736
260798
354283
428414
375581
183955
412517
393567
255164
259663
235719
164847
261710
141665
320516
391150
375743
268432
294585
336079
165471
205887
197526
155775
386027
120301
438642
163243
154579
206650
104809
329728
278274
211172
391231
409594
183152
144478
366814
164195
372457
321405
270936
101582
288883
153489
104173
367345
230597
378093
423142
363945
322324
405288
410709
168164
248413
283974
427846
438903
313234
352461
376870
177106
259809
425349
424706
326740
437477
329572
252134
142274
151936
243733
278399
252628
330367
412549
104687
451191
326139
374640
342724
299256
149547
368250
356091
172535
136074
