456146
215312
366329
415127
181645
445244
144994
275050
191155
164760
248088
250174
404333
239183
286933
423601
153085
403204
223657
266563
229458
216775
357856
427959
299737
453307
330315
307211
131837
261909
397355
155112
295557
240180
151548
344710
421034
231623
322443
292606
350296
434425
138636
284450
254038
181776
157073
166481
285141
144655
277490
113031
424308
123351
225385
381230
139072
410610
311576
350249
402581
132987
305918
262619
212108
313962
383504
324035
445404
366521
111953
438431
243101
348203
110608
385246
137310
285205
263039
294478
177777
232268
447733
314485
111301
227110
153861
257512
401927
137501
101463
424303
168605
152132
159573
164613
236111
167421
215305
386895
239699
293323
245581
163130
145596
279961
441214
336557
248449
189385
439442
260623
322554
396702
152223
238734
121452
179698
284390
140292
114255
442942
206998
320848
119950
211185
454119
120534
258076
365283
215633
275626
323188
409266
401516
337549
248540
168763
334087
203180
441897
183199
267171
116283
283602
286775
163294
348683
328469
416849
277039
392726
113208
174027
155826
432087
414111
124540
309437
105650
143220
420682
192456
239133
281203
357682
314871
403610
260152
119105
276499
140041
414196
270403
322475
401122
105258
352783
454667
136875
209414
332295
117594
393476
251206
405757
143856
283392
150345
267078
441558
418159
266991
122164
425510
210852
360210
345897
320965
289407
283225
101070
350789
129493
141021
133210
305585
258377
391303
226521
421570
397676
314479
106235
319328
248574
222484
428255
443288
347836
436258
224535
213587
125932
446439
379881
437777
342749
370447
399507
301594
364174
374947
257371
263300
125850
265235
136781
216584
139048
228711
191023
360115
114052
314934
213662
232484
416045
184761
416120
286628
424759
436594
357587
365884
173267
185834
426642
324292
241135
219537
167827
389519
379340
371868
286801
382346
418797
155878
274884
142252
180840
337380
384598
378489
146905
293431
182077
319867
375138
242601
251375
203065
112652
181218
220508
176155
194136
223025
427739
309092
354233
236949
104152
387646
183989
431747
342159
194840
240373
302994
386101
290848
331718
155072
344048
367076
373460
337553
386087
406530
262799
242528
423053
183983
379952
216285
241620
243919
182174
370901
151884
110451
122877
137416
431628
287344
395970
327805
356858
107372
338646
213080
381551
330967
234164
230070
403015
306486
108906
203715
353380
293793
221475
290222
308227
400959
185486
430621
112929
303847
241212
376845
142606
112174
304513
298305
336126
150079
150095
297701
206102
368781
427904
298021
209677
256408
385940
146467
240263
190267
352169
190292
234905
329350
450340
107944
188942
146670
261048
241104
225081
359557
232284
333892
286958
384324
257739
265885
290424
386247
158802
189468
135352
220251
115941
171003
418554
376605
239050
103396
318002
189887
239979
331726
211765
143643
346098
109745
423291
403226
353878
226003
209603
174772
193714
384756
142071
444007
380108
193988
287094
128711
220716
270352
405017
369204
166624
131951
420562
191400
316061
402241
308411
296841
267110
205536
419089
375987
314529
178508
127656
398965
153320
197749
126308
230308
272960
190421
108673
455570
143873
311367
100715
267719
138511
340083
181546
449496
413272
268987
111990
193857
407529
181608
416064
190095
172858
294153
344476
182657
250757
303550
429118
422116
245474
239052
419729
336138
420200
208763
208705
199383
373211
196335
165815
341313
448782
416186
238521
444969
142455
367412
413432
425267
197521
117643
234676
327371
211708
147289
410189
330586
261417
216946
345681
381658
188259
426150
169183
106143
108223
178870
189576
319632
349754
406226
237975
297966
277482
124685
215158
364081
451409
353922
396298
309110
390562
421597
230794
170244
403615
444164
365513
205764
214821
116232
356319
364082
307410
129398
311371
349177
202752
165359
109899
309991
365220
178662
430327
156052
384626
264683
366562
340179
147520
135736
260798
394654
354283
428414
375581
183955
412517
393567
255164
235719
164847
261710
375743
268432
294585
173984
336079
165471
205887
313551
197526
386027
120301
438642
154579
422441
206650
104809
329728
278274
211172
409594
183152
366814
372457
270936
101582
318569
153489
367345
230597
171041
246534
378093
292814
423142
363945
322324
405288
410709
168164
271900
248413
283974
427846
438903
313234
352461
376870
259809
425349
424706
326740
252134
391620
243733
128691
278399
330367
412549
451191
326139
374640
286879
342724
247697
299256
149547
368250
356091
172535
325561
136074
