439341
145457
215312
366329
445244
212284
333586
144994
409752
275050
164760
178709
108005
304278
423601
153085
403204
223657
166232
229458
216775
112697
357856
427959
453307
410164
284715
204514
293762
307211
131837
261909
397355
155112
295557
373771
344710
205624
223024
231623
322443
350296
180428
434425
138636
284450
437859
389229
157073
128333
166481
445364
144655
215245
424308
225385
381230
139072
410610
311576
350249
230305
191541
132987
305918
262619
314506
212108
313962
383504
275033
324035
387974
366521
111953
438431
243101
348203
110608
137310
132090
285205
146465
177777
170402
447733
341106
344801
314485
334661
111301
227110
153861
257512
137501
101463
168605
108359
188201
159573
164613
171737
215305
346508
303692
293323
245581
163130
145596
265637
279961
441214
183110
336557
248449
260623
322554
396702
152223
238734
179698
299243
114255
442942
320848
119950
211185
333553
454119
258076
365283
215633
451501
368588
401516
337549
248540
168763
334087
203180
379498
183199
172739
267171
116283
286775
163294
328469
416849
277039
291716
392726
113208
174027
155826
432087
414111
124540
311643
309437
376819
105650
143220
420682
192456
124427
106066
357682
314871
403610
141262
260152
119105
276499
140041
262570
414196
401122
105258
352783
132758
422417
332295
117594
393476
251206
143856
283392
150345
267078
425510
360210
345897
320965
356069
101070
350789
129493
141021
133210
305585
258377
391303
226521
421570
397676
106235
202166
319328
248574
222484
428255
443288
341255
436258
376469
125932
446439
379881
261100
437777
342749
370447
394573
208703
218590
402395
301594
374947
257371
263300
125850
277496
265235
136781
216584
175137
228711
191023
299490
360115
114052
452304
314934
384241
340047
232484
416045
184761
416120
204002
424759
436594
357587
173267
324292
346895
249054
241135
167827
341976
389519
221898
379340
286801
382346
452385
200674
418797
155878
274884
123001
239594
337380
384598
378489
146905
396455
335197
182077
319867
375138
242601
203065
112652
285373
248501
220508
176155
132689
194136
186186
223025
427739
309092
236949
104152
387646
183989
317694
251551
431747
342159
387760
240373
159980
171861
290848
331718
344048
367076
349292
373460
117079
164387
262799
242528
183983
379952
162922
216285
241620
243919
370901
191268
151884
110451
122877
172399
431628
287344
395970
327805
107372
338646
213080
330967
301117
234164
230070
403015
306486
108906
203715
353380
293793
290222
294826
308227
400959
185486
430621
112929
303847
376845
436475
112174
304513
150079
150095
297701
368781
219255
427904
205482
298021
209677
385940
146467
240263
352169
190292
426733
329350
107944
188942
146670
323671
324935
261048
241104
225081
232284
333892
286958
384324
257739
265885
290424
386247
158802
189468
220251
115941
171003
418554
376605
442810
239050
103396
428381
167563
318002
189887
239979
331726
211765
143643
346098
109745
315598
392620
353878
226003
103160
193714
444007
104590
380108
193988
287094
128711
220716
270352
405017
166624
131951
191400
402241
161101
308411
296841
377040
419089
375987
314529
178508
127656
195554
398965
153320
144509
197749
126308
230308
272960
190421
108673
455570
143873
395469
311367
100715
267719
138511
340083
181546
449496
108369
413272
109302
268987
193857
181608
416064
190095
433185
250538
294153
344476
182657
250757
303550
429118
422116
212566
245474
320088
419729
336138
420200
208763
208705
199383
373211
171693
196335
165815
341313
448782
416186
277230
444969
142455
434688
367412
413432
398909
197521
271111
117643
256877
234676
327371
211708
421043
295810
284913
147289
410189
330586
261417
216946
345681
131660
381658
188259
426150
169183
106143
108223
178870
189576
349754
406226
237975
277482
124685
215158
364081
451409
353922
309110
390562
230794
170244
239681
403615
444164
365513
187190
380223
205764
214821
356319
364082
129398
175727
311371
165359
365220
178662
430327
156052
342923
252442
280605
331934
384626
264683
135736
394654
354283
428414
412517
255164
259663
235719
164847
141665
320516
391150
375743
268432
294585
173984
336079
165471
205887
313551
197526
155775
386027
438642
163243
422441
206650
329728
211172
391231
409594
183152
144478
164195
372457
321405
270936
288883
318569
153489
104173
367345
230597
171041
246534
378093
292814
423142
363945
322324
405288
410709
168164
271900
248413
438903
313234
352461
177106
259809
425349
424706
326740
437477
329572
252134
142274
151936
391620
128691
252628
412549
104687
451191
326139
286879
247697
368250
356091
325561
