141016
394749
231661
294589
432617
448396
134195
324797
126894
350024
375819
107341
252139
227158
144004
327209
336335
149633
308429
378648
321462
252138
238732
276477
387609
360093
133674
362159
163762
450253
332408
174923
275197
242476
144053
272553
155843
345411
118462
300746
428903
203340
142324
103214
279841
388090
428820
317266
296472
111737
189659
183520
189754
180012
160903
264594
264892
187589
141525
154460
405312
369395
161463
253223
114406
380563
420124
215218
256347
373017
297971
408859
327007
399836
377241
447959
354692
419463
105861
447302
289038
224324
166503
258865
356791
308296
185717
291911
426954
337999
440866
448105
336166
230065
327897
149537
456144
175509
280752
275859
446627
255742
342289
443233
388680
402699
302677
192447
400117
340821
382657
429072
324013
148941
164771
320647
237748
176666
217882
390590
382202
180371
145022
306494
316005
322511
186633
445768
124992
131535
180966
388451
337065
140372
163005
261656
445188
166687
160170
288484
190325
117088
331929
281964
455899
111378
382455
403903
196267
363602
275598
290663
173856
304215
394486
272770
109528
418664
288880
107941
281454
160663
301410
131714
386194
305932
387022
435832
195510
365121
255387
296978
268969
184357
415823
310444
225272
186663
196191
156611
434860
109533
383715
324334
133291
298219
107886
126101
266375
429669
341697
127876
151576
432998
102859
177717
416089
121699
289468
410557
248124
265552
242129
371928
363640
277128
386043
398328
326353
372691
324022
392439
431180
215705
318731
264940
162431
447916
133440
194957
312233
251665
167671
211345
160005
436904
165438
228920
344949
149837
112588
325835
253709
125006
449920
305433
314556
352798
101502
431287
251147
402685
282199
157483
312741
231347
263187
222858
331227
245875
299694
442921
232496
289715
355535
184818
385531
209763
419622
455485
357229
245790
335166
279427
188149
147625
228710
400440
384741
297157
372117
256413
305123
181734
330700
196024
265071
338232
153575
325379
446651
314195
273412
394609
196156
166557
136820
241865
435782
139966
372551
189332
158938
127150
384456
265132
455160
427004
304247
394878
246800
266604
372180
127846
215583
251539
278752
319594
337324
102527
436484
201610
432692
444920
169205
172103
362670
351463
422578
404730
306629
186383
449715
422032
333285
256771
209677
246588
103563
187497
204483
318427
123787
410356
364885
257770
229094
244617
344076
139335
267193
150188
235302
377693
298918
214451
233561
221944
341953
160260
446594
114798
202944
141692
360237
314510
198112
135564
399802
121712
251038
407395
184900
273655
305711
108784
225232
264788
366957
113956
228423
445788
419344
102636
209551
200462
274321
123588
115596
431025
292086
436984
189103
303736
446587
372124
440846
284369
283735
414156
290798
382486
437448
149458
291781
424920
377065
252860
349579
198124
264523
207482
309308
154230
156700
311153
283106
204889
407761
211009
291849
437904
359803
125131
138535
305539
278074
183983
420758
334707
235842
417167
225885
356089
287534
454310
146510
237260
327217
177171
202108
177575
154139
164899
299741
106857
178108
367444
211407
285257
260081
276151
247490
214501
146627
255279
305335
307409
412054
164820
176398
223558
148969
435235
266447
425745
413809
295920
103888
262609
136718
243507
181627
388092
339590
408462
448023
316368
322365
406450
109565
240329
442004
331511
257196
352842
217306
105576
176326
389447
329712
425771
106062
347622
400968
369364
101324
388553
234134
207716
248796
373039
374477
449241
151133
341411
137197
199816
283009
240837
227431
156913
290473
108611
240616
168941
102477
300156
339915
160004
290322
252391
246107
210850
149978
271044
390571
207069
174612
158958
344503
321803
154644
196758
233756
113972
248574
147943
332262
346615
282980
335089
259893
405808
116876
143837
324025
234528
431796
156780
188490
386437
118029
397550
260165
191408
322983
403160
148664
378925
184693
161474
141891
315362
395597
231966
169635
334376
179492
269412
260065
373718
455737
162824
308219
215386
327923
340791
377584
452183
367238
346165
125417
105125
110528
294328
247252
445457
151011
181103
274441
180934
359995
174228
433375
347314
349435
272505
433671
395430
211990
343475
363969
358964
366250
230274
144219
171958
170198
127218
333907
437836
257734
255436
418988
433297
189723
176013
445405
373533
254429
320802
230153
393307
419461
251830
109889
275190
379889
160168
152138
217995
296075
208487
280069
211891
138464
307115
233287
361802
266346
348159
431403
453008
102372
232037
260169
380000
348319
358802
264562
345261
270721
385661
234920
402487
370840
365407
258014
155857
350111
442848
201697
393066
365108
241379
262580
453803
110002
149655
280616
124341
423080
230785
301481
372064
115414
301824
162561
445585
218860
199755
417515
129961
356720
440545
435912
258862
375223
384345
192013
102767
350302
135630
211338
348185
124399
127945
389677
412706
396256
347465
435606
221296
121179
167775
151494
185836
138064
211704
346378
396470
284058
128356
380758
191877
231711
213416
378623
155341
370822
440843
336107
374497
434781
109699
222011
276680
188155
201141
146168
265156
279378
289938
420410
451672
378080
313189
276745
373420
123186
163143
158844
449324
228526
204627
282268
138540
177671
253311
378411
276081
387480
215734
208914
125584
130598
438329
131807
425358
399062
380244
208609
454328
344508
106837
127329
419321
144236
253194
432915
181308
398366
172649
152621
432437
103016
185084
303596
418454
395200
451657
386892
220349
432337
145447
365037
141312
308398
354091
201941
160527
174570
282748
142011
232085
115062
324834
453909
339520
372015
381260
340629
312918
391482
433962
451339
428064
250165
242861
184910
196387
412619
369808
420757
163558
448934
104209
306696
277135
364661
216503
246964
318117
342722
144021
228549
423788
113061
249697
452074
150392
122553
438537
383773
412722
153056
350268
397783
426746
421446
445727
379410
108642
396369
122157
340978
339712
359814
451040
199449
259999
138534
415960
256850
350243
183103
238144
204821
323460
427499
315990
430530
207180
295144
348314
383415
274524
365506
438635
227809
139700
404589
387478
348457
224260
316010
160159
232289
452443
323827
326225
175970
178364
378465
393590
188196
197761
236546
298071
408041
170555
389432
282038
390503
196326
141226
201125
300246
156401
328688
135323
455810
325675
218608
443307
256025
130936
269234
217095
373478
246780
186498
335398
210979
332492
300852
285421
368261
455631
178025
158894
391478
218639
330240
219707
202521
386211
116786
374526
331434
298085
344758
102120
417156
317081
269651
264004
163411
337993
302185
183192
208084
451372
220173
161418
241826
245092
324529
166993
118962
252893
447378
211552
184822
451467
112400
320376
158274
447018
446168
103779
240893
190605
236830
400027
169208
278930
182477
168116
182307
368716
146242
243709
107581
339113
366304
378516
122418
415846
114045
394661
111571
125807
426435
439769
106197
303751
400116
128062
330435
155245
124898
440213
247042
380998
119503
205292
217996
350785
191867
353376
226451
429965
102541
340525
381902
434249
223445
155419
455249
365782
306676
123412
378988
124075
264411
417068
177074
270051
453281
238043
250500
172225
260126
290240
124072
101505
440256
322012
294219
389670
110135
299841
120169
197261
411545
381076
439295
445267
154741
220086
153943
321516
243321
108859
419661
345320
220069
293641
396465
351879
441790
411994
301293
180197
122450
346920
415242
254426
106195
305473
451084
398482
285000
410461
313803
269964
329669
221001
271286
432847
447718
261727
291356
287924
186845
262895
182530
108757
316877
426353
148486
412988
149240
220778
331542
406399
157689
101810
144528
297086
300895
236057
223026
180781
401718
329431
106352
166572
434502
181492
305785
210675
326906
456043
362478
112002
168894
371583
388158
160667
283246
126938
312360
233163
243860
248844
334690
136456
280767
133022
272545
283025
231684
404150
301289
128748
427000
175409
248735
388761
325548
418842
332084
122693
209624
172796
325881
124117
193111
277141
219807
449388
395205
200554
215320
127014
169858
323559
395487
280500
101702
414257
349226
124602
353671
249979
396356
443075
287404
305442
368342
271271
185269
213057
183325
181889
133144
214303
186302
375239
151807
319702
407722
338424
216602
351199
186304
382316
329380
365385
229503
434758
100250
222344
288189
189295
325920
140225
148569
249384
113261
269022
284528
192571
257137
231231
410622
264912
260302
151708
358868
301125
448053
143677
131588
156715
258324
226813
214130
148836
365800
369337
164182
330951
114424
106579
209827
382729
240397
289774
318810
283037
419065
171852
133311
385331
302910
258038
436029
157992
158570
374050
126777
326565
259827
182977
140280
430289
363037
415472
408595
118477
424877
451172
255012
176840
399279
349791
221690
217146
196043
346351
175485
393131
308224
330377
212267
173698
372981
158572
262917
300362
268999
357492
433890
251809
183359
447182
305467
302413
273438
289933
400930
168073
201389
377833
151140
238650
370035
352784
109380
167247
208328
371426
454799
207604
446463
305896
223212
316698
440070
276090
276323
292940
218405
441784
266803
240059
353948
119045
413557
183361
424941
174023
219185
227229
100780
328906
441281
217598
409018
192395
338821
359876
407264
234401
447641
393895
351022
136613
299364
168543
392906
176716
110354
445621
368531
244596
394318
305235
145577
236292
415783
134396
288748
174771
379078
432021
204230
168084
434528
184953
285771
311643
359805
137264
235410
404760
256331
126891
201921
244125
249287
190584
126096
110543
210451
156531
148430
253319
258210
351330
110765
270788
136334
146847
128225
348903
426627
343844
257868
386619
341349
263110
275754
226261
367595
118636
110065
273550
356368
180952
171593
347630
239594
314845
295755
383153
323395
147662
404790
301385
442164
443812
185042
250426
308644
210889
294597
113145
382991
371337
119288
340585
198213
116918
226642
216264
346497
184904
358048
420182
372429
288113
325781
261602
379160
309519
174186
428988
246307
366311
443932
271400
335716
318211
197684
419729
291335
448231
399334
177660
423863
124472
276995
355493
281976
183106
259023
161491
250440
452883
417049
306380
229722
286801
296110
190576
262250
442711
414989
172023
123359
115554
414567
327639
108153
203497
366439
158465
361564
181870
106414
189976
175962
280537
398785
355889
300251
407759
243594
226020
341970
398176
453627
282312
312547
353100
187426
431349
295393
286822
233699
414526
265394
372761
433757
170749
450100
150879
121034
411247
140810
235421
270086
248320
245397
236927
125343
114286
114903
263293
413072
164109
355995
445154
232389
298497
325123
330605
161279
204532
428608
190029
266181
330756
135610
238421
366807
365735
102629
337974
167711
238664
272745
380835
422674
208198
337352
316122
173872
133590
121661
154321
153726
294529
392339
270975
191382
169422
150637
270116
334832
210206
425479
239354
271940
329547
156599
223278
311893
449458
447568
145165
136586
231412
336841
424558
193537
277455
407560
182638
100730
152235
119150
218221
288292
328573
449471
261678
304099
197690
419226
284857
123698
426539
142069
288323
136987
148084
252242
220493
211928
433389
453450
277127
398643
343903
161412
357670
423554
168993
205645
205179
158566
309404
443225
299471
118406
424553
305280
251454
403087
184484
351855
254871
138447
404044
317199
278777
174512
211206
213586
310367
443708
186053
199218
444498
116973
452624
247076
222243
195436
233653
223387
423834
327987
354342
327098
412984
204241
158216
442762
158042
421167
221639
265462
217755
382573
382323
178399
161299
118892
185373
384170
359149
367355
455464
158158
315316
300822
405290
359031
290547
347831
219111
313356
186499
117064
267444
423031
219084
253477
387017
439637
168292
265030
401592
281455
175855
121893
454169
341609
194731
394575
346949
188169
380947
416845
176873
128074
278655
314202
200582
150767
401331
449349
305638
436167
109761
147024
150057
169642
190596
139613
255133
231750
442333
319266
173026
176508
447888
316333
327740
321289
358317
408434
423327
116214
134864
318866
270022
226538
248821
112645
356688
452372
282868
328642
420205
274582
219411
333431
371511
162451
359881
353375
245451
286068
444299
441592
335705
342243
400756
141794
302925
348829
216211
198936
446215
291656
321778
111077
269859
176094
178684
454726
149701
395559
428623
396997
254813
117913
326404
113787
373050
451900
325921
190207
206064
418075
361014
394910
452476
109983
375674
248466
264609
346589
430817
233696
162907
238637
373367
326362
145942
306486
430755
244959
220077
401371
344478
124139
322545
335917
350606
333938
114066
344482
204871
252122
269830
437272
427954
179552
137462
426616
307770
291939
164301
309038
125358
321963
352851
169082
454136
331377
164196
309859
214624
274901
111319
176417
176598
143025
201898
243397
237894
266197
361722
426663
179632
141570
450064
395190
270347
193683
350419
366744
182591
171800
125172
105388
444266
306042
251642
101574
398133
247924
398837
256711
145611
238369
125947
115631
362804
356690
306894
378736
127634
263160
143658
196224
231794
187930
401449
403272
236601
262680
404510
203955
444598
151130
183952
325327
224261
254757
157402
284685
388396
289337
103732
323726
296365
327484
103412
302368
149998
289342
393046
174531
259173
415815
191640
327235
138599
369181
283410
357917
382708
201550
222113
116376
385610
235997
258716
265445
220344
356111
351532
327802
100713
190722
352422
262296
141074
140299
321797
240880
371665
404300
382110
330087
427580
231422
167309
356961
100346
342193
351116
175018
111609
123083
223933
186026
315667
316495
225396
392587
236010
219923
453001
273092
171455
213128
186786
333552
227988
401883
339386
194179
182151
426184
341329
455557
190265
217552
138424
295021
340908
137783
360720
136177
115395
330632
269496
180558
286049
352417
285621
169183
150189
229160
308276
390974
206661
296564
221222
381826
301214
385170
143610
217719
227843
168316
372598
426548
227529
326020
230643
150805
323606
448682
309883
203636
203009
293215
117189
322391
186676
309402
140473
332947
252114
300771
125146
187735
163072
112903
398854
377354
345114
412970
186538
277771
145236
280399
270056
268547
434811
118661
170691
167450
434859
100773
258801
134803
209938
409492
167038
127039
118257
256650
159586
178044
374659
379221
359317
253797
326540
411184
259273
298077
292382
193131
273208
385108
408381
175209
326927
243455
318074
117708
406875
287128
194135
185420
306068
406471
199521
189243
278234
385302
217421
306226
281253
133351
444465
230256
241637
322155
424821
167629
240474
432385
308459
190178
112323
382411
403356
342780
450061
409030
339224
214393
418103
408235
413225
302738
439123
368704
152691
381978
421719
131627
116494
402611
199478
172584
449307
287803
101923
118899
279126
111868
102653
136825
455771
333804
400850
163787
379026
417790
417598
418741
380175
338486
356933
453155
364019
213510
183002
328965
252761
152494
215768
258956
151054
145090
440090
298758
318414
379699
276209
286529
285293
376188
212659
190095
256510
408422
415950
348601
254243
316951
271462
369518
142307
379276
295980
119886
342096
386367
257969
388246
406996
429322
174009
183320
201531
174679
228560
308980
249431
252069
321326
276850
322809
391913
396764
308317
239857
358769
133222
337401
269569
387410
422194
379007
114892
256672
127159
229006
448988
243073
137641
138872
282643
447342
441270
120834
201563
318990
406722
123174
336218
298923
400029
133729
415627
150711
446087
338673
145315
342813
311967
374431
303825
351640
258770
313316
375339
268670
409318
290046
222471
334500
172326
293455
180451
290347
394209
347095
343350
171612
155966
268067
298316
274779
250021
432729
211687
100290
337828
189352
292215
246736
329572
125211
291839
263893
411512
272449
427436
263636
287033
408957
181981
169532
186020
239265
386342
218622
368236
441585
121058
301269
275455
409238
443482
142154
454199
456163
110464
205945
367321
335274
145438
379614
227635
447157
210573
449677
367162
394808
271132
285089
143992
112995
207018
365413
368799
371299
408500
363550
262233
265295
407989
409004
377032
145928
301759
423918
142742
195007
137663
329600
418633
450334
198014
350834
330336
172234
103772
176551
256857
316136
370283
152861
269855
301983
274610
130750
390248
416867
225747
255599
363778
374220
434845
316586
207549
273098
386680
208819
246775
438927
454240
168910
244727
154150
148548
435113
404698
323188
224326
378974
282972
108330
205385
312578
302543
291950
441543
371934
455734
173265
406061
367112
418023
147105
120561
241609
156461
414893
235676
386021
223093
357646
338267
178672
246743
132096
391856
194459
207785
376932
169362
113282
121392
158392
310053
102638
334609
394294
105780
151512
262601
131562
205143
179669
293229
104707
179426
410671
142780
426407
239041
295356
204338
199314
455410
302636
205362
152221
208278
153660
131131
313600
311125
383402
371575
329854
350929
378416
103698
133574
124509
325620
317159
193221
287488
354653
141934
125339
265015
256580
292764
249063
341690
332434
431083
289575
268635
322971
288043
302147
261120
342680
144083
423919
430349
202117
267454
339020
247055
206425
198133
261436
114238
446789
214809
335090
287973
102700
167725
387248
384690
182561
120609
293254
243691
224588
104950
228547
419581
314867
164673
151492
246020
106151
157586
176563
227184
190895
240032
100406
435329
212457
262282
418472
446488
180950
334524
354985
100487
455392
296986
126360
367965
346261
342879
267171
145704
355414
148492
414600
405577
310633
275119
155038
227214
407827
294957
215732
426374
314353
159062
235524
192074
312636
441993
123329
329033
414726
164138
420910
428345
134086
438023
318919
372947
420718
389491
140447
279866
445944
179914
146743
174725
131725
320054
405462
423886
371054
382607
410544
158671
214547
248885
302742
281198
224671
222000
195620
120366
232194
248233
163675
129652
352083
118643
200150
424178
144564
259778
149101
382623
175217
191611
134471
383860
208226
187370
454898
258039
191913
404374
435662
288998
191420
276908
187051
268995
111195
220289
393219
142203
166884
426869
268345
435913
441322
422928
288845
207872
414209
252810
288615
434401
193011
408949
352625
364027
377661
158530
101173
288105
211401
370124
129695
442907
320680
407236
350115
356245
366355
325363
344862
441616
419345
223444
444054
299982
351982
162408
196677
222867
235614
403709
394973
302590
397370
318462
100224
291307
421153
340773
124878
379523
205571
193251
416254
181250
297406
321863
359067
192437
433346
233414
113731
118052
246477
346532
313650
112309
225894
302156
283885
280787
383057
233519
286103
236687
240542
405987
394121
343515
133961
251403
154009
115060
272230
422860
286999
372819
386207
165155
379805
195223
425116
428145
248395
386427
328793
244828
226024
382182
113600
161509
185045
139768
172741
161457
184732
359109
198345
256748
431839
438528
391479
328859
311465
453911
420066
401115
366975
276308
237366
240749
384740
396073
307106
418058
297091
415892
113041
259560
395092
259128
265420
131384
162454
179658
309704
242805
263230
260641
124122
395644
174477
399030
215362
367464
187444
272922
373245
154542
410776
147613
311169
164390
281713
254765
431552
343026
199626
348090
225626
238210
449311
109864
395297
284333
215111
315336
450765
123478
125716
404200
390209
213406
393780
190841
291225
217153
109172
120418
336306
184188
224277
447973
114038
354072
370166
375321
178732
420276
394688
446659
286152
163886
317209
145166
385604
406998
222247
425888
121993
120767
355618
250934
291203
156167
180592
218023
280164
447640
132415
219299
379829
224806
162623
164983
116617
374490
389564
158749
397471
331335
200117
362717
274772
200661
240185
439162
406172
188606
370225
258477
209073
240752
112812
158537
389991
145555
385784
175462
173360
134581
228552
158540
246496
352995
174124
349077
395178
424378
102134
317421
384482
258742
400353
336246
169406
409503
105052
275095
390352
116663
232241
450851
333739
100631
326430
117689
407076
367724
229645
200978
338235
431706
285782
436003
181857
337931
155663
152724
219323
290237
410230
449339
388967
433145
303381
310032
281670
393608
236144
206818
451884
208693
455956
181272
172208
150775
154597
332194
109968
199611
208624
257350
362388
367156
295703
181193
388896
133457
418690
156828
136971
306504
402630
106969
165064
290869
134735
189879
134567
263511
320170
227605
377459
215343
339134
136189
370709
400162
100217
271014
419823
345180
136648
334339
220469
359569
349368
226973
179619
170625
415735
304251
100593
296867
138134
170852
299743
111595
334943
242695
424614
332568
320811
357323
420729
446933
320571
187820
143213
158172
117836
311321
215913
140846
367109
128930
448828
320768
236847
134869
426591
330889
424655
149156
124028
245680
409794
316864
394027
438914
112565
294675
411696
391681
216977
371913
348798
230022
109155
234008
275909
320727
436678
382785
385432
418166
347820
258996
303304
343847
287436
396158
178115
134203
343259
117380
209780
397740
411751
266454
125183
211851
437900
310326
336012
161395
358773
237693
327873
440626
447104
387887
113135
159849
391961
173530
171857
244492
222921
399515
345286
239622
427599
211658
423323
170034
336888
393795
444601
377913
449276
339208
420330
413906
119479
273061
113448
339236
165678
358116
413641
211881
300173
171849
104395
413158
310427
307774
203225
221644
290724
121467
371667
272916
120213
343427
141468
385716
448000
172963
373058
208752
190497
206515
102461
290931
115086
386914
332158
411200
425496
121457
186837
152744
188125
141663
273384
296497
259141
419999
217533
390185
126671
408011
446990
448906
265101
319894
441568
280453
121895
397514
283208
437897
335359
105420
225291
123254
195759
128810
349244
421689
406426
316835
122963
321725
245639
349539
182813
326860
334330
415088
245235
350738
167707
137198
331996
278702
234399
160851
412607
412852
270516
435342
277253
374016
126082
334413
288541
126552
363247
266261
440447
110570
150061
326580
406165
218259
283055
207795
265848
201968
225583
126946
231050
192807
367767
305829
316256
254761
302969
192313
266028
202404
166923
245478
163320
233248
214582
382173
335614
152895
410188
392521
313690
284445
445729
364532
272458
215300
404069
124127
139109
257239
308712
397134
391002
409125
257592
131835
167567
329578
204258
415661
368601
326058
195149
399868
332314
208928
288506
281878
302090
243918
349865
261047
157318
216215
370337
431785
235305
318449
264982
264507
288951
109939
148502
253196
381685
242012
333010
200558
358300
362587
452475
368427
179361
440115
185524
278250
109695
446602
231706
129828
385201
333897
223879
133003
366588
290452
204824
328294
201542
420435
438110
237690
131070
397764
267680
412148
228611
378081
213389
411294
268420
139943
157556
270332
158024
281754
284249
285237
307587
426215
224988
203390
424627
317367
449612
297008
166333
424998
429647
132900
242458
385279
176042
193542
394529
290827
247037
380368
113473
146750
273425
105065
122673
237643
169930
150314
216509
254449
200511
446502
406468
416441
415840
324690
442388
317498
200027
202140
281268
145003
418888
209768
302415
313890
195530
112268
414429
176006
133102
320791
281872
404976
382799
419991
258759
373860
142863
252164
332082
303501
442178
156023
130978
295390
213188
198710
163078
368885
118586
299008
118922
316886
218082
145284
347026
232065
440965
231741
213139
257629
321859
219488
299217
325025
419665
120944
307914
147899
423215
437040
452061
174738
312527
453710
241238
352982
285611
193731
429841
348723
117628
124877
275464
208591
119292
231067
379583
216476
408906
437044
415657
412065
187262
281186
185290
348569
336069
207236
226297
132146
301323
381433
387487
138324
421805
239367
427602
265239
382852
398392
101142
188396
280655
232681
277289
159187
178632
146728
267476
109209
387798
133262
168377
232486
371187
259711
218857
237816
261453
350383
120727
392324
139284
247912
343001
330052
343768
376763
191536
163913
181589
430638
302674
116951
372128
196032
144727
318367
255300
125381
130201
105879
358120
149740
267062
316452
323063
105291
340413
269990
100489
430502
100486
321339
241792
336824
148998
176706
450187
162488
378522
293547
109911
117988
298334
428183
442506
405897
265042
254689
208558
195484
239092
255824
125949
352355
225172
429223
449921
335483
346751
183514
425789
398712
395609
365668
302060
367397
138249
208880
123927
405759
431310
219973
176341
260865
453992
452900
333614
259440
312882
100246
445046
196937
112547
218169
384163
383627
146170
287241
118175
436004
199948
256300
105504
157520
351761
239497
181429
211261
318229
356093
191462
238058
121995
140124
331512
208080
355478
420745
344732
294672
209162
371844
212237
120221
254561
240917
258182
136700
205963
301039
322185
384117
109655
309532
331393
143637
298663
223036
409783
211522
189545
203451
315234
420846
231920
189153
418892
270620
413535
222828
417484
256620
419653
160240
400104
148311
420581
118381
200445
385724
231199
319564
197542
235027
182280
338818
309991
273356
164714
125629
271892
309259
274335
325707
350542
318322
174958
213315
222770
315544
321477
253481
364528
448090
193769
103328
207197
164199
430653
311831
405635
357065
382752
443890
410859
329455
219128
334283
216266
329530
367735
357129
396320
369756
174244
189349
349898
425325
306717
264828
421416
252484
212791
249091
258888
194801
384160
328893
399541
400445
176892
262588
202112
108949
127778
243176
190271
389169
229800
336369
194387
154725
191025
204376
116574
413949
319866
200213
218025
340017
193886
171140
128871
348683
432979
304866
368962
285988
387411
454942
359482
452967
429895
116709
105186
215199
396696
171062
282721
240426
377413
176039
133819
131338
413086
275561
443915
210279
208256
165754
276590
293783
291483
197758
448202
104619
221783
293424
111953
176674
320579
325655
304816
327881
102263
332832
120938
397322
319381
416669
164515
363149
229108
141532
404423
436351
435279
154946
158692
258320
432290
317169
227292
386062
395254
277826
403716
181244
451647
372173
248266
150885
308820
158563
165353
222785
138667
361672
120950
437987
271408
139483
131756
333097
190918
322682
199716
321306
190938
384025
297145
271091
111549
401244
102954
334205
321692
259046
404630
436201
224242
335190
210954
169180
140604
438087
386900
143409
154273
270573
372683
255628
187352
293936
140491
258706
343512
401551
321600
391342
398946
403853
281446
121400
213960
390205
234925
441243
276943
273312
241785
245431
119782
397323
324907
139961
279839
120041
374556
429153
168352
333864
203582
424634
148356
255704
203625
330484
372058
213807
139730
292831
168269
417229
187747
130456
315585
143318
448379
107448
258718
341854
171496
253676
203452
169758
322558
189412
102167
417219
354019
282483
174510
361777
381813
280958
170975
351023
183615
185873
352111
388974
107856
293882
192844
358356
339589
213119
273120
308074
216344
373704
412112
154648
101948
134113
327511
255458
367520
368373
329024
118009
162122
447057
272491
110423
377629
394834
134225
218944
431192
279931
159371
298065
107054
361448
179240
441570
168729
332015
327632
301689
232239
425038
229720
270533
319771
398897
368731
119374
179386
372895
446875
419324
392627
157792
425465
201475
270069
114581
445497
217437
128716
140271
346999
318532
141521
195514
191739
338790
454433
354204
278454
314849
162042
444164
334506
316528
353665
342080
149443
344764
105263
131221
197051
348381
288172
121397
404060
345912
150415
411783
243339
327497
422218
132246
425973
416054
329029
245325
243042
110614
213581
344688
337384
116682
200141
201641
173009
110584
204671
111219
209998
351755
299392
384839
151552
314053
384523
139167
430510
406295
373835
138589
148172
250250
112782
380392
180306
390967
203833
131516
348555
184031
246983
214310
158063
380382
284945
123305
188246
348059
268874
283107
242485
307161
255014
335888
232102
412952
435517
372087
134220
272579
117184
367387
257973
413852
334333
221051
132156
202218
116752
428147
139922
413500
138693
438406
396871
220933
205631
243482
157026
126128
291984
376983
119828
345815
384377
334851
212031
372189
191798
248174
399634
381140
201933
276771
177836
191934
406056
111814
179120
165346
108337
129461
285088
256905
180370
370692
137897
323158
384089
276919
373509
400679
408027
413222
157660
440926
164907
163341
351972
405110
400677
175085
439150
213302
238501
356996
284472
422705
192730
198174
191994
396413
374616
429790
241744
187196
275005
416039
242135
115240
332088
306763
323433
150774
399098
253969
123911
350726
356853
172293
455306
299537
396415
329566
199899
411909
150739
373174
257417
222041
441953
398247
285657
265412
373746
259502
143545
443065
131278
165820
281332
388001
105354
158112
451291
308548
370284
424687
364121
425813
267796
437567
323409
228292
215202
342398
415833
332905
224275
424300
349140
154830
409378
184053
384009
118253
158621
228069
402413
192148
346158
183607
336345
315828
301974
137217
336304
230678
299467
109373
380679
265182
140623
172095
315411
324506
159629
399642
134926
277270
312811
156304
270710
118456
425606
321501
373837
367278
257837
371098
452936
304820
169574
295142
162264
399534
137707
208414
416619
381786
116507
134900
353789
439329
111154
412840
427944
210054
157324
228724
329897
311074
113052
349896
208545
115178
335797
447151
387918
302983
310625
392614
305906
134717
301333
382028
340554
203618
184281
449765
249484
157516
164806
426368
190440
146339
360883
358299
404562
397264
220310
222375
326031
221042
244474
452794
186641
373350
426266
258799
355751
200796
265629
122601
239362
321888
149504
183807
289776
366522
152283
352278
233633
200925
315821
144987
320723
231358
143684
120393
170753
213759
284179
107805
124153
275953
325977
300514
114351
298909
359111
356384
247198
373794
335576
371028
183138
254528
130395
274859
423521
404636
440202
102350
372718
213920
397365
416154
417024
326076
282293
297063
159251
239437
224007
188985
383579
372497
133113
137138
143563
271410
128055
452589
125844
111265
270112
440581
133194
117841
159781
425124
406096
429090
197823
214818
165647
424045
363699
389224
228870
368286
268229
235552
376318
293840
415606
191397
402583
159094
120427
357653
124988
234557
303398
348436
418900
104675
446672
355891
267666
301119
192835
271968
241337
284372
131876
276658
438507
241810
338005
406305
204053
454658
429376
164744
355254
150043
275474
207983
162583
306122
314183
350852
180824
262897
195735
363708
367187
152733
245753
119121
218972
171092
202856
110951
259874
318489
161822
367951
411211
323626
425011
421299
193561
301374
452030
103649
427892
287680
218816
193276
336235
198648
123259
370584
328556
239091
202696
375026
125757
366329
229565
373951
365628
289071
421319
214280
269480
275752
191483
112595
322158
431729
136410
156096
386596
121282
203508
339916
108340
240967
297138
128790
153097
103006
440796
401707
182392
142889
103644
399779
132901
392520
315586
240609
100434
340189
202980
400794
278534
289294
155881
379545
409201
319657
448448
174719
287114
365662
190158
300719
175853
181897
133807
138874
140882
103222
112475
121607
396093
393622
386487
347406
274776
241551
149290
342964
419522
134769
256166
126019
366179
437898
402098
177837
355590
282514
361971
165898
145853
219545
261823
443390
358209
398276
208297
267936
283126
233000
206478
453833
406951
337194
338823
449078
279635
342844
344161
107969
410169
105296
372080
363416
250277
290666
243209
350075
117334
451210
334694
305642
193341
411316
215801
216915
311797
229922
433006
335008
418008
144838
190250
269682
226268
194086
210292
312661
177843
327895
404805
136516
152834
415370
405601
348969
331128
189794
284091
324709
304550
310438
166578
186760
323714
114619
364297
191539
109072
424778
167892
233020
117809
124777
364452
189049
224148
273852
143197
209536
237231
295862
126755
237988
311354
400586
184315
419404
110210
181259
427087
300047
145857
181558
118209
358514
315015
282619
396010
265672
343662
364048
312130
134831
125262
371897
385439
200892
128419
256967
160301
196582
357794
376883
220792
207773
373813
232595
439449
263216
116599
406877
137331
420674
414904
176740
290458
170917
234939
228399
153688
239415
177570
301635
215163
165493
444463
184810
191660
315272
213091
402968
301712
180385
275893
179645
452166
425043
348083
175297
379261
285013
448453
410769
431848
397953
158660
259123
251160
332567
424980
221601
157464
222464
362725
257097
342213
131090
256060
227187
293082
321470
360896
211433
218906
251709
436646
335719
271353
360094
139838
199335
451050
123664
155048
148277
418468
267718
307525
419451
381647
445763
285080
117574
435583
424053
162590
362960
225725
242945
383861
148734
175781
256766
285025
272181
182531
172705
297983
435494
280179
191346
345334
188241
273058
330232
352411
358066
415674
246174
416100
153968
297982
297125
329910
414444
314330
437353
419276
432971
385104
277742
370660
104487
135715
438423
252084
426039
249272
442563
155344
296891
382597
326332
333396
148073
420482
186686
318329
226229
351912
133886
155336
171921
156845
104468
242207
111095
321399
160002
267288
212804
318832
327533
290417
133809
335300
402442
289569
316303
222997
230562
249396
148696
230619
324127
295671
164070
252333
303086
369524
346513
395639
269748
296671
206417
284808
454158
374785
431776
417946
259312
240371
263007
258300
109399
334165
372988
105373
292582
433190
217571
258238
438299
227911
351759
181884
314658
143700
202132
209062
142489
282229
112824
173951
155909
251375
319065
145966
344085
415343
346065
433248
326313
108903
197815
335539
174276
422142
323355
389911
356677
166077
438482
108756
395347
391495
301543
259901
443769
404660
176449
201518
205276
264707
443372
199025
301181
287064
332133
450202
175540
161207
256457
268396
202950
432625
164565
114804
335869
387735
129470
274612
247810
389927
403868
287790
403994
351421
443414
320355
394911
335691
304275
100573
198212
140156
102366
243041
122637
333241
389916
158792
438477
133021
398847
408736
286317
111530
107720
284443
194626
386012
212379
119713
266161
113995
241625
226368
293790
312497
244820
150290
242376
163630
157396
395203
153312
194305
239916
437504
386006
240419
332152
422235
432703
412263
445939
124078
278886
413277
353358
249336
113229
159081
379519
150455
385629
230304
202104
114313
431270
201367
423534
266838
337726
410234
128935
440563
129440
291927
400002
353223
403313
306404
135210
380734
416776
295337
411537
185731
246385
449784
391061
158887
103616
403288
206947
280560
134015
256676
417085
201024
386407
110656
110640
335016
307046
241963
446409
298402
136567
268102
220104
263530
377895
322238
361324
297850
315890
388122
241974
438848
362827
406816
249247
269778
264021
278678
238707
182466
300513
406243
237724
278137
286463
409565
252780
423551
206214
182605
237554
280880
397750
242355
209885
145653
413032
446819
395606
106443
290142
451692
413870
167884
392585
289714
446681
253576
117240
152160
321776
366861
176162
285216
426009
368807
215110
207977
290682
374007
183161
249203
124104
165355
243447
433201
282536
396062
176148
256258
287055
428713
232009
364787
239295
286910
203453
217762
391283
269546
170097
398000
309489
385353
435190
440657
376309
400952
116589
265851
218254
370729
249472
279045
183239
249929
105064
339587
123522
274570
215459
144695
231838
277502
226633
248497
189053
220957
387557
333820
396823
246271
172986
132328
119735
165914
339690
108369
414506
228333
199520
341287
167412
330893
213234
403584
163236
240895
101524
319711
155331
286847
176342
427450
413544
170167
374165
321094
109319
370010
333951
103381
310687
183846
344936
379390
202525
305968
305438
396545
173803
246791
438266
171518
356945
264368
255756
425187
316206
427982
374704
320063
441343
339982
414245
245056
263854
131568
276129
131234
310054
195267
148871
154152
422423
156973
262953
333006
110088
349790
416664
409667
325197
367175
240723
175801
343871
388145
402560
137647
194131
219312
303458
302255
194690
429148
326334
390977
376557
153281
427369
356843
449914
396178
354935
257058
102682
302032
233156
211647
261485
203206
130210
387167
400972
286588
267834
167722
333427
257223
306444
352835
358094
382710
395818
358080
444647
142281
134963
199917
381810
254369
363696
229505
113546
428285
161155
187141
440860
377858
336773
205182
192863
168248
310289
262143
307165
209318
282392
135185
354136
269184
333602
209310
437958
149832
133656
246937
387795
257218
102732
316963
342030
380227
293953
343367
286234
352259
397686
171631
272268
259715
417540
229896
241277
127384
301276
163888
151631
433161
125289
162576
308966
204381
290084
333768
346001
281701
169886
437387
372723
422675
303917
228680
226430
231810
234424
390046
192767
167474
252494
326277
232158
449949
367014
339711
236699
455298
273523
412461
349035
157637
455359
159678
243879
340641
327244
425538
210179
387661
230583
417040
299613
158673
438657
152466
188832
228953
358766
274469
333861
258378
277452
417658
185028
418954
418871
210337
440550
208274
123245
411390
392205
354671
163947
148473
373070
252539
112614
286918
397896
195555
101994
241406
145771
353548
455816
301723
442570
137290
270129
420200
346502
304499
374380
326627
197326
206423
156025
320317
375394
180804
192899
178201
401742
441788
332021
169347
267485
357854
272631
391149
402407
294111
372305
110929
338887
232614
284806
431721
278572
216018
281381
316995
184399
206727
358630
426537
455495
151935
152989
403786
419947
124755
196189
139639
433610
203134
207974
205708
295523
382060
431020
186909
298102
410051
364632
304817
365025
294211
261417
325350
138658
100255
206841
388400
309048
349010
362403
259795
180659
426912
440198
270614
231671
421533
220269
422615
428216
377295
389942
316575
245415
215995
252950
190370
368043
451558
446167
326322
198473
176976
101395
198787
362297
427501
440368
120536
386751
209745
305716
310353
354786
395564
328295
120676
310205
414796
145796
314138
314457
160340
185120
396771
314357
167743
234930
313167
206951
203543
156624
190868
165999
251690
150615
425519
280912
300928
214686
166181
411158
223406
270729
185575
446109
240838
375609
361922
173564
103964
425781
200751
216078
420369
338948
272618
124094
203211
105498
273217
254461
338192
399844
385203
106274
326158
405553
113088
247383
150971
177252
335811
271360
350664
154734
315205
235921
235155
255083
284788
418554
210895
283047
321541
442437
225084
317715
386370
393444
434383
326224
128461
112394
333234
298328
289897
241560
339270
105325
449878
184813
393029
191288
209767
359323
364119
420151
362801
211892
179371
176325
443146
188627
281709
294049
365594
183253
106266
242663
343340
439240
265522
143002
189191
118568
440028
413994
400479
245800
167101
316315
197071
197929
248386
385315
331091
100521
145111
185411
424419
285093
343037
251447
225516
433329
280331
378581
397523
397614
189894
130551
292183
142585
445295
146766
112686
358045
142526
393931
308806
291999
440229
132198
227388
214032
444979
310468
444610
182361
396745
139551
192697
126380
226767
299027
387880
368000
102843
417724
149359
144545
212433
111416
310412
256716
421497
329695
402023
393260
170844
250859
198474
433942
212060
235092
134404
177895
174073
113804
383655
166040
346652
354415
436483
224456
352197
135799
410253
277322
267105
186330
218732
406069
439056
167857
242584
268839
454716
305458
235360
446705
167194
149685
403411
382867
439429
116017
206709
267502
319874
290872
139681
199191
126731
242073
417941
188582
303650
348537
256983
325723
151314
249512
410114
402385
249996
235565
441827
266555
420739
147511
420694
408033
268552
386694
357672
100604
340054
235322
352381
211747
250413
174201
392738
375033
398683
110799
188123
169971
302834
402698
403117
370949
369090
373453
353284
450518
385528
266589
210653
243658
134068
269414
163036
282202
420341
156040
371391
448329
116785
428960
373676
164099
193818
351889
127797
235917
122980
361735
339737
199735
322584
420969
274116
419129
437864
349359
372485
421215
344579
135754
245392
106203
129847
335354
338865
205979
452499
202536
420389
231328
378308
224167
380431
418681
222593
249519
341578
230420
199615
144525
102417
421895
245004
244758
434988
425798
238086
335925
396524
308597
180326
257302
133382
436479
254883
340662
285310
362346
209897
355279
284202
116688
214376
181042
356847
403295
223904
394129
142158
283593
415700
123299
404861
175032
202121
416626
329922
190000
239754
325477
118681
410013
353993
249865
237310
323867
371572
149836
319516
172550
358951
319560
314553
446637
253897
269535
407799
267015
154271
172974
260027
249259
243947
424659
167678
210881
425428
301959
108130
341104
314135
104957
314489
147322
429618
381048
224235
454107
221553
439345
123873
222437
318273
172699
248935
450333
163020
431742
331546
366929
375165
327849
138331
198136
402906
195779
157723
363711
283348
372109
210871
414105
279991
184802
166246
100471
134806
296377
236309
361199
360014
166736
238852
308434
310214
127677
115438
100675
124107
331487
443257
275640
194885
173070
129393
304048
320347
342975
262176
152640
403758
103745
206999
431942
218487
301654
270920
291385
340371
224465
280554
225921
160698
401131
204637
327034
149407
389149
451670
394591
409330
356141
419971
342937
360112
443876
272368
225911
385665
139748
239989
245874
434032
199226
215354
393561
438432
348776
153780
330181
176554
119084
281382
227868
124712
176166
248140
264110
230704
236354
119907
351077
421423
255708
383076
388464
399978
434795
275896
449731
293245
195562
177823
304471
113233
253508
282360
129214
100037
177512
152787
301488
149300
359699
258289
132535
296154
330033
277544
148156
396099
252320
394183
371004
326825
102197
442487
442043
294175
371884
121377
427524
430045
414763
377510
124342
230601
290271
399857
276088
145134
245842
285524
293267
202483
211359
118331
232353
438251
166454
128746
177046
147286
290893
273505
224907
313239
111653
134552
139871
432431
200040
162863
281346
133671
204796
355406
138866
151241
277570
239893
252996
118121
247864
337271
266296
103631
453453
224745
117937
259076
421946
136275
142746
409027
230613
129689
330165
194919
203437
219275
429700
312025
322290
379830
175420
407038
102970
393664
136591
221395
269690
182157
344946
387316
281985
199354
377834
114541
208805
391213
259886
353055
272601
300292
317129
359107
115844
267800
371546
412733
188824
340548
370152
304301
277169
244260
112945
125096
379718
283386
174681
329257
209668
246784
256728
392411
391646
404902
239683
280683
360417
215014
177067
279349
440052
278918
263890
435454
399046
451243
159680
196873
273760
109807
316967
303124
135071
194257
161064
280081
388456
257264
256239
237608
394550
251592
332594
449490
187974
331763
191300
311051
113634
416110
219517
280788
108578
309175
339026
131684
345469
105105
327686
154421
217739
239384
446393
382400
145117
167109
336918
261236
364456
260396
324062
117849
445793
329073
365798
258822
207140
112314
391846
284456
208596
284110
147262
297879
121642
175405
388730
220982
235833
345942
443762
189791
330016
155996
208349
442783
244974
365619
397949
262441
407983
337307
303872
414897
162266
129175
160729
281290
387537
130863
223300
184938
180046
303149
424783
182346
400947
361938
290315
109865
210836
401453
324550
170558
363908
392414
147252
215013
172647
234827
446427
456203
351214
244109
274435
147310
346404
266687
311787
208789
437667
269616
450605
412797
400694
140244
416299
298504
304230
299969
164923
193292
222100
139068
349722
286743
260466
343579
439068
369707
163504
438936
277464
258219
447318
200055
412001
128946
170851
184410
411703
234352
351349
213321
438674
179070
320264
366557
278070
453413
433092
172345
256228
100778
197399
236130
404884
142247
397647
252693
357608
404580
173021
386460
318818
391899
258346
287896
306614
331635
267940
443613
227267
160318
394292
162436
205379
448239
114537
273953
293397
126712
378778
209750
177002
190932
395832
426907
405275
243829
146785
415388
217470
231176
249731
417714
326487
134676
277236
191599
160944
385818
429803
282490
385587
191422
217256
309283
384632
452783
319221
228004
360252
190063
274683
271633
349165
258928
380365
139950
413029
167095
257791
228708
288254
248894
350385
112296
314471
166072
148638
131259
397544
178580
428747
210847
222838
111118
208493
273729
438931
329399
428118
219878
189555
104651
357643
307959
138670
222504
315797
174985
321746
243804
224399
296179
121385
145139
229769
117861
437960
119560
309419
336689
419262
170147
324263
445042
247478
112972
294788
212378
243631
102209
323917
365073
229842
255044
233538
310718
109212
164524
192036
130314
319803
386218
173084
206127
416397
254101
256458
368734
443581
372045
108156
219116
432450
384238
203672
290890
133580
368274
201210
378291
117090
451153
391589
381949
403285
429052
165348
136909
397929
406225
427464
402779
232597
198235
369664
332527
381986
299000
240501
387457
425178
452824
383381
279350
148401
121021
273303
248155
306229
124252
131678
192732
102065
105602
271551
210192
221290
421226
238184
193152
128115
415241
240165
138310
321612
361544
174727
390153
168734
288847
384127
155769
252698
189236
263773
303483
191792
333053
430010
418940
367525
190881
386486
388925
162296
270990
334436
349443
174476
433062
378725
455566
178656
202669
266758
157438
336085
230770
440812
375671
387683
193125
283265
323671
214301
286700
324381
115647
418418
214278
327191
195663
230658
215388
425750
340924
404119
430535
450639
250823
162751
246572
358562
231046
254148
226162
113792
197879
187812
196592
398142
202158
259679
210188
296618
433768
341998
381636
246955
396319
415842
190147
368668
438215
251144
287354
100244
275753
259539
251427
224641
196887
403456
328306
333089
102254
415201
293422
103316
349604
284611
288654
123403
279244
100757
167223
131138
106679
115125
105229
385474
201295
309586
408715
282598
301423
380318
400221
315639
239214
214707
255484
375465
344730
442909
246729
238340
154255
299353
423539
435934
293893
406400
364849
152430
265800
136182
357456
373249
450599
442198
164772
258699
259742
181436
406794
207211
245139
346205
225663
124809
101571
222213
323842
397500
399398
308808
160383
388324
304236
249175
388061
277670
212578
231607
442434
380799
365499
111758
386362
403128
132236
197344
433397
379811
331147
376955
251051
142297
223233
169783
224981
408910
356841
372749
165285
155031
137702
103129
265617
277193
123814
308525
377127
236317
411428
213514
139795
243557
142690
171464
163061
201589
144019
117253
363625
304305
277281
290091
425860
352616
387891
144285
343246
363483
406674
175667
285953
104733
280062
253729
395371
338980
278267
321621
400164
337730
402011
265887
415980
418182
424727
339764
362214
230580
130214
378539
350233
201985
198189
280345
269562
396230
259193
141908
328021
420459
131843
191484
441142
211035
286900
387736
279082
399405
195694
150264
135042
184887
384686
367011
209674
228464
122174
112257
298916
289954
155084
162735
235001
316866
304589
243354
104010
221593
374252
429130
325845
349844
334866
285308
449975
327788
151739
417236
147843
341424
230029
287001
241340
391785
259684
218193
234979
198639
443057
189488
184472
383981
332750
135901
372897
278357
292159
393155
347271
331065
304862
386495
354077
314806
292411
430386
397524
245445
405933
308331
114608
419650
173696
442619
138355
298660
206178
176569
149522
275147
404791
376051
455509
240439
184148
423381
266505
381509
155906
455670
294972
340010
182271
193556
331213
238786
443438
315887
447486
288908
161235
189749
310827
287217
395294
250824
339094
121189
367296
247629
451740
293831
233738
208306
359760
412342
364684
382303
315929
251428
285333
133629
253085
166589
293216
360508
399222
454985
444030
445112
341441
429054
439024
338914
180300
370384
209058
332558
313869
389271
144268
144289
193861
380313
116982
240201
359345
235083
373142
423584
279358
399333
363233
338921
154593
389402
330250
358638
412934
202225
126690
244188
399424
308638
119480
399077
445614
196336
454892
196434
442424
142849
179994
170912
293011
130023
320859
451753
240316
311597
178520
181476
377516
356890
445056
106442
448147
252500
415318
369527
152486
199633
156466
186464
278180
196516
201073
257361
432520
262142
188315
398056
355600
245490
386566
379814
170195
156651
110463
129979
351051
333054
250507
328990
292546
319956
190171
409532
167866
353768
387294
317343
390113
340034
295074
274450
266185
154339
251730
435930
140532
335038
444131
429870
404130
395020
203937
299573
197021
145927
427806
179982
172530
405788
303040
348313
268873
259053
405612
182425
102815
260994
379041
345930
363951
367209
431707
124046
302394
119792
335392
184591
155970
418150
265369
287539
145021
146394
439547
364402
267839
404030
325330
286901
218603
236252
294647
127651
440984
227869
372921
180935
171993
250425
266395
287423
407114
224924
214447
233083
144650
131245
168553
368881
417568
207762
147986
211926
381700
105386
420842
372154
322807
258913
200866
171492
405499
249924
208644
273904
227601
234666
264616
238281
404578
316899
232796
276260
331892
140691
333948
239136
171846
343404
380536
439648
101930
265276
225066
249857
118832
198063
303090
407328
283235
320893
412594
309538
309847
217231
368428
423028
196721
242085
315902
446053
193403
164043
276372
303801
292977
315227
365997
318301
452347
277995
343754
291463
366551
361629
334423
434707
109157
382271
427970
346248
245768
398941
134977
259561
370547
424048
341568
366450
239234
256780
352315
414743
251222
156754
315423
340315
366892
170756
275018
439943
400140
326499
166323
415020
353064
229137
395493
364234
389978
188907
185580
107828
305883
255609
173347
395591
383749
439406
256013
427828
410128
131765
313043
362547
316717
298595
213778
336709
362330
350020
139589
143924
370514
111808
287809
326152
364216
274560
125057
339160
261910
182366
409991
309681
336064
313188
365471
331991
316426
413838
328749
358973
358826
204032
420612
446259
103274
121873
130191
264450
356946
150575
387279
196778
134847
437379
307279
376231
266234
439706
439086
205881
429927
151877
299781
290230
249887
308154
194972
403467
449720
193981
322171
204726
253647
155447
185904
138056
211254
351942
260058
147222
169316
322653
144094
115136
142743
452873
313556
192586
392361
337419
123889
154448
386982
249937
181683
379402
381240
250434
275815
326601
378758
210997
417074
164225
291828
193958
375847
454349
244706
151301
364691
254329
452722
214473
142062
279314
218901
431546
209227
390275
174292
258618
112806
429703
132875
142873
371105
452585
257160
296622
325239
320279
261767
355290
324094
355943
157218
451769
396151
269035
171338
405007
218069
191115
155505
168538
426311
424239
450402
453047
183515
376263
125882
244059
418034
425029
174441
223668
192188
121065
122831
209805
312944
447289
444559
214651
141424
274241
232777
285168
176312
333947
216343
444109
104551
423461
263579
443785
241276
400518
434627
314207
251363
111410
218391
445929
210008
380254
385484
311400
256011
337088
300837
178954
180770
346644
107718
338216
447015
125166
307018
266943
428969
280518
339120
293133
356358
435556
324326
250132
332870
355999
396293
148636
329504
394972
377198
177322
140082
312975
248042
394870
317230
366495
198827
261647
377740
333557
405300
116391
278690
455265
136269
423322
388715
400324
145498
240486
267635
281969
281609
193820
297685
228347
178507
225511
290848
391767
414772
345755
208557
258561
215730
310506
375013
167855
323316
412141
376056
224510
261479
110247
202426
399529
170346
416126
431249
266704
167735
335629
421158
249076
371554
381417
208192
257151
148775
360315
389366
159297
328947
408292
270660
454486
113079
414861
118194
140427
131671
316473
105311
208469
401055
179250
427061
365592
390223
373551
367115
110201
392612
163225
423615
395066
281393
347657
363009
432281
294895
170794
183809
263242
182715
343160
243767
225572
432335
315498
285511
365964
220378
300890
351492
414165
325694
408550
292003
261706
339962
112379
222836
297062
156276
240884
272460
234398
426673
154349
303579
282753
352405
340752
265809
113589
353850
119754
150830
317836
384994
257827
322275
300609
214704
199676
321675
375737
193728
416891
437265
390845
160655
332465
209406
277659
298122
219532
400270
299837
245716
349092
398479
260650
408633
306344
148387
380550
390475
377963
450294
429341
438200
120369
436860
228777
214668
382621
407200
444192
327383
176089
404711
362188
246634
344262
286167
190967
120035
178294
356160
381879
122432
240850
108368
342705
177916
124443
431337
208473
414331
227688
331883
179526
257639
410322
253746
143615
413537
350409
386604
286768
269089
441670
345880
129872
106779
191424
211823
150770
417799
312299
252620
279818
177056
360230
245848
357013
358485
402672
243990
388080
183001
283530
187679
182625
125567
361701
326300
438698
275053
333836
240621
258600
339506
215527
163575
427356
205111
395071
423479
203441
254036
417088
123497
172507
318679
250989
136080
296222
120879
414795
317309
343192
435780
125148
273464
332667
289978
111121
189790
266017
386905
393867
418435
102095
143504
409690
232593
378466
150143
334701
452664
189795
434211
264839
267238
231192
453732
322516
384655
362049
267132
227363
404433
255624
345551
252160
390630
371831
137037
377446
337596
179720
104944
287492
325777
417709
298982
304273
326982
319280
122337
402883
298052
434091
455331
209523
312144
105623
187397
355353
295184
128971
139101
143481
252776
448897
339716
251069
155056
352325
125454
236231
112478
426179
101072
400352
200860
413973
446854
405048
114640
423270
150121
267436
429720
103799
327076
398836
273016
161230
137215
404151
144427
247057
410098
210282
278095
165763
286667
227321
212105
425893
278215
285572
191666
289389
167823
401471
437680
130630
124620
439993
347594
217840
221243
203589
190036
254992
308904
355591
178633
241164
310748
391307
145511
284700
145867
189546
446898
140251
298083
252734
167636
268506
330060
227234
259585
181052
376654
235199
251015
148043
385084
436180
189371
162941
245261
120403
329844
408542
403002
393365
203071
197514
335891
399049
206408
432401
236196
347284
134397
253174
438096
118623
150533
317248
306000
280215
394887
192874
140889
330731
410886
300413
274512
292217
115771
317214
376050
414978
186377
217070
292210
111928
160952
304691
449665
389465
255887
349457
318659
289249
364568
289439
344757
398891
375670
207409
359664
423184
280485
136265
261082
316355
153789
306708
258487
263821
166277
150181
322850
416124
241858
390523
228394
278077
115546
227682
314825
139247
318125
227768
217581
267614
188260
100611
443021
429333
373637
339220
446955
327159
438377
394960
160187
192245
102176
393717
337941
165772
388597
345536
127714
342043
127568
448168
185204
191302
238741
383338
199447
439995
450345
398105
308078
373916
204860
204042
396766
154724
353320
285300
304002
449816
165710
354722
123682
352640
167458
134012
132979
350811
235846
439118
256848
385985
377259
428776
358062
270822
230900
340273
113232
287661
410556
227439
259566
176794
442412
368210
448665
283833
451518
453692
388492
153652
216091
368442
200758
435948
153829
433187
143055
141771
450242
364099
433752
202916
251497
303039
315399
440623
182210
217855
182060
244658
169125
366776
342569
140814
283402
363686
393190
353461
139277
435392
452541
256356
385257
145492
448620
226415
314775
455680
133767
264428
363309
408155
322228
387212
141494
243350
296303
185760
417700
447675
445616
251696
372034
373870
331348
133358
271174
324251
221312
423883
339190
391647
377533
129623
390071
332962
409874
282368
129415
165350
170694
130165
165002
304808
229832
236059
359568
142665
299248
169551
400388
332599
405004
302587
387280
259772
307665
223597
452044
369073
318881
213250
227582
355627
359514
281364
388636
414295
168495
224455
185894
149001
136672
354551
147005
453647
166268
420583
122763
358988
249608
156218
402635
291666
374232
241314
145784
308609
267573
379964
201670
294374
106325
203558
151118
225080
178533
255473
113200
349630
227375
427332
438376
245797
104396
455573
373703
203156
273543
211276
221917
189129
372755
157444
242066
228966
330738
398924
313155
268174
219016
340666
339219
253427
432854
342334
245850
169506
166946
103723
118691
342067
246451
430616
438985
433285
316414
328344
209590
401018
280756
402221
449444
354835
408578
347006
378628
120450
273847
267901
146911
390039
440742
317153
363444
300142
232834
236825
327825
160739
425749
218858
311739
190804
419852
182497
281415
132621
256598
244250
190248
387580
129459
405218
420377
434537
445653
264446
295947
221233
212860
394604
429658
263145
393411
154603
377704
455085
390104
247554
279329
281917
432348
206095
212117
455629
105182
225900
353882
183316
180372
402692
243217
249105
178523
174210
102245
373489
123116
362467
328096
117222
168482
351951
322265
202089
