141016
294589
432617
448396
134195
324797
126894
350024
375819
107341
252139
227158
144004
327209
133724
336335
149633
308429
378648
321462
252138
238732
276477
387609
133674
362159
450253
174923
155843
345411
368764
279841
297784
373673
151990
296472
189659
183520
296420
189754
101787
180012
160903
264594
264892
187589
141525
154460
369395
161463
253223
114406
420124
158607
215218
373017
297971
116291
399836
375564
447959
113210
105861
289038
224324
166503
308296
291911
426954
337999
399653
440866
327897
149537
456144
245515
175509
280752
275859
446627
255742
342289
208893
443233
402699
192447
400117
429072
324013
148941
320647
237748
176666
217882
373769
382202
128276
281895
180371
306494
316005
322511
186633
445768
124992
180966
388451
337065
140372
261656
445188
275974
150387
166687
288484
190325
117088
281964
455899
111378
173204
231006
196267
290663
173856
272770
314238
109528
418664
288880
107941
281454
233966
160663
272901
198466
301410
386194
305932
435832
195510
365121
418698
296978
408415
131998
210455
184357
415823
310444
222784
186663
196191
156611
199548
109533
324334
133291
368146
298219
107886
126101
266375
429669
341697
127876
151576
432998
102859
438259
416089
324828
121699
391807
410557
242129
277128
386043
398328
326353
324022
184219
326441
212938
431180
345054
266818
215705
318731
162431
234624
447916
133440
381907
194957
416343
160948
251665
350312
160005
436904
165438
307452
114816
228920
344949
112588
299675
325835
253709
125006
350447
371487
449920
258683
305433
314556
352798
431287
152111
338294
251147
282199
157483
312741
311657
231347
263187
222858
331227
245875
299694
435302
442921
232496
289715
355535
295486
209763
419622
388314
202983
455485
267007
357229
245790
228416
335166
279427
188149
228710
443366
384741
297157
261081
374216
305123
330700
196024
409770
265071
341886
338232
153575
325379
358958
314195
273412
394609
196156
220939
166557
136820
241865
435782
139966
372551
189332
158938
184421
127150
384456
455160
207575
168417
427004
304247
394878
246800
127846
215583
319594
337324
125799
453937
201610
178463
432692
444920
172103
362670
351463
422578
306629
186383
333285
256771
246588
103563
187497
204483
318427
123787
410356
364885
257770
344076
161912
267193
150188
235302
377693
358237
170283
221944
341953
160260
114798
202944
429950
141692
360237
314510
198112
399802
189010
121712
407395
311386
184900
273655
305711
225232
264788
453785
368725
113956
228423
445788
419344
361364
102636
223891
200462
274321
123588
115596
431025
379286
292086
436984
189103
294861
303736
446587
372124
186190
440846
284369
290798
382486
149458
210320
112970
218966
424920
252860
349579
198124
264523
207482
156981
315783
309308
194295
208702
156700
283106
407761
397838
437904
125131
138535
305539
278074
183983
420758
334707
235842
417167
225885
356089
136249
454310
175922
237260
177171
202108
317817
177575
244684
164899
299741
106857
178108
367444
211407
285257
253991
260081
222294
276151
247490
214501
146627
255279
305335
307409
203434
164820
101402
452313
176398
433531
148969
435235
266447
425745
413809
295920
262609
136718
243507
181627
388092
339590
248991
408462
448023
316368
322365
400912
319160
406450
240329
442004
257196
352842
217306
176326
389447
329712
237914
425771
106062
347622
324597
400968
256298
369364
101324
207716
248796
316278
374477
449241
151133
341411
137197
283009
240837
227431
156913
290473
108611
240616
168941
102477
300156
358989
160004
382481
344045
252391
246107
210850
149978
190414
271044
214269
390571
207069
174612
158958
344503
321803
154644
196758
233756
248574
147943
332262
282980
115161
417708
335089
259893
376184
405808
116876
324025
234528
442941
431796
156780
420549
286503
188490
118029
250971
325709
260165
191408
322983
403160
148664
378925
437880
161474
141891
395597
231966
132865
169635
386031
334376
179492
269412
260065
373718
225772
455737
162824
328161
308219
215386
346816
327923
340791
452183
367238
332514
110528
294328
445457
181103
359995
174228
433375
347314
272505
433671
185306
395430
211990
128247
343475
145583
363969
361963
358964
411708
403695
108855
170198
127218
333907
437836
257734
376984
418988
433297
189723
176013
122476
373533
254429
346031
230153
380451
419461
222661
422131
251830
109889
275190
379889
246051
208283
160168
152138
136886
312922
217995
296075
212620
208487
280069
138464
233287
361802
266346
348159
431403
292156
453008
102372
260169
344924
190655
358802
345261
431351
115041
378604
370840
365407
258014
192247
148943
440383
155857
262916
350111
442848
201697
201869
365108
241379
262580
110002
149655
124341
423080
285986
301481
372064
195433
115414
365462
162561
275796
199755
417515
129961
356720
435912
258862
375223
384345
236106
211729
250141
192222
192013
350302
135630
211338
348185
124399
127945
389677
412706
262258
347465
221296
121179
167775
211704
346378
396470
284058
128356
380758
231711
155341
370822
440843
336107
418966
434781
444711
179439
188155
354263
200687
201141
146168
265156
279378
224117
420410
451672
378080
313189
276745
373420
123186
158844
449324
128938
138540
177671
378411
276081
387480
208914
125584
234905
253510
425358
380244
310483
344508
106837
250977
104586
419321
432915
181308
398366
172649
152621
377285
160030
103016
303596
105046
395200
386892
220349
237658
365037
141312
308398
354091
133725
201941
160527
174570
282748
142011
232085
316056
115062
325753
324834
453909
381260
164945
340629
391482
259762
433962
393889
428064
250165
340291
196387
412619
161142
369808
420757
448934
306696
358167
421907
364661
216503
246964
318117
342722
228549
423788
154745
398185
452074
123671
180857
150392
122553
438537
383773
350268
397783
426746
258206
445727
379410
108642
396369
122157
340978
339712
359814
451040
134746
199449
138534
151199
415960
256850
363545
426252
183103
404651
204821
323460
427499
315990
430530
207180
295144
348314
383415
274524
365506
438635
226867
227809
139700
404589
387478
348457
217705
316010
160159
232289
333181
452443
323827
175970
178364
378465
393590
188196
197761
236546
298071
408041
228695
170555
389432
344963
189312
390503
157573
249108
196326
201125
300246
328688
135323
218608
256025
130936
217095
373478
246780
186498
335398
210979
332492
300852
455631
178025
166746
391478
218639
330240
219707
192985
202521
408611
386211
197732
338632
222942
209011
331434
344758
102120
211079
269651
264004
163411
337993
302185
183192
356615
208084
255637
220173
161418
241826
245092
118759
166993
118962
252893
447378
184822
451467
190605
169208
278930
182477
168116
182307
146242
243709
107581
339113
366304
378516
307402
122418
415846
114045
111571
125807
426435
439769
106197
332678
303751
300913
400116
128062
330435
155245
124898
440213
119503
170165
191154
205292
217996
350785
191867
451860
226451
324547
340525
381902
434249
289677
155419
455249
312087
365782
306676
123412
378988
124075
264411
361347
417068
177074
270051
453281
224648
250500
172225
260126
124072
101505
440256
242062
294219
389670
110135
439314
299841
120169
381076
438051
439295
355758
154741
220086
153943
321516
247292
108859
419661
345320
293641
396465
194947
166867
351879
441790
411994
301293
180197
122450
368332
346920
226758
415242
431957
398482
285000
410461
313803
269964
344302
329669
271286
432847
153439
261727
291356
287924
262895
182530
392840
108757
316877
148486
149240
215240
298446
331542
406399
157689
101810
297086
259562
236057
223026
180781
329431
106352
166572
434502
181492
305785
326906
127337
456043
298475
350819
362478
371583
388158
262102
124031
160667
361387
283246
126938
268351
216417
312360
448121
119768
233163
243860
248844
334690
136456
280767
309087
272545
283025
404150
178872
244663
153861
128748
427000
232638
136272
260149
248735
388761
325548
415618
183077
332084
172796
325881
124117
193111
341445
219807
212319
449388
200554
215320
214465
163840
323559
395487
280500
101702
349226
124602
300829
353671
249979
396356
443075
287404
305442
368342
271271
185269
177298
213057
173702
183325
181889
133144
139473
375239
151807
397497
407722
338424
351199
186304
198134
382316
229503
133823
434758
222344
288189
209889
189295
140225
148569
249384
113261
269022
284528
192571
231231
410622
264912
260302
151708
301125
448053
332703
219079
258324
226813
214130
365800
164182
317973
209827
382729
443357
264399
389525
240397
289774
318810
283037
419065
133311
385331
147168
302910
391877
258038
436029
157992
158570
437609
192213
374050
126777
326565
259827
140280
430289
363037
415472
408595
451172
255012
176840
319162
399279
349791
193397
217146
346351
175485
225790
393131
308224
330377
212267
173698
372981
158572
262917
300362
268999
357492
433890
183359
306994
447182
305467
302413
273438
289933
284137
269842
443526
201389
377833
151140
251515
238650
370035
352784
276818
109380
167247
208328
371426
207604
305896
223212
316698
440070
276090
253417
276323
292940
218405
198494
441784
266803
240059
119045
111801
228401
183361
219185
100780
328906
441281
217598
306659
409018
192395
338821
157735
407264
234401
447641
351022
168543
392906
158896
226822
259885
445621
368531
244596
394318
305235
145577
236292
415783
174771
188608
379078
432021
204230
168084
434528
184953
285771
311643
446368
359805
137264
404760
201921
244125
249287
190584
126145
126096
110543
358828
210451
156531
148430
109476
258210
110765
348903
426627
343844
193891
386619
341349
263110
275754
367595
118636
329887
273550
172816
180952
171593
347630
239594
383153
404790
301385
442164
185042
250426
308644
210889
113145
382991
373784
371337
340585
198213
116918
226642
216264
346497
184904
358048
420182
372429
288113
306460
261602
192180
379160
309519
132564
174186
246307
366311
443932
401095
271400
358451
291335
448231
399334
177660
423863
124472
276995
355493
250440
218947
452883
417049
306380
229722
411812
296110
442711
414989
172023
123359
449686
115554
414567
202007
108153
366439
356371
158465
361564
181870
329842
267402
175962
280537
398785
355889
422974
300251
288497
407759
243594
226020
341970
195036
453627
312547
353100
187426
431349
286822
233699
414526
265394
372761
170749
288047
450100
233115
113184
150386
140810
235421
270086
248320
114286
114903
263293
164109
355995
251714
445154
232389
298497
325123
330605
153989
265742
190029
266181
330756
135610
238421
220507
366807
102629
185852
337974
350683
238664
272745
380835
245905
422674
208198
238359
337352
316122
393452
133590
121661
154321
153726
294529
392339
191382
169422
150637
270116
334832
403180
210206
442979
239354
271940
329547
311748
156599
223278
307625
449458
447568
214453
145165
231412
336841
424558
193537
407560
182638
152235
218221
288292
261678
304099
197690
257998
336939
426539
456214
142069
318043
288323
136987
148084
252242
220493
433389
277127
398643
343903
161412
174750
357670
358200
168993
320891
101680
205179
141943
158566
309404
443225
299471
118406
424553
251454
403087
351855
254871
138447
323215
317199
278777
375353
368935
211206
213586
400058
443708
199218
444498
116973
366786
452624
247076
222243
195436
233653
223387
249453
120600
423834
327987
217781
327098
204241
158216
263153
442762
158042
245545
421167
149030
338718
221639
265462
217755
382573
382701
178399
161299
185373
384170
359149
210326
405972
158158
341023
405290
359031
290547
347831
219111
313356
186499
117064
423031
253477
387017
439637
168292
265030
401592
281455
175855
121893
341609
194731
394575
135529
346949
380947
416845
176873
128074
278655
314202
200582
406123
342389
150767
277016
401331
298932
351251
305638
436167
147024
169642
139613
231750
173026
333992
176508
395109
409375
447888
316333
327740
321289
358317
235529
408434
423327
418479
116214
129115
134864
317261
318866
100577
270022
226538
248821
112645
356688
452372
282868
420205
219411
333431
371511
367676
359881
245451
407871
286068
444299
335705
342243
110593
302925
216211
198936
446215
291656
321778
306636
111077
335071
110096
176094
178684
454726
395559
428623
396997
254813
323004
105237
215341
326404
303958
451900
206064
361014
394910
109983
375674
264609
346589
430053
430817
233696
373367
145942
368662
197436
244959
344478
124139
335917
350606
198035
333938
114066
344482
204871
252122
455675
269830
437272
427954
402026
179552
137462
426616
184475
291939
164301
309038
125358
321963
169082
454136
331377
164196
309859
349618
214624
274901
111319
176417
176598
143025
201898
243397
237894
361722
426663
141570
450064
395190
270347
120754
350500
400810
403381
182591
171800
125172
444266
358313
306042
251642
214925
101574
398133
247924
256711
160718
243693
238369
161926
125947
115631
153069
374365
306894
378736
127634
263160
143658
196224
221454
187930
148945
401449
403272
236601
347848
280780
281467
262680
263979
203955
444598
151130
183952
325327
138619
254757
284685
380298
183304
388396
289337
244341
323726
296365
103412
302368
289342
393046
174531
259173
415815
191640
327235
428012
299591
369181
382708
201550
255748
116376
385610
216073
258716
369024
265445
220344
356111
149350
453444
100713
241946
352422
275863
358767
262296
141074
140299
321797
311783
130653
240880
371665
297999
404300
330087
234459
167309
356961
100346
351116
175018
325459
374501
111609
123083
223933
414033
186026
315667
452231
316495
225396
236010
219923
453001
273092
171455
199583
186786
227988
401883
339386
194179
182151
426184
341329
455557
190265
217552
138424
288796
295021
315308
340908
137783
360720
136177
115395
330632
180558
398798
286049
352417
392136
285621
390263
360704
150189
304569
229160
308276
390974
296564
224075
221222
301214
143610
113761
217719
168316
372598
164550
227529
230643
211518
150805
323606
448682
455367
203636
203009
396008
322391
186676
394395
309402
332947
252114
125146
187735
112903
398854
345114
412970
186538
277771
145236
452165
280399
130838
270056
268547
434811
118661
336512
170691
167450
258801
443116
209938
266330
167038
163942
127039
118257
159586
178044
374659
428082
301106
253797
326540
259273
175876
292382
193131
273208
366137
408381
175209
243455
338285
318074
149864
183535
117708
287128
194135
185420
110206
306068
406471
278234
385302
217421
188301
253827
411750
133351
283048
444465
322155
167629
240474
351779
308459
190178
112323
323950
382411
403356
367045
342780
409030
339224
274735
418103
438523
146633
408235
413225
302738
439123
368704
434746
240198
152691
377229
372971
334012
381978
131627
116494
402611
172584
449307
238056
287803
109920
314607
118899
279126
111868
102653
136825
455771
400850
379026
417790
344555
380175
128080
146532
338486
392282
364019
365911
135828
397634
360891
401130
194799
328965
252761
152494
215768
371203
151054
170773
440090
298779
410801
298758
379699
169106
276209
286529
285293
190095
256510
357264
415950
316951
271462
295980
119886
386367
204524
257969
104829
388246
406996
429322
174009
201531
228560
249431
397236
252069
321326
353810
290385
276850
322809
173947
122399
391913
240150
396764
308317
239857
358769
337401
387410
422194
398186
445684
379007
114892
256672
127159
229006
448988
453087
137641
138872
282643
441270
201563
318990
406722
123174
336218
269805
298923
400029
246068
133729
446087
344514
338673
453902
145315
408929
169469
311967
374431
303825
313316
375339
268670
290046
222471
334500
293455
290347
394209
355299
451786
171612
155966
153332
268067
298316
274779
419307
432729
211687
395313
250012
388473
189352
292215
181246
246736
329572
125211
285851
291839
263893
287033
408957
181981
169532
239265
184301
386342
218622
393410
368236
387686
121058
301269
275455
443482
456163
110464
205945
367321
335274
145438
227635
447157
113212
400395
210573
395571
449677
367162
306919
368295
271132
182942
285089
143992
112995
365413
368799
298781
408500
363550
262233
145222
270483
265295
407989
409004
377032
145928
301759
423918
291511
302556
195007
242110
137663
418633
450334
198014
350834
233661
172234
108339
124499
378038
256857
370283
257266
152861
269855
301983
274610
132174
130750
390248
446497
416160
222269
363778
374220
434845
316586
207549
208819
246775
168910
244727
303993
154150
148548
447700
281863
404698
323188
378974
108330
399360
302543
301079
351516
413099
441543
371934
173265
406061
367112
386645
147105
120561
156461
414893
235676
381320
386021
178672
132096
391856
207785
376932
288954
169362
113282
158392
310053
319714
400542
334609
394294
105780
151512
262601
230718
337335
131562
205143
179669
104707
179426
355762
410671
142780
426407
239041
204338
199314
455410
302636
280923
205362
267425
152221
208278
153660
131131
313600
311125
383402
371575
329854
378416
103698
121566
325620
317159
193221
351576
287488
152501
354653
125339
265015
256580
253254
227472
249063
341690
332434
289575
322971
288043
302147
261120
342680
144083
423919
430349
202117
267454
339020
247055
206425
148234
261436
158697
446789
335090
417080
124062
287973
102700
167725
384690
203091
182561
120609
307763
293254
243691
354373
151202
224588
104950
419581
314867
151492
246020
106151
157586
176563
227184
240032
100406
435329
212457
398048
446488
180950
261490
334524
100487
404306
296986
126360
346261
237948
342879
152666
267171
145704
355414
148492
414600
405577
227214
407827
294957
215732
244491
426374
382676
314353
159062
235524
312636
441993
123329
265841
329033
414726
232200
164138
420910
428345
134086
318919
372947
420718
389491
140447
279866
445944
179914
338245
146743
259854
320054
405462
423886
382607
410544
158671
214547
248885
302742
281198
195620
120366
454597
248233
163675
129652
352083
118643
174907
424178
144564
259778
149101
382623
283215
175217
191611
134471
383860
101116
187370
454898
258039
191913
251875
404374
288998
191420
153042
198732
276908
187051
268995
111195
220289
294097
393219
166884
368942
426869
268345
285974
440420
441322
336244
288845
401546
207872
288615
434401
193011
119119
291014
352625
364027
275741
377661
158530
288105
211401
370124
442907
407236
350115
366355
325363
130175
344862
441616
419345
444054
299982
351982
117794
385011
235614
224001
302590
141303
397370
318462
195464
291307
421153
340773
364046
124878
193251
185927
416254
181250
297406
321863
359067
233414
113731
196641
356912
346532
443176
385163
313650
112309
225894
302156
283885
139944
285428
383057
158029
103113
286103
236687
449519
169723
437439
154009
209472
265199
130153
115060
272230
422860
148347
312675
286999
372819
386207
165155
195223
428145
248395
386427
328793
244828
382182
113600
161509
139768
172741
161457
184732
277950
359109
256748
431839
438528
391479
100475
311465
453911
420066
401115
237366
240749
384740
396073
307106
418058
297091
380197
415892
384274
259560
259128
265420
384769
162454
135153
260641
124122
395644
174477
202266
143287
215362
224653
367464
187444
272922
373245
154542
410776
147613
311169
321733
281713
254765
431552
343026
199626
348090
225626
238210
449311
109864
395297
215111
315336
450765
132499
125716
404200
221133
213406
196308
393780
217153
142675
285602
109172
120418
273997
336306
184188
224277
447973
393215
114038
354072
107797
375321
178732
170402
420276
121178
394688
446659
286152
317209
145166
385604
131015
222247
425888
121993
120767
355618
305185
250934
180592
218023
280164
447640
132415
219299
224806
116617
158749
397471
413541
331335
297925
200117
151509
200661
240185
422917
439162
406172
370225
258477
152218
158537
389991
145555
385784
173360
134581
227263
343909
228552
246496
352995
174124
147978
349077
331695
317421
233612
384482
211352
400353
169406
105052
275095
134257
390352
116663
232241
450851
376995
268962
333739
100631
117689
407076
213211
367724
229645
431706
285782
436003
107515
328138
219323
347176
406706
310032
281670
393608
454823
206818
451884
281594
208693
332070
363440
455956
181272
346794
172208
150775
380367
407065
154597
369633
199611
237049
208624
257350
362388
169157
388896
418690
136971
306504
402630
106969
165064
238970
290869
189879
186440
320170
183054
227605
377459
339134
400260
136189
370709
400162
271014
345180
106548
334339
220469
359569
349368
226973
179619
197286
304251
100593
296867
145323
138134
432885
170852
347586
299743
111595
344258
334943
242695
424614
316743
320811
420729
166681
344656
295854
446933
116126
320571
187820
191762
143213
158172
311321
140846
382779
439752
367109
448828
320768
134869
426591
251509
424655
395723
149156
292461
248408
126718
245680
316864
301701
112565
408812
294675
411696
391681
288446
423094
348798
230022
234008
275909
320727
361042
436678
382785
385432
347820
231143
202738
343847
287436
396158
178115
134203
343259
120844
117380
209780
238241
397740
411751
266454
125183
211851
310326
336012
358773
237035
327873
134559
344805
440626
230741
159437
296010
447104
387887
113135
266152
391961
173530
338429
171857
190595
153296
399515
203668
239622
427599
211658
423323
170034
336888
393795
444601
377913
449276
359848
339208
119479
243512
113448
279936
358116
413641
351466
300173
171849
104395
413158
203225
221644
121467
422379
348030
443761
272916
343427
141468
448000
172963
373058
321515
208752
190497
102461
115086
332158
411200
425496
362819
121457
443377
186837
431502
188125
141663
273384
107173
259141
419999
291903
390185
408011
446990
448906
265101
361950
441568
121895
399504
409681
283208
335359
105420
225291
123254
195759
128810
349244
276704
421689
216466
406426
316835
321725
245639
182813
326860
415088
245235
350738
137198
331996
234399
244593
160851
412607
412852
277253
374016
126082
334413
288541
127648
126552
266261
225280
327091
440447
110570
150061
147665
406165
107332
283055
207795
265848
201968
428317
140167
126946
274712
149817
367767
151121
372591
213237
305829
316256
210649
266028
202404
166923
163320
316233
214582
152895
392521
182410
284445
445729
172227
364532
272458
100737
215300
194693
140600
404069
124127
139109
175460
308712
213069
194002
421967
391002
409125
257592
274817
372648
167567
204258
415661
326058
195149
332314
208928
119174
288506
281878
302090
243918
349865
261047
157318
399492
216215
370337
235305
318449
264982
225605
264507
109939
148502
159487
253196
242012
200558
362587
179361
440115
185524
278250
109695
446602
237607
129828
385201
396895
333897
223879
366588
290452
377467
204824
390454
201542
237690
131070
397764
178437
267680
412148
228611
455301
411294
139943
157556
270332
158024
281754
285237
307587
217017
224988
397298
316927
424627
317367
297008
166333
424998
429647
132900
282639
385279
176042
193542
290344
394529
290827
247037
113473
146750
273425
122673
237643
169930
150314
254449
200511
446502
406468
416441
415840
317498
200027
202140
281268
418888
199300
206580
209768
313890
195530
190107
414429
176006
407265
133102
320791
281872
386514
404976
312646
382799
150170
258759
373860
142863
252164
332082
303501
442178
156023
130978
295390
213188
198710
163078
368885
325143
118586
299008
283397
316886
218082
145284
347026
232065
440965
213139
321859
219488
299217
325025
120944
307914
147899
423215
437040
452061
174738
312527
149383
128394
453710
241238
310907
438099
352982
285611
374710
429841
237300
348723
117628
275464
208591
119292
231067
408906
437044
415657
412065
187262
281186
185290
348569
336069
184513
207236
226297
132146
301323
381433
387487
143762
442146
421805
441121
265239
322562
382852
126905
188396
232681
442968
113033
277289
159187
178632
146728
267476
109209
314146
133262
168377
151059
259711
310494
387615
218857
237816
261453
350383
120727
392324
139284
247912
226087
387130
297204
188197
330052
376763
163913
181589
430638
302674
301913
196032
144727
235600
318367
329201
130201
105879
358120
149740
316452
125188
105291
340413
269990
350926
100486
321339
241792
336824
176706
162488
378522
256560
293547
109911
117988
298334
260810
428183
405897
265042
208558
195484
239092
415814
352355
429223
449921
183514
425789
398712
395609
300620
365668
302060
367397
138249
208880
123927
405759
431310
219973
344033
176341
260865
452900
333614
259440
312882
100246
178630
259991
445046
218169
384163
383627
146170
377473
287241
371146
118175
436004
199948
266184
328363
421465
105504
455915
157520
351761
239497
211261
293792
331816
356093
396296
191462
238058
121995
331512
208080
355478
420745
344732
294672
209162
371844
421057
454965
120221
320878
336160
417425
240917
258182
136700
227441
322185
109655
309532
143637
298663
223036
419360
279913
211522
414534
203451
231920
239950
367775
222828
417484
256620
419653
160240
400104
420581
200445
385724
160894
231199
197542
182280
338818
309991
338580
125629
455997
309259
274335
325707
318322
174958
290823
160287
222770
315544
321477
253481
195861
364528
448090
103328
429865
207197
417854
164199
289229
405635
357065
382752
443890
329455
219128
329530
367735
357129
396320
369756
174244
349898
425325
306717
264828
421416
247872
336765
252484
249091
315078
258888
194801
173622
384160
328893
399541
173954
400445
176892
262588
454050
127778
243176
190271
389169
229800
126831
134634
154725
432250
191025
408848
116574
319866
200213
159888
218025
193886
454355
171140
128871
368962
285988
454942
359482
452967
429895
116709
200137
422400
136358
378665
105186
215199
453990
396696
171062
282721
377413
176039
131338
275561
443915
210279
370938
293783
291483
197758
228942
263932
156500
334272
104619
221783
111953
176674
320579
304816
327881
102263
332832
195787
397322
319381
164515
363149
141532
418087
171949
412164
404423
436351
435279
154946
158692
258320
432290
317169
210297
227292
386062
351215
395254
277826
403716
181970
181244
372173
248266
445584
150885
308820
158563
165353
222785
456128
138667
361672
120950
437987
271408
139483
200733
190918
322682
297145
111549
175787
215771
401244
102954
334205
321692
259046
404630
187794
165272
205462
436201
312074
224242
210954
169180
140604
217912
438087
386900
143409
419511
154273
270573
372683
255628
187352
293936
140491
258706
412723
343512
401551
321600
398946
403853
388797
385333
121400
213960
390205
234925
419018
276943
273312
241785
245431
119782
245526
446900
397323
139961
279839
120041
374556
349290
257221
341563
429153
168352
333864
203582
348592
424634
148356
261001
330484
372058
213807
139730
292831
168269
189547
417229
187747
130456
257090
315585
108823
143318
303832
107448
146898
220581
341854
171496
253676
203452
169758
322558
258033
153540
189412
102167
354019
276002
197968
381813
280958
170975
183615
185873
352111
367802
388974
107856
373005
293882
192844
249065
358356
213119
273120
356504
349546
412112
154648
101948
134113
327511
255458
367520
368373
432711
329024
118009
162122
447057
427518
272491
110423
377629
394834
431192
279931
159371
361448
179240
123058
441570
366759
332015
327632
301689
232239
425038
229720
270533
319771
398897
368731
119374
179386
372895
446875
392627
157792
204956
425465
201475
270069
142341
114581
321635
445497
434857
217437
128716
140271
346999
141521
195514
191739
393332
338790
454433
174467
354204
314849
444164
316528
353665
149443
344764
197051
348381
288172
322935
121397
404060
150415
368112
187778
243339
422218
132246
220573
425973
329029
245325
352226
150644
243042
110614
344688
337384
201641
173009
204671
333811
287010
408361
111219
209998
351755
299392
440112
384839
384523
430510
373835
138589
148172
250250
112782
452879
388413
414789
180306
390967
355397
435327
203833
131516
348555
184031
246983
214310
158063
380382
134431
123305
188246
348059
268874
283107
268415
242485
307161
255014
232102
412952
435517
134220
272579
117184
367387
413852
334333
335654
132156
116752
428147
139922
438406
396871
220933
245982
205631
157026
270237
126128
291984
376983
119828
144493
345815
334851
212031
117697
191798
248174
381140
201933
276771
177836
256504
191934
406056
111814
320370
179120
165346
228317
108337
129461
180370
101763
370692
137897
384089
373509
400679
440926
146123
164907
163341
405110
338698
400677
439150
213302
446910
315551
238501
284472
422705
192730
143670
198174
374348
312905
396413
374616
257957
429790
275005
416039
242135
115240
306763
323433
150774
253969
123911
350726
356853
172293
455306
299537
396415
313854
235682
287095
199899
373174
257417
203448
222041
441953
285657
265412
398112
288405
259502
295902
243082
143545
131278
165820
288968
158112
266772
308548
364121
425813
267796
437567
202569
432627
298534
228292
226081
215202
342398
415833
332905
224275
409378
446901
384009
430972
118253
158621
228069
402413
272942
192148
346158
183607
315828
137217
336304
230678
299467
380679
265182
172095
315411
455610
324506
214739
248168
159629
188698
399642
216762
318966
277270
312811
156304
285011
270710
155411
118456
425606
321501
373837
367278
257837
371098
304820
169574
295142
162264
399534
137707
208414
381786
116507
454037
134900
353789
439329
127480
107366
412840
134578
427944
228724
329897
311074
349896
208545
115178
320218
194730
447151
387918
302983
310625
273971
392614
305906
263817
134717
301333
382028
340554
133157
203618
184281
449765
249484
157516
164806
231250
149995
426368
198608
271470
190440
146339
215555
360883
358299
404562
340882
397264
117692
220310
222375
326031
221042
345614
244474
452794
373350
426266
355751
200796
370177
122601
239362
321888
416010
183807
289776
366522
152283
233633
200925
307734
315821
320723
307379
300531
324492
445309
266785
145362
284179
107805
401524
124153
275953
325977
300514
114351
414014
298909
359111
356384
247198
373794
335576
254929
371028
254528
130395
274859
130925
404636
440202
102350
452605
380693
244007
416154
417024
111117
225490
339866
437453
282293
256368
297063
413108
159251
239437
383579
372497
133113
137138
143563
271410
128055
452589
125844
111265
270036
133194
117841
260607
312183
425124
429090
197823
214818
165647
363699
389224
268229
376318
415606
191397
447116
369681
315482
402583
159094
210640
249552
120427
124988
234557
348436
375513
357265
418900
446672
355891
260976
153053
267666
442571
301119
192835
271968
241337
284372
131876
276658
438507
433232
376807
241810
338005
406305
204053
454658
429376
164744
150043
275474
207983
120203
162583
306122
350132
314183
335987
262897
288010
363708
248964
147492
289018
367187
152733
283787
245753
135720
119121
171092
209566
202856
259874
180968
328667
318489
161822
367951
411211
323626
425011
421299
193561
452030
103649
214222
107854
218816
203429
193276
336235
198648
123259
370584
328556
239091
202696
125757
366329
229565
373951
365628
289071
187155
214280
269480
275752
191483
112595
156096
386596
121282
203508
339916
180810
108340
240967
432423
297138
366204
128790
153097
103006
440796
401707
182392
142889
103644
399779
392520
315586
100434
340189
202980
400794
278534
379544
155881
379545
319657
448448
174719
287114
318903
365662
190158
300719
175853
181897
133807
347488
138874
140882
360065
103222
112475
341306
121607
396093
342727
393622
350147
386487
211934
347406
274776
241551
419522
134769
256166
126019
366179
437898
167070
402098
149423
352575
361663
239970
177837
163306
355590
282514
361971
165898
145853
240002
261823
443390
358209
398276
117057
267936
285846
283126
233000
206478
453833
406951
337194
447045
338823
449078
279635
174475
342844
344161
107969
410169
105296
100238
372080
363416
350075
117334
297475
334694
305642
193341
321575
411316
215801
422276
216915
311797
229922
433006
335008
247673
418008
163089
144838
269682
226268
194086
210292
312661
177843
288554
327895
404805
447208
152834
415370
405601
348969
189794
348425
324709
189617
304550
310438
166578
114619
364297
191539
424778
338445
252259
167892
233020
160157
309745
358734
364452
189049
224148
273852
263926
143197
177317
276176
271043
237231
295862
126755
237988
311354
166587
400586
270999
419404
110210
181259
427087
145857
277923
385038
335173
118209
358514
315015
357021
282619
396010
265672
364048
134831
125262
371897
295407
284420
385439
256967
160301
196582
357794
455657
138380
220792
207773
373813
232595
439449
263216
116599
406877
137331
420674
226106
414904
176740
311490
290458
170917
361215
234939
239415
177570
301635
215163
165493
444463
184810
191660
315272
402968
301712
180385
415047
275893
112837
179645
452166
425043
348083
268416
377435
379261
285013
431848
236805
397953
158660
332567
424980
151062
221601
157464
222464
257097
342213
166412
167653
209378
337957
203658
227187
293082
321470
194263
360896
211433
218906
402488
112839
436646
335719
271353
360094
139838
199335
123664
404090
418468
267718
438028
307525
419451
445763
285080
360493
117574
435583
424053
162590
225725
242945
383861
175781
256766
285025
272181
182531
172705
297983
409898
280179
386709
417039
191346
379242
437126
188241
330232
352411
358066
415674
246174
159587
296834
198727
297982
226707
297125
329910
314330
437353
432971
385104
277742
370660
104487
135715
252084
426039
249272
442563
296891
382597
333396
186686
318329
226229
351912
133886
155336
171921
131139
104468
242207
300381
321399
160002
267288
212804
318832
308882
220487
133809
360954
335300
289569
316303
238851
222997
230562
148696
230619
324127
295671
393360
124346
164070
252333
369524
346513
234022
395639
296671
284808
454158
374785
178349
431776
269102
417946
259312
240371
258300
387471
334165
105373
292582
217571
438299
227911
181884
450220
314658
370398
111929
143700
337894
134491
159662
202132
107605
209062
142489
173951
155909
251375
195157
344085
415343
346065
433248
326313
108903
197815
335539
174276
284261
323355
389911
166077
438482
108756
395347
410812
391495
288943
259901
443769
376793
404660
176449
201518
205276
151217
264707
443372
199025
301181
332133
450202
453451
175540
161207
256457
268396
133681
202950
432625
164565
123258
335869
387735
129470
274612
247810
172613
389927
403868
403994
351421
320355
394911
304275
100573
198212
140156
366592
102366
243041
122637
158792
151358
438477
133021
301066
398847
146453
286317
111530
284443
322753
194626
212379
119713
266161
113995
301760
226368
244820
242376
157396
401457
311804
437504
240419
332152
422235
432703
412263
445939
124078
278886
413277
353358
188013
249336
268003
113229
390935
274050
159081
379519
150455
385629
230304
202104
114313
201367
210988
266838
187592
219577
410234
128935
440563
129440
346752
400002
353223
135210
380734
295337
411537
185731
449784
103616
206947
451360
280560
134015
256676
201024
386407
230175
234059
110656
110640
337655
335016
307046
366906
241963
446409
251103
369057
405776
298402
136567
268102
285814
125138
263530
155632
377895
297850
315890
168652
165316
388122
241974
438848
179263
249247
376437
306802
269778
264021
278678
263053
238707
182466
300513
406243
235281
278137
231321
286463
409565
252780
423551
206214
237554
280880
192708
177604
397750
242355
209885
145653
413032
353701
177107
106443
290142
451692
157315
413870
167884
392585
440887
289714
446681
117240
152160
168371
449198
198265
204695
321776
366861
176162
285216
426009
121740
368807
207977
290682
374007
183161
249203
183594
165355
243447
101218
282536
396062
176148
256258
287055
428713
232009
364787
239295
359009
286910
217762
391283
250333
269546
203101
170097
181719
398000
309489
385353
435190
440657
162519
400952
116589
265851
218254
370729
249472
231505
249929
105064
339587
294562
274570
215459
278291
144695
231838
277502
226633
440548
224422
248497
189053
220957
396129
387557
333820
396823
246271
172986
132328
339690
414506
228333
199520
167412
330893
403584
163236
240895
209846
319711
155331
286847
176342
427450
170167
374165
431515
321094
109319
272335
370010
103381
310687
183846
300044
303862
233283
202525
305968
305438
396545
246791
113244
311031
191069
356945
264368
255756
425187
316206
427982
374704
320063
384567
441343
237590
339982
245056
263854
346551
131234
177400
163779
195267
154152
422423
410662
156973
262953
333006
110088
349790
416664
325197
343871
388145
402560
137647
194131
246806
219312
303458
190351
194690
429148
361358
326334
390977
153281
138141
427369
356843
449914
396178
354935
265867
352899
257058
102682
200580
406034
302032
233156
261485
203206
130210
387167
400972
286588
267834
167722
333427
257223
442904
306444
151000
352835
358094
382710
395818
358080
444647
216094
142281
134963
199917
381810
254369
229505
147574
161155
440860
377858
336773
192863
168248
310289
307165
282392
135185
151321
354136
269184
333602
385047
437958
133656
246937
396170
387795
257218
316963
380227
343367
286234
335989
171631
272268
259715
417540
229896
241277
210331
312702
163888
151631
182284
162576
242820
204381
338491
415362
333768
346001
334036
281701
169886
437387
372723
228680
226430
231810
234424
390046
192767
153078
167474
435018
326277
367014
339711
236699
273523
412461
349035
157637
455359
159678
243879
340641
327244
425538
210179
379395
230583
114242
299613
371795
158673
438657
152466
188832
228953
307225
358766
274469
438767
417658
418954
418871
210337
208274
123245
363980
411390
392205
354671
163947
165375
331845
123996
166472
373070
252539
112614
195555
275040
252505
101994
241406
145771
134022
353548
455816
130920
442570
400823
377932
115212
137290
270129
420200
205457
346502
304499
387638
326627
197326
190080
156025
320317
375394
180804
192899
178201
381706
292473
441788
150736
169347
113689
357854
272631
391149
402407
294111
372305
110929
338887
217030
137725
276114
431721
278572
281381
272835
316995
357726
184399
206727
403909
358630
117330
151935
152989
419947
124755
196189
139639
433610
203134
317145
109609
205708
295523
104948
431020
186909
298102
174998
410051
304817
365025
294211
261417
325350
138658
234355
206841
388400
309048
351288
349010
362403
259795
180659
426912
440198
270614
122402
421533
422615
428216
377295
389942
281271
316575
245415
215995
252950
368043
451558
172085
446167
326322
198473
176976
198787
427501
440368
120536
386751
154698
114596
305716
354786
395564
216391
310205
418128
160340
345318
185120
167743
234930
207495
206951
156624
190868
165999
251690
280912
300928
214686
166181
411158
223406
270729
185575
446109
337682
315562
347198
181348
240838
375609
361922
173564
103964
425781
455569
200751
216078
420369
309389
352761
272618
124094
203211
254461
404204
452280
338192
171941
333825
399844
385203
106274
326158
133233
405553
113088
150971
335811
239550
377703
271360
350664
126537
192902
154734
315205
235921
293127
284788
418554
210895
321541
442437
225084
317715
238164
386370
434383
128461
310575
298328
241560
147464
449878
184813
393029
209767
359323
289535
420151
362801
211892
176325
188627
281709
294049
365594
183253
327029
380302
106266
205489
242663
447762
343340
439240
265522
132494
284321
143002
161174
189191
118568
195138
440028
413994
228391
154665
400479
245800
167101
197071
197929
440358
145751
248386
274242
344373
385315
331091
100521
390417
424419
285093
153298
433329
280331
378581
397614
403170
135436
189894
130551
142585
152308
445295
146766
277459
355277
159513
358045
357615
142526
393931
231310
381652
308806
291999
440229
227388
453091
214032
444979
310468
444610
182361
396745
203537
139551
126380
299027
387880
368000
417724
149359
144545
212433
111416
246360
407258
329695
302105
393260
229127
170844
415476
107411
198474
433942
212060
235092
134404
174073
383655
166040
346652
274308
354415
428253
352197
135799
236489
277322
267105
186330
218732
439056
167857
242584
268839
203221
454716
387507
305458
235360
268940
446705
167194
149685
403411
382867
325115
116017
254902
206709
267502
319874
290872
325352
139681
199191
126731
242073
417941
188582
303650
348537
342400
256983
175213
325723
402385
249996
235565
441827
266555
420739
420694
408033
268552
386694
357672
340054
366138
235322
352381
250413
174201
375033
195482
398683
219671
188123
169971
402698
245375
180926
403117
370949
369090
353284
450518
266589
210653
243658
269414
163036
441410
128717
244444
217726
420341
156040
293823
112993
448329
116785
428960
373676
164099
127797
235917
122980
188745
199735
420969
432589
274116
419129
445033
338231
437864
372485
421215
344579
245392
258316
129703
335354
338865
205979
452499
202536
220326
231328
378308
224167
380431
418681
222593
383882
249519
341578
144525
421895
245004
259080
268290
244758
434988
367049
425798
335925
396524
308597
180326
257302
133382
436479
254883
340662
285310
362346
390619
209897
355279
284202
116688
143128
214376
181042
279774
356847
403295
223904
283593
415700
123299
404861
312599
416626
310731
329922
239754
325477
118681
410013
398707
353993
249865
323867
371572
149836
319516
172550
255535
314553
446637
233346
269535
261269
267015
154271
172974
260027
249259
203310
445521
210881
425428
301959
341104
191335
314489
147322
413900
381048
454107
221553
439345
123873
432187
222437
172699
248935
203768
450333
431742
331546
197779
366929
375165
154313
327849
138331
198136
402906
384153
195779
157723
339271
363711
283348
425866
372109
210871
184802
166246
100471
134806
296377
236309
361199
360014
166736
293956
328271
238852
411982
425500
310214
115438
100675
331487
443257
275640
173070
129393
304048
320347
342975
262176
152640
403758
113211
103745
206999
431942
218487
301654
270920
291385
395404
135442
340371
224465
280554
428652
225921
334968
413067
282578
160698
321264
204637
149407
389149
394591
409330
356141
443876
272368
385665
239989
245874
434032
429002
199226
215354
438432
348776
330181
176554
119084
281382
314474
114685
124712
172041
248140
264110
236354
119907
351077
421423
255708
383076
388464
399978
434795
449731
293245
195562
177823
304471
113233
253508
129214
100037
357847
177512
152787
301488
359699
258289
132535
307512
113519
359997
141715
342819
277544
148156
396099
252320
186138
394183
371004
326825
253386
102197
442487
442043
294175
371884
137050
427524
311168
187753
414763
102236
377510
124342
230601
290271
399857
276088
145134
183842
285524
208230
202483
211359
118331
287496
129511
232353
438251
166454
281724
177046
147286
290893
273505
313239
111653
134552
139871
432431
200040
162863
133671
228804
138866
151241
277570
239893
426757
252996
118121
247864
266296
103631
453453
224745
117937
421946
136275
116132
230613
330165
203437
219275
375226
333429
429700
322290
175420
393664
136591
221395
237880
182157
344946
117295
387316
281985
199354
377834
114541
208805
261608
259886
353055
446303
272601
317129
186476
359107
115844
267800
371546
162390
412733
370152
304301
277169
244260
112945
125096
327195
174681
209668
256728
392411
272264
404902
239683
280683
175053
177067
279349
260879
115231
344664
440052
278918
263890
399046
451243
159680
196873
273760
109807
303124
135071
194257
280081
388456
257264
256239
237608
394550
251592
449490
187974
331763
191300
113634
416110
219517
280788
449696
108578
309175
339026
131684
154421
217739
172362
374315
239384
388583
446393
379527
145117
118533
239784
378229
167109
336918
364456
324062
112658
371998
117849
284217
445793
329073
365798
207140
112314
111257
101298
153006
281317
284456
208596
284110
147262
297879
121642
388730
235833
345942
419663
443762
189791
155996
208349
442783
244974
365619
241112
262441
303872
414897
281290
387537
130863
184938
303149
308351
424783
400947
361938
278905
290315
109865
210836
401453
324550
333605
170558
363908
147252
215013
172647
355467
234827
366182
446427
351214
244109
274435
147310
346404
266687
311787
208789
437667
450605
412797
400694
140244
416299
298504
425605
304230
212852
299969
164923
193292
222100
349722
260466
343579
439068
369707
163504
200055
412001
365867
315378
184410
411703
234352
351349
213321
438674
179070
306269
320264
170541
366557
278070
453413
149356
172345
256228
100778
197399
236130
157759
112404
397647
404580
386460
318818
391899
314001
258346
306614
331635
267940
160318
162436
382704
448239
414104
114537
378778
190932
395832
244650
359057
247650
243829
146785
415388
334783
109174
231176
257085
417714
326487
134676
277236
160944
385818
429803
282490
191422
262790
156452
452783
139650
156957
319221
228004
360252
190063
274683
271633
349165
258928
380365
380441
139950
413029
360330
411950
257791
215846
130657
228708
288254
350385
112296
139741
314471
148638
131259
397544
178580
287686
210847
142654
111118
208493
443735
438931
329399
370958
104651
357643
307959
138670
367578
396072
315797
174985
290269
321746
243804
224399
121385
145139
229769
437960
309419
336689
419262
229991
445042
247478
446757
112972
294788
212378
102209
323917
229842
233538
310718
109212
164524
192036
130314
109500
386218
173084
242957
416397
256458
368734
443581
372045
108156
384238
203672
290890
133580
368274
378291
268364
364696
451153
381949
429052
307529
165348
284848
397929
222633
406225
427464
262467
402779
185088
198235
369664
408227
381986
299000
373034
445705
163818
240501
387457
425178
452824
121021
273303
229676
124252
234968
195699
102065
105602
210192
221290
421226
193152
128115
415241
240165
138310
419224
400102
437926
390153
183759
207694
232844
288847
155769
252698
189236
263773
191792
333053
246161
418940
380515
386486
341987
416133
388925
162296
270990
334436
243212
349443
174476
235162
433062
455566
178656
202669
266758
216286
230770
440812
375671
387683
193125
323671
214301
176703
286700
406304
115647
281673
418418
195663
346815
230658
258674
215388
425750
340924
404119
250823
313468
162751
246572
358562
299809
254148
226162
113792
197879
187812
202158
259679
296618
433768
381636
246955
396319
415842
190147
368668
243133
287354
100244
454762
275753
259539
431024
251427
102302
196887
403456
259157
328306
333089
102254
415201
293422
349604
284611
123403
279244
100757
167223
131138
106679
438607
201295
309586
408715
282598
301423
400221
315639
239214
214707
416147
344730
276407
434488
124936
206277
246729
238340
154255
423539
435934
293893
406400
364849
265800
136182
357456
373249
450599
164772
258699
226990
312894
259742
181436
406794
234041
227051
207211
245139
118690
346205
225663
101571
263344
104543
323842
397500
399398
160383
137834
304236
243379
388061
277670
212578
362019
415643
231607
442434
380799
365499
403128
303043
197344
310013
433397
379811
376955
251051
224981
353549
408910
356841
372749
345449
137702
265617
123814
308525
163359
236317
411428
213514
139795
142690
171464
403921
209195
161544
117253
363625
304305
290091
425860
418292
352616
377586
387891
343246
363483
406674
175667
285953
104733
280062
253729
116738
395371
338980
430074
321621
400164
405515
221050
265887
151056
157867
277448
418182
339764
362214
145986
230580
294985
130214
378539
350233
201985
419302
198189
269562
396230
259193
106450
141908
328021
420459
131843
441142
444214
211035
286900
279082
399405
195694
407612
332469
372919
150264
135042
184887
209674
108989
228464
122174
112257
298916
426997
155084
162735
180102
221720
316866
304589
121629
122113
104010
221593
374252
429130
244859
187210
285308
401783
327788
151739
417236
147843
341424
230029
241340
259684
218193
198639
443057
184472
383981
332750
135901
372897
278357
393155
347271
331065
304862
423378
349391
354077
430386
419586
245445
405933
296830
209018
308331
132304
419650
442619
138355
298660
206178
149522
275147
180330
134171
455019
212489
455509
195534
240439
184148
266505
330089
155906
145200
340010
182271
193556
324526
284090
443438
447486
288908
115640
374975
189749
287217
395294
250824
339094
121189
367296
442014
247629
451740
103348
293831
443668
208306
359760
382303
315929
165402
251428
142314
285333
351726
181923
133629
166589
293216
360508
217966
399222
454985
429054
439024
180300
237034
173936
332558
437729
313869
390326
389271
291315
364491
144268
144289
193861
380313
116982
240201
134829
442707
423584
279358
363233
338921
384879
154593
389402
358638
412934
202225
126690
244188
399424
180194
308638
119480
399077
407514
348292
330196
454892
396031
442424
179994
293011
130023
320859
140423
451753
311597
178520
116768
181476
377516
356890
106442
448147
252500
415318
369527
356208
152486
199633
186464
278180
131808
196516
108178
257361
262142
188315
355600
406529
370015
386566
143332
379814
170195
110463
333054
312951
250507
292546
319956
409532
167866
353768
387294
317343
340034
295074
274450
203138
154339
435930
140532
335038
444131
404130
395020
203937
197021
145927
427806
451116
179982
405788
303040
348313
268873
182425
260994
379041
345930
363951
431707
135263
124046
302394
395505
119792
422828
184591
155970
418150
392352
265369
146394
439547
428876
364402
267839
404030
325330
286901
218603
440984
227869
372921
180935
221784
250425
287423
224924
214447
233083
144650
131245
168553
368881
207762
147986
105386
420842
372154
322807
258913
322127
200866
171492
405499
249924
227601
327302
238281
404578
178119
316899
232796
331892
140691
333948
249994
239136
134413
171846
380536
448845
439648
101930
265276
225066
249857
118832
176911
164387
198063
188083
283235
320893
412594
309538
217231
368428
196721
445792
242085
315902
446053
164043
276372
303801
292977
315227
365997
220785
318301
277995
400253
417826
343754
127987
291463
366551
334423
434707
109157
293072
350788
281073
427970
450330
125206
346248
398941
134977
210001
424048
327066
341568
345288
142369
385565
366450
227788
239234
256780
113260
231860
352315
310208
414743
251222
178373
210662
315423
340315
366892
170756
275018
439943
400140
166323
415020
229137
364234
201047
389978
188907
185580
132873
107828
305883
293799
255609
173347
395591
414401
439406
256013
131765
172791
362547
316717
283071
352026
298595
336709
362330
350020
139589
111808
109967
287809
326152
364216
125057
339160
261910
318787
182366
242403
309681
336064
313188
365471
331991
316426
413838
328749
358973
358826
261185
433846
204032
420612
103274
169844
121873
130191
264450
356946
150575
128032
196778
106235
134847
344616
328577
437379
376231
266234
356176
439706
455705
429927
151877
299781
290230
249887
339819
308154
194972
403467
193981
375503
454685
322171
204726
253647
155447
367664
185904
138056
211254
159312
206368
260058
411587
147222
144094
115136
142743
264988
334006
122851
288640
240997
388944
128081
337419
123889
386982
249937
379402
381240
275815
326601
435025
210997
417074
164225
451297
193958
421674
207840
375847
454349
244706
151301
364691
254329
452722
456081
214473
142062
158672
279314
218901
431546
209227
390275
174292
112806
429703
132875
142873
371105
402683
257160
325239
320279
443434
324094
355943
157218
451769
396151
269035
171338
331024
405007
191115
166354
168538
176291
392072
426311
424239
450402
453047
183515
404075
299742
376263
323464
330638
244059
402913
330725
425029
160980
223668
192188
121065
398805
122831
381216
385854
209805
312944
447289
444559
214651
209508
141424
430223
232777
176312
333947
232519
216343
444109
104551
423461
263579
291979
198306
400518
434627
441346
251363
111410
276325
218391
154541
118940
394895
385484
311400
146288
256011
255177
337088
274079
300837
178954
166430
206938
180770
191307
271063
107718
338216
161717
447015
368876
307018
266943
428969
280518
387075
390645
339120
293133
356358
435556
222305
324326
250132
332870
355999
396293
148636
329504
394972
377198
177322
140082
123890
312975
317556
248042
394870
391889
317230
366495
198827
371535
259898
158804
261647
355011
333557
405300
123815
278690
396757
116983
138121
400324
156677
145498
240486
267635
281969
281609
193820
297685
228347
225511
333276
290848
391767
414772
105815
254993
345755
384277
208557
258561
360563
215730
310506
141821
436403
377131
260711
323316
412141
376056
224510
261479
110247
202426
139669
399529
318141
434114
390874
167087
359616
431249
167735
275100
421158
371554
305599
381417
208192
257151
360315
389366
197349
159297
328947
408292
270660
299954
454486
302615
113079
267074
414861
415693
225328
131671
316473
425700
182496
105311
248932
226004
401055
365592
203268
390223
161262
373551
110201
392612
193870
163225
423615
361381
246246
281393
347657
363009
432281
170794
183809
263242
343160
243767
225572
172138
315498
285511
365964
300890
351492
168489
325694
384349
408550
292003
261706
222836
297062
156276
240884
272460
234398
154349
453166
136543
303579
282753
352405
340752
265809
113589
119754
150830
317836
358572
384994
257827
300609
214704
147708
321675
375737
416891
334850
437265
390845
160655
332465
209406
141322
277659
298122
219532
400270
164155
349092
398479
260650
408633
349263
148387
450294
438200
120369
436860
168607
228777
214668
382621
407200
444192
288331
309247
176089
404711
362188
246634
344262
286167
190967
120035
178294
356160
122432
413642
281505
108368
342705
177916
124443
208473
414331
331883
108556
179526
257639
410322
253746
143615
413537
386604
293063
286768
438617
269089
282670
441670
129872
106779
389357
191424
274538
211823
150770
417799
312299
252620
279818
222639
360230
245848
357013
358485
402672
243990
388080
183001
283530
187679
300097
379130
125567
361701
326300
438698
333836
258600
163575
427356
436502
205111
395071
423479
203441
417088
123497
392380
172507
318679
250989
136080
296222
120879
414795
317309
435780
320442
125148
289978
189790
266017
386905
393867
418435
102095
143504
409690
268404
378466
150143
334701
452664
240551
138557
434211
267238
231192
171224
453732
427972
362049
267132
227363
404433
345551
252160
390630
371831
137037
377446
179720
170678
287492
325777
417709
304273
326982
319280
402883
396856
298052
402471
330796
455331
138826
209523
312144
184137
355353
295184
128971
139101
314464
143481
252776
345000
339716
155056
125454
101072
104239
400352
200860
413973
446854
405048
114640
423270
150121
267436
218850
327076
450551
427496
398836
273016
225735
137215
404151
144427
247057
410098
102048
120780
278095
165763
227321
425893
196954
285572
191666
289389
401471
437680
130630
124620
439993
347594
217840
221243
203589
190036
254992
377854
178633
241164
310748
391307
145511
197117
284700
145867
189546
446898
140251
320330
340694
167636
355446
268506
330060
227234
181052
376654
235199
148043
385084
436180
189371
162941
332521
245261
120403
163163
329844
408542
190858
403002
393365
197514
246582
156332
110050
399049
209861
206408
236196
347284
134397
118623
150533
421223
306000
280215
192874
369296
211801
140889
330731
410886
300413
292217
317214
376050
414978
186377
217070
291645
292210
111928
141130
160952
389465
255887
349457
318659
243279
289249
156702
364568
289439
319680
344757
398891
375670
207409
359664
334742
423184
364786
280485
280939
136265
351621
316355
341716
153789
306708
263821
350790
166277
150181
416124
241858
301738
251850
115546
108596
314825
139247
318125
217581
267614
188260
443021
429333
373637
339220
446955
327159
438377
394960
192245
102176
393717
115911
335729
165772
104497
388597
345536
447465
127714
342043
127568
448168
185204
199447
439995
398105
308078
373916
204860
204042
396766
154724
106487
353320
285300
328912
304002
449816
165710
262113
354722
195524
352640
167458
134012
132979
350811
235846
439118
256848
358062
290284
230900
340273
113232
287661
410556
332797
335623
227439
176794
442412
301753
368210
179548
206161
448665
283833
230738
388492
153652
401702
368442
200758
260853
433187
443586
372342
450242
433752
202916
251497
303039
315399
440623
182210
217855
182060
169125
202842
366776
225206
140814
169920
363686
393190
353461
139277
435392
256356
385257
145492
226415
314775
455680
133767
264428
405183
408155
314879
322228
391263
309436
141494
335240
243350
227854
296303
185760
417700
447675
251696
118199
372034
373870
128159
391876
125513
271174
324251
187576
221312
423883
362692
339190
377533
186529
110962
129623
390071
332962
409874
122186
282368
321165
129415
165350
359478
342323
165002
304808
206622
447746
236059
232225
359568
142665
356573
262998
169551
400388
443848
332599
332670
405004
387280
356525
259772
106351
307665
223597
452044
348933
318881
213250
227582
359514
281364
388636
414295
168495
224455
149001
354551
453647
166268
254058
122763
315027
358988
249608
358007
156218
291666
128163
241314
145784
308609
267573
379964
201670
294374
203558
151118
178533
255473
152517
113200
412052
349630
427332
247706
327565
245797
104396
455573
203156
273543
211276
221917
316387
372755
242066
228966
330738
398924
268174
219016
340666
253427
342334
245850
169506
166946
178649
323608
103723
395284
118691
342067
435898
246451
424609
430616
433285
316414
328344
209590
214983
401018
185412
280756
340228
402221
264941
354835
408578
347006
378628
120450
273847
267901
390039
440742
363444
300142
232834
236825
160739
218858
190804
419852
182497
281415
248102
256598
244250
212682
387580
405218
420377
434537
445653
145836
264446
295947
221233
212860
394604
429658
263145
274713
393411
455085
207075
390104
361860
404678
415577
236998
228335
279329
281917
310761
432348
206095
297273
212117
455629
225900
353882
183316
187469
180372
249105
178523
174210
373489
123116
362467
328096
117222
351951
202089
