141016
394749
231661
432617
448396
134195
324797
350024
252139
144004
327209
133724
149633
308429
378648
321462
238732
276477
360093
133674
362159
163762
332408
174923
275197
242476
144053
272553
155843
368764
118462
300746
428903
203340
142324
103214
279841
297784
373673
388090
151990
428820
317266
296472
111737
189659
183520
296420
101787
180012
160903
264594
264892
187589
141525
154460
405312
161463
253223
380563
420124
158607
215218
256347
373017
297971
116291
408859
327007
375564
377241
113210
354692
419463
105861
447302
289038
224324
166503
258865
356791
308296
185717
291911
426954
399653
440866
448105
336166
230065
456144
245515
175509
280752
275859
446627
255742
342289
208893
443233
388680
402699
302677
192447
400117
340821
382657
429072
148941
164771
176666
217882
373769
390590
128276
281895
145022
306494
445768
131535
180966
388451
337065
140372
163005
261656
445188
275974
150387
166687
160170
288484
117088
331929
281964
455899
111378
173204
382455
231006
403903
196267
363602
275598
290663
173856
304215
394486
314238
418664
288880
107941
281454
233966
160663
272901
198466
301410
131714
305932
387022
195510
255387
418698
408415
131998
210455
268969
415823
310444
225272
222784
186663
196191
199548
434860
109533
383715
133291
368146
298219
107886
266375
341697
127876
151576
102859
438259
177717
324828
289468
391807
410557
248124
265552
242129
371928
363640
277128
398328
326353
372691
324022
392439
184219
326441
212938
431180
345054
266818
264940
162431
234624
133440
381907
194957
312233
416343
160948
350312
167671
211345
436904
165438
307452
114816
228920
344949
149837
112588
299675
325835
253709
350447
371487
449920
258683
314556
101502
431287
152111
338294
251147
402685
282199
157483
312741
311657
231347
331227
245875
299694
435302
232496
289715
355535
184818
295486
385531
388314
202983
267007
357229
245790
228416
335166
279427
147625
228710
400440
443366
384741
372117
256413
261081
374216
305123
181734
330700
409770
265071
341886
338232
153575
446651
358958
314195
273412
394609
196156
220939
166557
136820
435782
139966
158938
184421
127150
384456
265132
455160
207575
168417
304247
266604
372180
127846
251539
278752
319594
337324
102527
125799
453937
436484
201610
178463
169205
172103
422578
404730
306629
449715
422032
333285
256771
209677
103563
318427
123787
410356
364885
229094
244617
161912
139335
267193
150188
235302
298918
358237
214451
233561
170283
221944
341953
160260
446594
114798
202944
429950
141692
360237
135564
399802
189010
251038
407395
311386
305711
108784
264788
366957
453785
368725
445788
419344
361364
209551
223891
200462
274321
123588
115596
379286
292086
436984
189103
294861
303736
446587
186190
284369
283735
414156
382486
437448
210320
112970
218966
291781
424920
377065
252860
198124
207482
156981
315783
154230
194295
208702
156700
311153
204889
407761
211009
397838
291849
437904
359803
138535
305539
278074
420758
334707
235842
417167
225885
287534
136249
146510
175922
327217
202108
317817
154139
244684
106857
367444
211407
253991
260081
222294
247490
146627
255279
305335
307409
203434
412054
164820
101402
452313
433531
223558
148969
435235
266447
425745
295920
103888
136718
243507
181627
339590
248991
408462
316368
322365
400912
319160
109565
240329
331511
257196
352842
217306
105576
389447
329712
237914
106062
347622
324597
256298
101324
388553
234134
207716
248796
373039
316278
449241
341411
137197
199816
240837
227431
102477
300156
339915
358989
160004
382481
344045
290322
252391
246107
210850
149978
190414
271044
214269
390571
174612
321803
154644
196758
233756
113972
248574
147943
332262
346615
282980
115161
417708
335089
259893
376184
116876
143837
324025
234528
442941
431796
420549
286503
188490
386437
250971
397550
325709
191408
322983
403160
148664
378925
437880
184693
161474
141891
315362
395597
231966
132865
386031
373718
225772
455737
328161
215386
346816
327923
340791
377584
452183
332514
346165
125417
105125
110528
294328
247252
445457
151011
274441
180934
359995
174228
347314
349435
272505
185306
395430
128247
145583
363969
361963
411708
366250
230274
144219
403695
108855
171958
170198
333907
437836
257734
255436
376984
189723
176013
122476
445405
254429
346031
320802
230153
380451
393307
419461
222661
422131
251830
246051
208283
136886
312922
212620
211891
307115
361802
266346
348159
431403
292156
453008
102372
232037
260169
344924
190655
380000
348319
358802
264562
345261
270721
385661
431351
234920
115041
378604
402487
370840
258014
192247
148943
440383
155857
262916
350111
201697
393066
201869
365108
241379
262580
453803
110002
149655
280616
423080
285986
230785
301481
372064
195433
115414
301824
365462
162561
445585
275796
218860
199755
417515
129961
440545
258862
375223
384345
236106
211729
250141
192222
192013
102767
135630
348185
124399
389677
412706
396256
262258
347465
435606
221296
121179
167775
151494
185836
138064
396470
284058
128356
380758
191877
213416
378623
336107
374497
418966
434781
109699
222011
444711
276680
179439
188155
354263
200687
201141
146168
265156
279378
289938
224117
451672
378080
313189
276745
373420
163143
158844
449324
128938
228526
204627
282268
138540
177671
253311
378411
276081
387480
215734
208914
130598
438329
234905
131807
253510
425358
399062
208609
310483
454328
250977
104586
127329
419321
144236
253194
181308
398366
172649
152621
377285
160030
432437
185084
303596
105046
418454
395200
451657
386892
220349
432337
145447
237658
365037
141312
308398
354091
133725
201941
160527
174570
282748
142011
316056
115062
325753
324834
339520
372015
381260
164945
340629
312918
259762
433962
393889
451339
250165
340291
242861
184910
196387
161142
369808
163558
104209
358167
421907
277135
364661
216503
246964
318117
144021
228549
154745
113061
398185
249697
452074
123671
180857
150392
122553
438537
383773
412722
153056
350268
397783
421446
258206
445727
396369
340978
339712
359814
451040
134746
199449
259999
151199
256850
350243
363545
426252
183103
404651
238144
204821
323460
427499
315990
430530
207180
295144
348314
383415
274524
365506
226867
227809
404589
348457
217705
224260
316010
160159
232289
333181
452443
323827
326225
178364
378465
188196
197761
236546
298071
408041
228695
170555
389432
344963
189312
282038
390503
157573
249108
141226
300246
156401
328688
135323
455810
325675
218608
443307
130936
269234
217095
246780
210979
332492
300852
285421
368261
178025
166746
158894
391478
219707
192985
202521
408611
386211
197732
338632
116786
222942
209011
374526
331434
298085
102120
417156
211079
317081
269651
264004
163411
337993
183192
356615
255637
451372
220173
161418
118759
324529
166993
447378
211552
451467
112400
320376
158274
447018
446168
103779
240893
236830
400027
278930
182307
368716
243709
107581
339113
366304
378516
307402
122418
415846
394661
111571
125807
426435
439769
332678
300913
128062
330435
155245
124898
247042
380998
170165
191154
217996
350785
191867
451860
353376
226451
324547
429965
102541
381902
289677
223445
155419
312087
365782
306676
378988
264411
361347
417068
177074
270051
453281
224648
238043
250500
172225
260126
290240
440256
322012
242062
294219
110135
439314
299841
197261
411545
381076
438051
445267
355758
154741
220086
153943
321516
247292
243321
108859
220069
293641
396465
194947
166867
351879
441790
301293
368332
346920
226758
254426
106195
305473
431957
451084
398482
410461
269964
344302
329669
221001
432847
153439
447718
261727
291356
287924
186845
262895
182530
392840
316877
426353
148486
412988
215240
298446
220778
331542
101810
144528
297086
259562
300895
223026
401718
181492
305785
210675
127337
456043
298475
350819
112002
168894
371583
262102
124031
160667
361387
268351
216417
448121
119768
233163
243860
248844
334690
280767
133022
309087
283025
231684
178872
301289
244663
153861
427000
232638
136272
175409
260149
248735
388761
325548
415618
183077
418842
332084
122693
209624
172796
325881
341445
277141
219807
212319
449388
395205
200554
215320
214465
127014
169858
163840
323559
280500
101702
414257
349226
124602
300829
353671
249979
396356
443075
287404
305442
368342
185269
177298
213057
173702
183325
181889
214303
186302
139473
375239
319702
397497
407722
216602
186304
198134
382316
329380
365385
229503
133823
100250
222344
288189
209889
189295
325920
148569
249384
113261
284528
192571
257137
231231
410622
264912
358868
448053
143677
131588
156715
332703
219079
258324
226813
148836
369337
164182
330951
114424
317973
106579
209827
443357
264399
389525
240397
289774
171852
147168
302910
391877
258038
157992
158570
437609
192213
374050
326565
182977
430289
363037
408595
118477
424877
451172
255012
176840
319162
399279
349791
193397
221690
217146
196043
346351
175485
225790
393131
308224
330377
212267
173698
262917
300362
268999
251809
306994
305467
302413
289933
284137
269842
400930
443526
168073
201389
377833
151140
251515
238650
370035
352784
276818
208328
371426
454799
446463
316698
440070
276090
253417
276323
292940
218405
198494
266803
353948
119045
413557
111801
228401
183361
424941
174023
227229
100780
328906
217598
306659
409018
192395
338821
157735
359876
407264
234401
447641
393895
351022
136613
299364
168543
392906
176716
158896
226822
110354
259885
368531
244596
394318
305235
145577
415783
134396
288748
188608
432021
204230
168084
434528
184953
285771
446368
359805
137264
235410
404760
256331
126891
244125
249287
190584
126145
126096
110543
358828
156531
109476
253319
351330
110765
270788
136334
146847
128225
426627
343844
193891
257868
341349
263110
275754
226261
367595
329887
110065
273550
172816
356368
171593
347630
239594
314845
295755
383153
323395
147662
404790
301385
443812
308644
210889
294597
113145
382991
373784
371337
119288
340585
198213
116918
226642
216264
346497
184904
358048
420182
325781
306460
261602
192180
379160
309519
132564
428988
246307
443932
401095
335716
358451
318211
197684
419729
291335
448231
177660
423863
124472
276995
281976
183106
259023
161491
250440
218947
452883
306380
229722
411812
286801
296110
190576
262250
414989
172023
123359
449686
414567
202007
327639
108153
203497
366439
356371
158465
361564
181870
106414
189976
329842
267402
175962
355889
422974
300251
288497
407759
226020
341970
195036
398176
282312
353100
187426
295393
286822
233699
414526
265394
433757
288047
450100
150879
233115
113184
121034
150386
411247
235421
245397
236927
125343
114903
413072
164109
251714
445154
232389
325123
161279
204532
153989
428608
265742
190029
266181
330756
238421
220507
366807
365735
102629
185852
337974
350683
167711
238664
272745
380835
245905
422674
208198
238359
337352
316122
393452
173872
133590
121661
154321
153726
294529
270975
270116
334832
403180
210206
425479
442979
239354
271940
311748
223278
307625
311893
449458
447568
214453
145165
136586
336841
193537
277455
407560
182638
100730
152235
119150
288292
328573
449471
261678
304099
419226
284857
257998
123698
336939
426539
456214
318043
136987
148084
211928
453450
343903
161412
174750
423554
358200
168993
320891
101680
205645
141943
158566
309404
443225
305280
251454
403087
184484
138447
323215
404044
278777
375353
174512
368935
310367
400058
443708
186053
444498
116973
366786
452624
222243
195436
233653
223387
249453
120600
423834
327987
217781
354342
327098
412984
158216
263153
442762
245545
149030
338718
382701
382323
161299
118892
185373
384170
367355
210326
405972
455464
315316
300822
341023
405290
359031
290547
347831
219111
313356
186499
117064
267444
219084
253477
387017
439637
265030
401592
121893
454169
194731
135529
346949
188169
416845
278655
314202
200582
406123
342389
277016
401331
298932
351251
449349
305638
436167
109761
150057
190596
139613
255133
231750
442333
319266
333992
395109
409375
327740
321289
358317
235529
408434
418479
116214
129115
134864
317261
318866
100577
270022
248821
356688
282868
328642
420205
274582
219411
333431
371511
162451
367676
359881
353375
407871
286068
441592
335705
110593
400756
141794
302925
348829
216211
198936
446215
291656
321778
306636
111077
335071
269859
110096
176094
178684
454726
149701
428623
396997
254813
117913
323004
105237
215341
326404
113787
303958
373050
451900
325921
190207
206064
418075
361014
394910
452476
109983
375674
248466
264609
430053
430817
162907
238637
373367
326362
145942
306486
430755
368662
197436
220077
401371
344478
124139
322545
335917
198035
333938
114066
252122
455675
269830
437272
402026
426616
184475
307770
291939
125358
321963
352851
331377
349618
274901
176417
176598
143025
201898
237894
266197
426663
179632
270347
193683
120754
350500
400810
350419
366744
403381
182591
171800
105388
444266
358313
306042
251642
214925
101574
247924
398837
256711
145611
160718
243693
238369
161926
125947
115631
153069
362804
356690
374365
306894
378736
127634
263160
143658
196224
221454
231794
148945
401449
236601
347848
280780
281467
262680
263979
404510
203955
183952
138619
224261
254757
157402
284685
380298
183304
289337
103732
244341
327484
103412
302368
149998
289342
174531
259173
415815
191640
327235
138599
428012
299591
369181
283410
357917
382708
201550
255748
222113
216073
235997
258716
369024
265445
220344
356111
149350
351532
327802
453444
100713
241946
190722
275863
358767
262296
140299
321797
311783
130653
240880
297999
404300
382110
330087
427580
234459
231422
356961
100346
342193
351116
325459
374501
111609
123083
223933
414033
186026
315667
452231
316495
392587
453001
273092
171455
199583
213128
333552
227988
339386
182151
426184
341329
455557
190265
138424
288796
295021
315308
340908
137783
136177
115395
330632
269496
180558
398798
286049
392136
285621
390263
360704
169183
150189
304569
229160
308276
206661
296564
224075
381826
301214
385170
113761
227843
372598
164550
426548
227529
326020
230643
211518
323606
448682
309883
455367
203636
203009
396008
293215
117189
186676
394395
309402
140473
252114
300771
125146
187735
163072
112903
377354
412970
186538
452165
280399
130838
270056
434811
118661
336512
167450
434859
100773
134803
443116
209938
409492
266330
163942
127039
118257
256650
159586
178044
374659
428082
301106
379221
359317
253797
326540
411184
259273
175876
298077
292382
193131
273208
366137
385108
175209
326927
338285
318074
149864
183535
117708
406875
287128
110206
306068
199521
189243
217421
306226
188301
281253
253827
411750
133351
283048
444465
230256
241637
322155
424821
167629
240474
351779
432385
190178
323950
403356
367045
342780
450061
409030
214393
274735
418103
438523
146633
413225
302738
439123
434746
240198
377229
372971
334012
381978
421719
131627
116494
402611
199478
172584
238056
287803
109920
101923
314607
118899
279126
102653
333804
400850
163787
417790
417598
418741
344555
128080
146532
338486
356933
392282
453155
364019
365911
135828
213510
397634
360891
183002
401130
194799
252761
152494
215768
371203
258956
151054
145090
170773
440090
298779
410801
298758
318414
379699
169106
286529
285293
376188
212659
190095
256510
408422
357264
348601
254243
316951
271462
369518
142307
379276
119886
342096
204524
257969
104829
388246
406996
429322
183320
201531
174679
228560
308980
249431
397236
321326
353810
290385
173947
122399
240150
239857
358769
133222
337401
269569
387410
398186
445684
379007
114892
256672
127159
229006
243073
453087
137641
282643
447342
441270
120834
201563
318990
123174
269805
298923
246068
415627
150711
446087
344514
338673
453902
342813
408929
169469
311967
374431
303825
351640
258770
313316
409318
290046
222471
334500
172326
180451
290347
394209
347095
355299
451786
343350
171612
155966
153332
268067
298316
274779
419307
250021
395313
100290
337828
250012
388473
189352
292215
181246
329572
125211
285851
291839
263893
411512
272449
427436
263636
287033
408957
169532
186020
184301
218622
393410
368236
387686
441585
121058
301269
275455
409238
443482
142154
454199
456163
110464
367321
335274
379614
113212
400395
210573
395571
449677
367162
306919
368295
394808
271132
182942
143992
112995
207018
365413
368799
298781
371299
408500
363550
145222
270483
265295
407989
409004
145928
301759
423918
142742
291511
302556
242110
137663
329600
418633
450334
198014
350834
233661
330336
108339
103772
124499
378038
176551
256857
316136
370283
257266
152861
269855
274610
132174
130750
416867
446497
416160
222269
225747
255599
363778
434845
207549
273098
386680
438927
454240
168910
303993
154150
148548
447700
281863
435113
404698
224326
282972
108330
399360
205385
312578
302543
291950
301079
351516
413099
441543
455734
406061
386645
418023
120561
241609
156461
414893
235676
381320
386021
223093
357646
338267
178672
246743
132096
391856
194459
207785
376932
288954
113282
121392
158392
319714
400542
102638
334609
394294
105780
151512
262601
230718
337335
131562
205143
293229
104707
355762
410671
142780
426407
239041
295356
455410
302636
280923
267425
208278
153660
131131
371575
329854
350929
378416
103698
133574
121566
124509
325620
317159
193221
351576
287488
152501
354653
141934
125339
265015
256580
292764
253254
227472
249063
341690
332434
431083
289575
268635
322971
288043
302147
342680
144083
423919
430349
267454
339020
206425
148234
198133
261436
114238
158697
446789
214809
335090
417080
124062
287973
387248
384690
203091
182561
307763
293254
243691
354373
151202
224588
104950
228547
419581
164673
151492
227184
190895
240032
212457
398048
262282
418472
446488
180950
261490
334524
354985
455392
404306
296986
126360
367965
346261
237948
342879
152666
355414
148492
414600
310633
275119
155038
407827
294957
215732
244491
382676
314353
159062
235524
192074
441993
265841
329033
414726
232200
164138
428345
134086
438023
389491
140447
338245
146743
174725
131725
259854
320054
405462
371054
382607
410544
158671
214547
248885
302742
224671
222000
454597
232194
163675
352083
118643
174907
200150
144564
259778
149101
283215
175217
134471
208226
101116
454898
258039
251875
404374
435662
288998
191420
153042
198732
276908
187051
268995
111195
220289
294097
393219
142203
368942
426869
285974
435913
440420
441322
422928
336244
288845
401546
207872
414209
252810
288615
193011
408949
119119
291014
364027
275741
377661
158530
101173
370124
129695
320680
407236
350115
356245
366355
130175
344862
419345
223444
299982
351982
162408
117794
385011
196677
222867
235614
224001
403709
394973
141303
397370
100224
195464
291307
364046
124878
379523
205571
193251
185927
181250
297406
321863
359067
192437
433346
113731
118052
246477
196641
356912
346532
443176
385163
112309
225894
280787
139944
285428
383057
158029
103113
233519
449519
169723
240542
405987
394121
343515
133961
251403
437439
154009
209472
265199
130153
272230
148347
312675
286999
372819
165155
379805
195223
425116
244828
226024
382182
113600
185045
139768
172741
277950
359109
198345
431839
438528
391479
328859
100475
311465
420066
401115
366975
276308
237366
384740
307106
297091
380197
415892
384274
113041
259560
395092
259128
265420
384769
131384
162454
135153
179658
309704
242805
263230
260641
395644
399030
202266
143287
224653
367464
272922
373245
147613
311169
164390
321733
199626
348090
238210
449311
395297
284333
215111
315336
450765
132499
123478
404200
221133
390209
213406
196308
393780
190841
291225
217153
142675
285602
273997
336306
184188
447973
393215
114038
354072
107797
370166
178732
170402
121178
446659
163886
385604
406998
131015
222247
121993
120767
355618
305185
250934
291203
156167
180592
218023
447640
219299
379829
162623
164983
116617
374490
389564
158749
413541
331335
297925
151509
362717
274772
200661
240185
422917
439162
188606
258477
209073
152218
240752
112812
158537
389991
145555
175462
134581
227263
343909
158540
246496
352995
147978
349077
395178
424378
102134
331695
233612
384482
211352
258742
400353
336246
169406
409503
134257
390352
232241
450851
376995
268962
333739
326430
117689
213211
367724
200978
338235
181857
107515
337931
155663
152724
328138
290237
410230
347176
449339
406706
388967
433145
303381
281670
393608
454823
236144
206818
281594
208693
332070
363440
455956
181272
346794
380367
407065
154597
332194
369633
109968
199611
237049
208624
362388
367156
295703
169157
181193
388896
133457
156828
136971
402630
106969
165064
238970
290869
134735
186440
134567
263511
320170
183054
377459
215343
400260
100217
271014
419823
136648
106548
334339
220469
359569
349368
226973
179619
170625
415735
197286
145323
138134
432885
170852
347586
344258
316743
332568
320811
357323
420729
166681
344656
295854
446933
116126
187820
191762
117836
311321
215913
140846
382779
439752
128930
320768
236847
426591
330889
251509
395723
149156
292461
248408
124028
126718
409794
316864
394027
301701
438914
112565
408812
294675
411696
391681
288446
216977
423094
371913
230022
109155
275909
320727
361042
436678
418166
258996
231143
202738
303304
287436
396158
134203
120844
117380
238241
397740
266454
125183
211851
437900
310326
336012
161395
358773
237035
237693
327873
134559
344805
440626
230741
159437
296010
447104
387887
159849
266152
391961
338429
171857
244492
222921
190595
153296
399515
203668
345286
239622
427599
211658
423323
170034
336888
444601
377913
449276
359848
339208
420330
413906
119479
273061
243512
113448
339236
165678
279936
211881
351466
413158
310427
307774
203225
221644
290724
121467
371667
422379
348030
443761
120213
343427
385716
448000
172963
321515
206515
290931
386914
362819
443377
431502
152744
188125
273384
107173
296497
291903
217533
390185
126671
408011
448906
265101
319894
361950
441568
280453
121895
399504
397514
409681
283208
437897
105420
225291
123254
195759
128810
349244
276704
216466
406426
316835
122963
321725
349539
326860
334330
415088
245235
350738
167707
137198
278702
244593
160851
412607
270516
435342
277253
374016
126082
127648
126552
363247
225280
327091
110570
150061
326580
147665
406165
107332
218259
283055
207795
265848
428317
140167
225583
126946
231050
274712
192807
149817
151121
372591
213237
305829
316256
254761
302969
192313
210649
266028
202404
166923
245478
316233
233248
214582
382173
335614
152895
410188
392521
313690
182410
284445
445729
172227
364532
100737
215300
194693
140600
404069
257239
175460
308712
397134
213069
194002
421967
391002
274817
131835
372648
329578
415661
368601
195149
399868
208928
119174
288506
302090
243918
349865
261047
157318
399492
370337
431785
318449
225605
288951
159487
253196
381685
242012
333010
200558
358300
362587
452475
368427
440115
185524
278250
109695
237607
231706
129828
385201
396895
223879
133003
366588
377467
204824
328294
390454
420435
438110
237690
397764
178437
267680
455301
378081
213389
268420
281754
284249
285237
307587
426215
217017
224988
397298
203390
316927
424627
317367
449612
297008
166333
424998
429647
132900
242458
282639
193542
290344
290827
380368
105065
169930
216509
254449
446502
416441
324690
442388
317498
200027
202140
281268
145003
418888
199300
206580
302415
313890
195530
112268
190107
176006
407265
133102
281872
386514
312646
382799
419991
150170
258759
142863
332082
303501
442178
295390
213188
368885
325143
118586
299008
118922
283397
218082
145284
232065
231741
213139
257629
219488
299217
325025
419665
120944
147899
423215
437040
452061
174738
312527
149383
128394
453710
241238
310907
438099
352982
285611
193731
374710
237300
348723
117628
124877
275464
208591
119292
231067
379583
216476
408906
437044
415657
412065
187262
281186
185290
348569
336069
184513
207236
226297
301323
381433
387487
143762
138324
442146
421805
441121
239367
427602
322562
382852
398392
101142
126905
188396
280655
232681
442968
113033
277289
159187
178632
146728
267476
109209
387798
314146
133262
151059
232486
371187
310494
387615
218857
237816
261453
350383
120727
247912
226087
387130
343001
297204
188197
330052
343768
191536
163913
181589
430638
302674
301913
116951
372128
196032
144727
235600
318367
255300
329201
125381
130201
105879
149740
267062
125188
323063
105291
340413
269990
100489
430502
350926
100486
321339
241792
336824
148998
450187
162488
256560
293547
260810
442506
405897
265042
254689
239092
255824
125949
415814
225172
335483
346751
425789
300620
302060
367397
208880
123927
405759
431310
344033
260865
453992
452900
312882
178630
259991
445046
196937
112547
218169
146170
377473
287241
371146
118175
199948
266184
328363
421465
256300
105504
455915
157520
181429
211261
293792
331816
318229
396296
238058
140124
331512
208080
355478
294672
209162
371844
421057
212237
454965
120221
320878
336160
254561
417425
258182
227441
205963
301039
322185
384117
109655
331393
143637
419360
279913
409783
414534
189545
203451
315234
420846
189153
418892
239950
270620
367775
413535
417484
256620
419653
160240
148311
420581
118381
200445
385724
160894
231199
319564
197542
235027
182280
338818
309991
338580
273356
164714
125629
271892
455997
309259
274335
325707
350542
318322
174958
290823
213315
160287
222770
321477
195861
448090
193769
103328
429865
207197
417854
164199
289229
430653
311831
357065
382752
443890
410859
334283
216266
329530
367735
357129
396320
369756
174244
189349
349898
425325
264828
421416
247872
336765
212791
315078
258888
173622
384160
328893
173954
400445
176892
262588
454050
202112
108949
243176
126831
134634
336369
194387
432250
204376
408848
116574
413949
319866
200213
159888
340017
193886
454355
128871
348683
432979
304866
368962
285988
387411
454942
429895
116709
200137
422400
136358
378665
105186
453990
396696
171062
240426
176039
133819
131338
413086
275561
443915
208256
370938
165754
276590
293783
291483
197758
228942
263932
448202
156500
334272
104619
221783
293424
176674
320579
325655
304816
327881
332832
120938
195787
397322
319381
416669
229108
141532
418087
171949
412164
404423
435279
154946
258320
317169
210297
227292
386062
351215
395254
277826
403716
181970
181244
451647
248266
445584
308820
158563
165353
456128
138667
361672
120950
437987
271408
139483
200733
131756
333097
199716
321306
190938
384025
297145
271091
111549
175787
215771
102954
334205
259046
404630
187794
165272
205462
436201
312074
224242
335190
210954
169180
217912
143409
419511
255628
187352
293936
258706
412723
401551
391342
281446
388797
385333
213960
419018
441243
276943
273312
241785
119782
245526
446900
397323
324907
139961
120041
374556
349290
257221
341563
429153
168352
333864
203582
348592
424634
261001
255704
203625
372058
139730
292831
189547
417229
130456
257090
315585
108823
143318
448379
303832
258718
146898
220581
341854
171496
253676
169758
322558
258033
153540
189412
417219
282483
276002
174510
361777
197968
381813
280958
351023
352111
367802
373005
293882
192844
249065
358356
339589
213119
273120
308074
216344
373704
356504
349546
412112
101948
327511
255458
368373
432711
118009
162122
447057
427518
272491
110423
377629
394834
134225
218944
159371
298065
107054
361448
123058
441570
366759
168729
332015
327632
301689
425038
319771
368731
419324
392627
157792
204956
270069
142341
321635
445497
434857
128716
140271
318532
191739
393332
338790
454433
174467
354204
278454
314849
162042
334506
316528
342080
149443
344764
105263
131221
197051
348381
288172
322935
404060
345912
411783
368112
187778
327497
422218
220573
425973
416054
245325
352226
150644
243042
110614
213581
344688
116682
200141
201641
173009
110584
333811
287010
408361
111219
351755
299392
440112
384839
151552
314053
384523
139167
406295
373835
138589
148172
250250
112782
380392
452879
388413
414789
355397
435327
203833
348555
184031
246983
158063
380382
284945
134431
348059
268874
283107
268415
242485
255014
335888
232102
412952
372087
134220
272579
367387
257973
334333
221051
335654
132156
202218
116752
413500
138693
396871
245982
205631
243482
270237
126128
291984
119828
144493
345815
384377
212031
117697
372189
191798
399634
201933
276771
177836
256504
406056
111814
320370
179120
228317
108337
285088
256905
101763
370692
323158
384089
276919
373509
408027
413222
157660
440926
146123
164907
163341
351972
405110
338698
400677
175085
439150
213302
446910
315551
238501
356996
284472
422705
143670
191994
374348
312905
396413
374616
257957
429790
241744
187196
275005
242135
332088
323433
399098
253969
350726
356853
396415
313854
235682
287095
329566
411909
150739
373174
257417
203448
222041
441953
398247
285657
265412
373746
398112
288405
259502
295902
243082
443065
131278
165820
288968
281332
388001
105354
266772
451291
308548
370284
424687
364121
267796
437567
202569
432627
298534
323409
228292
226081
342398
415833
332905
224275
424300
349140
154830
184053
446901
384009
430972
118253
158621
272942
346158
183607
336345
301974
137217
230678
299467
109373
265182
140623
315411
455610
324506
214739
248168
159629
188698
134926
216762
318966
312811
285011
155411
425606
321501
367278
257837
452936
304820
169574
295142
162264
399534
208414
416619
454037
439329
127480
111154
107366
412840
134578
427944
210054
157324
228724
329897
311074
113052
349896
208545
115178
320218
194730
335797
387918
302983
310625
273971
392614
263817
134717
301333
340554
133157
449765
249484
157516
164806
231250
149995
198608
271470
190440
215555
360883
358299
404562
340882
397264
117692
220310
222375
345614
244474
452794
186641
426266
258799
200796
265629
370177
122601
321888
149504
416010
289776
366522
152283
352278
200925
307734
144987
320723
231358
307379
143684
300531
324492
120393
170753
445309
266785
145362
213759
401524
124153
275953
325977
114351
414014
359111
356384
247198
373794
335576
254929
371028
183138
130395
274859
130925
423521
440202
372718
213920
452605
397365
380693
244007
416154
111117
225490
326076
339866
437453
256368
297063
413108
159251
239437
224007
188985
383579
372497
133113
137138
143563
271410
125844
111265
270112
270036
440581
117841
260607
159781
312183
425124
406096
429090
214818
165647
424045
363699
228870
368286
268229
235552
376318
293840
415606
191397
447116
369681
315482
402583
159094
210640
249552
120427
357653
234557
303398
348436
375513
357265
418900
104675
355891
260976
153053
442571
271968
241337
131876
276658
438507
433232
376807
454658
429376
164744
355254
150043
275474
207983
120203
306122
350132
350852
180824
335987
195735
288010
363708
248964
147492
289018
152733
283787
135720
119121
218972
209566
110951
259874
180968
328667
318489
367951
425011
301374
452030
103649
427892
214222
107854
287680
203429
193276
336235
123259
370584
328556
239091
202696
375026
366329
229565
373951
365628
187155
421319
191483
112595
322158
431729
136410
156096
386596
180810
108340
240967
432423
366204
128790
153097
103006
401707
142889
399779
132901
392520
315586
240609
202980
400794
278534
379544
289294
379545
409201
319657
448448
174719
318903
190158
300719
175853
181897
133807
347488
140882
360065
112475
341306
121607
342727
393622
350147
211934
347406
241551
149290
342964
134769
256166
366179
437898
167070
402098
149423
352575
361663
239970
177837
163306
355590
282514
361971
165898
145853
219545
240002
358209
208297
117057
267936
285846
283126
206478
453833
406951
337194
447045
338823
279635
174475
342844
344161
107969
105296
100238
372080
250277
290666
243209
350075
117334
451210
297475
334694
305642
193341
321575
215801
422276
216915
229922
433006
335008
247673
418008
163089
190250
269682
226268
194086
210292
312661
288554
136516
447208
405601
348969
331128
189794
348425
284091
189617
310438
166578
186760
323714
114619
364297
191539
109072
424778
338445
252259
167892
233020
117809
160157
309745
358734
124777
364452
189049
263926
209536
177317
276176
271043
237231
295862
126755
237988
311354
166587
400586
184315
270999
419404
110210
181259
300047
145857
181558
277923
385038
335173
118209
315015
357021
396010
343662
364048
312130
134831
125262
295407
284420
200892
128419
256967
160301
357794
376883
455657
138380
373813
232595
439449
263216
406877
420674
226106
414904
176740
311490
290458
361215
234939
228399
153688
177570
301635
215163
444463
184810
315272
213091
402968
415047
275893
112837
179645
452166
348083
268416
175297
377435
285013
448453
410769
431848
236805
397953
259123
251160
332567
424980
151062
221601
222464
362725
257097
342213
131090
256060
166412
167653
209378
337957
203658
227187
194263
402488
251709
112839
436646
360094
139838
199335
451050
123664
155048
148277
404090
418468
438028
307525
419451
381647
360493
117574
162590
362960
225725
148734
256766
285025
182531
172705
409898
435494
280179
386709
417039
191346
379242
345334
437126
188241
273058
352411
358066
415674
246174
416100
159587
153968
296834
198727
297982
226707
297125
329910
414444
419276
277742
104487
135715
438423
252084
426039
155344
296891
382597
326332
333396
148073
420482
186686
226229
133886
155336
171921
131139
156845
104468
111095
300381
321399
267288
212804
327533
290417
308882
220487
133809
360954
402442
238851
222997
249396
324127
295671
393360
124346
164070
252333
303086
369524
234022
395639
269748
296671
206417
178349
269102
417946
259312
240371
263007
258300
109399
387471
372988
292582
433190
217571
258238
438299
227911
351759
450220
314658
370398
111929
143700
337894
134491
159662
202132
107605
142489
282229
112824
155909
319065
195157
145966
344085
415343
346065
326313
197815
174276
422142
284261
323355
389911
356677
166077
438482
410812
391495
288943
301543
259901
443769
376793
176449
205276
151217
443372
301181
287064
332133
453451
161207
256457
133681
202950
432625
123258
114804
335869
274612
172613
389927
287790
403994
351421
443414
320355
394911
335691
140156
366592
243041
122637
333241
389916
158792
151358
438477
301066
398847
146453
408736
286317
111530
107720
284443
322753
194626
386012
212379
119713
266161
301760
241625
293790
312497
244820
150290
242376
163630
157396
401457
395203
311804
153312
194305
239916
386006
240419
332152
432703
412263
445939
124078
278886
413277
353358
188013
268003
113229
390935
274050
379519
385629
230304
431270
201367
210988
423534
266838
187592
337726
219577
410234
128935
440563
291927
346752
400002
403313
306404
380734
416776
246385
449784
391061
158887
103616
403288
206947
451360
280560
417085
201024
386407
230175
234059
110656
337655
335016
307046
366906
241963
446409
251103
369057
405776
136567
268102
220104
285814
125138
155632
377895
322238
361324
297850
315890
168652
165316
241974
438848
179263
362827
406816
249247
376437
306802
269778
264021
263053
182466
300513
406243
235281
237724
278137
231321
286463
252780
182605
237554
280880
192708
177604
397750
242355
145653
353701
446819
395606
177107
106443
290142
157315
413870
167884
392585
440887
289714
253576
152160
168371
449198
198265
204695
321776
366861
176162
121740
368807
215110
207977
290682
374007
183161
249203
183594
124104
165355
243447
433201
101218
282536
396062
176148
256258
287055
428713
232009
364787
239295
359009
286910
203453
217762
250333
269546
203101
170097
181719
398000
309489
385353
435190
162519
376309
116589
218254
249472
231505
279045
183239
105064
339587
294562
123522
274570
215459
278291
144695
231838
226633
440548
224422
248497
189053
220957
396129
387557
333820
396823
172986
119735
165914
339690
108369
414506
228333
341287
167412
330893
213234
403584
240895
101524
209846
286847
176342
413544
374165
431515
272335
370010
333951
103381
310687
183846
300044
303862
344936
233283
379390
202525
305968
305438
396545
173803
246791
438266
113244
311031
171518
191069
356945
264368
427982
374704
384567
237590
339982
414245
346551
131568
276129
177400
163779
310054
148871
154152
422423
410662
156973
262953
110088
349790
409667
325197
367175
240723
175801
343871
388145
402560
194131
246806
219312
303458
302255
190351
194690
361358
326334
390977
376557
153281
138141
427369
356843
449914
396178
265867
352899
257058
102682
200580
406034
302032
233156
211647
261485
203206
130210
387167
400972
267834
167722
333427
442904
151000
358094
382710
395818
444647
216094
142281
134963
199917
381810
363696
229505
113546
147574
428285
161155
187141
377858
205182
168248
310289
262143
307165
209318
135185
151321
354136
209310
385047
437958
149832
246937
396170
387795
102732
316963
342030
293953
286234
352259
335989
397686
171631
259715
417540
229896
241277
210331
127384
301276
312702
163888
433161
182284
125289
308966
242820
204381
290084
338491
415362
333768
346001
334036
281701
372723
422675
303917
228680
226430
231810
234424
390046
153078
167474
252494
435018
232158
449949
367014
236699
455298
412461
349035
157637
455359
159678
243879
340641
327244
425538
210179
379395
387661
230583
417040
114242
299613
371795
438657
188832
307225
358766
333861
438767
258378
277452
417658
185028
418954
210337
440550
363980
411390
163947
165375
331845
148473
123996
166472
373070
112614
286918
397896
195555
275040
252505
101994
241406
134022
353548
455816
301723
130920
400823
377932
115212
205457
304499
374380
387638
326627
197326
190080
206423
320317
192899
178201
381706
401742
292473
441788
150736
332021
169347
267485
113689
272631
391149
402407
372305
338887
217030
232614
137725
284806
276114
431721
216018
281381
272835
357726
184399
403909
358630
117330
426537
455495
152989
403786
124755
196189
433610
203134
317145
109609
207974
205708
382060
104948
431020
298102
174998
410051
364632
365025
138658
234355
100255
206841
388400
309048
351288
349010
362403
259795
180659
426912
231671
122402
421533
220269
428216
281271
245415
252950
190370
368043
172085
446167
326322
198473
176976
101395
198787
362297
427501
440368
120536
386751
209745
154698
114596
305716
310353
395564
216391
328295
120676
310205
414796
145796
314138
314457
418128
160340
345318
185120
396771
314357
167743
234930
207495
313167
203543
156624
190868
165999
150615
425519
214686
166181
411158
223406
270729
185575
446109
337682
315562
347198
181348
240838
375609
361922
173564
455569
200751
216078
420369
338948
309389
352761
272618
124094
105498
273217
254461
404204
452280
338192
171941
333825
399844
385203
106274
326158
133233
405553
113088
247383
150971
177252
239550
377703
350664
126537
192902
154734
315205
235921
235155
293127
255083
418554
210895
283047
321541
442437
225084
238164
386370
393444
434383
326224
128461
112394
310575
333234
298328
289897
241560
339270
147464
105325
449878
184813
393029
191288
209767
359323
364119
289535
211892
179371
443146
188627
281709
294049
183253
327029
380302
106266
205489
447762
343340
439240
265522
132494
284321
143002
161174
118568
195138
440028
413994
228391
154665
400479
245800
316315
197929
440358
145751
274242
344373
385315
331091
100521
145111
185411
390417
424419
343037
153298
251447
225516
280331
397523
397614
403170
135436
189894
292183
142585
152308
445295
146766
277459
112686
355277
159513
358045
357615
142526
231310
381652
308806
291999
132198
227388
453091
214032
444979
310468
444610
182361
396745
203537
139551
192697
126380
226767
299027
368000
102843
149359
144545
212433
246360
310412
407258
256716
421497
329695
302105
402023
393260
229127
415476
107411
250859
212060
177895
113804
274308
354415
436483
428253
224456
352197
135799
236489
410253
267105
186330
406069
439056
167857
242584
268839
203221
454716
387507
305458
268940
446705
149685
325115
439429
116017
254902
206709
267502
319874
325352
126731
417941
303650
342400
256983
175213
151314
249512
410114
249996
235565
441827
266555
420739
147511
420694
408033
386694
357672
100604
340054
366138
235322
352381
211747
250413
392738
375033
195482
398683
110799
219671
302834
402698
245375
180926
403117
370949
369090
373453
450518
385528
266589
134068
269414
163036
441410
128717
244444
217726
282202
156040
293823
371391
112993
448329
428960
373676
193818
351889
127797
235917
361735
339737
188745
199735
322584
420969
432589
274116
445033
338231
349359
372485
421215
344579
135754
106203
129847
258316
129703
335354
338865
205979
452499
202536
420389
220326
224167
380431
418681
383882
249519
341578
230420
199615
144525
102417
421895
259080
268290
244758
434988
367049
425798
238086
396524
308597
180326
257302
133382
254883
340662
285310
362346
390619
209897
284202
116688
143128
214376
279774
356847
223904
394129
142158
283593
415700
123299
404861
175032
312599
202121
416626
310731
329922
190000
239754
325477
118681
398707
353993
237310
319516
172550
358951
319560
255535
314553
446637
233346
253897
269535
407799
261269
172974
260027
249259
203310
243947
424659
167678
445521
210881
425428
301959
108130
341104
314135
104957
191335
314489
147322
429618
413900
224235
454107
123873
432187
318273
172699
203768
163020
431742
331546
197779
366929
375165
154313
327849
138331
384153
195779
339271
363711
283348
425866
372109
414105
279991
134806
296377
236309
361199
360014
166736
293956
328271
238852
308434
411982
425500
310214
127677
100675
124107
331487
443257
194885
173070
129393
304048
320347
342975
262176
152640
403758
113211
103745
206999
431942
218487
301654
270920
395404
135442
340371
224465
428652
334968
413067
282578
160698
401131
321264
327034
149407
389149
451670
394591
356141
419971
342937
360112
443876
272368
225911
385665
139748
239989
434032
429002
199226
215354
393561
438432
348776
153780
330181
176554
314474
114685
227868
124712
172041
176166
248140
264110
230704
119907
421423
383076
388464
399978
434795
275896
293245
195562
177823
304471
282360
129214
100037
357847
177512
152787
301488
149300
359699
258289
132535
307512
113519
359997
296154
141715
342819
330033
277544
396099
252320
186138
394183
326825
253386
442487
442043
371884
121377
137050
430045
311168
187753
414763
102236
377510
230601
290271
399857
145134
183842
245842
285524
293267
208230
202483
211359
118331
287496
129511
232353
166454
128746
281724
177046
290893
273505
224907
313239
111653
139871
281346
133671
228804
204796
355406
138866
277570
239893
426757
118121
337271
117937
259076
421946
136275
142746
409027
116132
230613
129689
330165
194919
203437
219275
375226
333429
429700
312025
379830
175420
407038
102970
136591
221395
269690
237880
344946
117295
199354
377834
114541
261608
391213
353055
446303
300292
317129
186476
115844
267800
371546
162390
188824
340548
370152
304301
277169
244260
112945
379718
327195
283386
329257
209668
246784
256728
392411
391646
272264
239683
280683
175053
360417
215014
177067
260879
115231
344664
440052
435454
399046
451243
159680
196873
316967
303124
135071
161064
280081
257264
256239
237608
332594
331763
191300
311051
113634
416110
280788
449696
309175
131684
345469
105105
327686
154421
172362
374315
239384
388583
446393
382400
379527
145117
118533
239784
378229
261236
260396
324062
112658
371998
117849
284217
445793
365798
258822
111257
391846
101298
153006
281317
284456
208596
284110
147262
297879
121642
175405
220982
235833
345942
419663
189791
330016
155996
208349
244974
365619
241112
397949
262441
407983
337307
414897
162266
129175
160729
281290
387537
223300
180046
308351
424783
182346
361938
278905
290315
109865
210836
324550
333605
170558
363908
392414
172647
355467
366182
446427
456203
351214
244109
274435
147310
346404
266687
437667
269616
450605
400694
140244
298504
425605
304230
212852
164923
193292
139068
286743
343579
439068
369707
163504
438936
277464
258219
447318
200055
128946
365867
170851
315378
184410
234352
351349
213321
179070
306269
320264
170541
366557
278070
453413
433092
149356
256228
197399
236130
404884
157759
112404
142247
252693
357608
404580
173021
386460
314001
287896
306614
331635
443613
227267
394292
162436
205379
382704
448239
414104
114537
273953
293397
126712
378778
209750
177002
190932
395832
426907
405275
244650
359057
247650
243829
146785
415388
334783
109174
217470
231176
249731
257085
417714
326487
134676
277236
191599
160944
429803
282490
385587
191422
217256
262790
156452
309283
384632
452783
139650
156957
319221
360252
271633
349165
258928
380365
380441
413029
360330
167095
411950
215846
130657
248894
350385
112296
139741
166072
148638
397544
178580
428747
287686
222838
142654
208493
443735
273729
438931
329399
428118
219878
189555
370958
104651
307959
138670
222504
367578
396072
315797
174985
290269
321746
224399
296179
145139
117861
119560
170147
229991
324263
445042
247478
446757
294788
212378
243631
102209
365073
229842
255044
233538
310718
109212
164524
192036
130314
319803
109500
386218
173084
242957
206127
416397
254101
256458
368734
372045
108156
219116
432450
203672
290890
201210
378291
268364
117090
364696
451153
391589
403285
429052
307529
136909
284848
222633
262467
402779
185088
232597
369664
408227
332527
381986
299000
373034
445705
163818
383381
279350
148401
121021
273303
229676
248155
306229
124252
131678
234968
195699
192732
102065
105602
271551
210192
221290
421226
238184
128115
415241
240165
138310
419224
321612
361544
174727
400102
437926
390153
183759
207694
232844
168734
288847
384127
155769
252698
189236
263773
303483
191792
430010
246161
380515
367525
190881
386486
341987
416133
388925
162296
334436
243212
174476
235162
433062
378725
455566
266758
157438
336085
216286
230770
440812
193125
283265
323671
214301
176703
286700
406304
324381
115647
281673
418418
214278
327191
195663
346815
230658
258674
215388
425750
340924
404119
430535
450639
313468
162751
246572
358562
299809
231046
113792
196592
398142
202158
259679
210188
296618
433768
341998
381636
246955
396319
415842
190147
368668
438215
251144
243133
454762
259539
431024
251427
102302
224641
196887
403456
259157
415201
103316
349604
284611
288654
279244
100757
167223
106679
115125
105229
385474
438607
309586
408715
282598
380318
315639
239214
214707
416147
255484
375465
344730
276407
434488
124936
206277
442909
299353
423539
435934
293893
406400
364849
152430
357456
373249
442198
164772
258699
226990
312894
181436
406794
234041
227051
245139
118690
346205
225663
124809
101571
263344
222213
104543
323842
397500
399398
308808
160383
388324
137834
249175
243379
277670
362019
415643
442434
380799
365499
111758
386362
403128
132236
303043
310013
331147
142297
223233
169783
353549
408910
356841
165285
345449
155031
137702
103129
265617
277193
123814
308525
377127
163359
411428
213514
139795
243557
403921
209195
163061
161544
201589
144019
277281
290091
418292
352616
377586
387891
144285
363483
406674
175667
104733
280062
116738
338980
278267
430074
321621
405515
337730
402011
221050
265887
415980
151056
157867
277448
424727
339764
145986
230580
294985
378539
419302
198189
280345
269562
396230
106450
420459
191484
441142
444214
211035
286900
387736
279082
399405
195694
407612
332469
372919
150264
135042
384686
367011
209674
108989
122174
112257
298916
289954
426997
155084
162735
180102
221720
235001
316866
304589
243354
121629
122113
221593
325845
244859
349844
187210
334866
449975
401783
327788
341424
287001
241340
391785
259684
218193
234979
443057
189488
383981
332750
278357
292159
393155
304862
423378
386495
349391
314806
292411
397524
419586
245445
296830
209018
132304
114608
173696
442619
176569
149522
275147
180330
404791
134171
455019
212489
376051
455509
195534
184148
423381
266505
330089
381509
155906
455670
294972
145200
182271
193556
324526
331213
284090
238786
443438
315887
288908
115640
161235
374975
189749
310827
287217
395294
250824
339094
367296
442014
247629
451740
103348
233738
443668
208306
359760
412342
364684
382303
315929
165402
142314
285333
351726
181923
133629
253085
166589
293216
217966
399222
454985
444030
445112
341441
439024
338914
180300
237034
370384
209058
173936
332558
437729
390326
291315
364491
144289
193861
380313
116982
134829
359345
235083
442707
373142
399333
363233
384879
389402
330250
358638
412934
126690
244188
399424
180194
308638
407514
445614
348292
196336
330196
196434
396031
442424
142849
179994
170912
130023
320859
140423
451753
240316
311597
178520
116768
181476
356890
445056
448147
252500
369527
356208
199633
156466
278180
131808
196516
108178
201073
432520
262142
188315
398056
406529
245490
370015
143332
379814
170195
156651
129979
351051
333054
312951
328990
190171
167866
353768
387294
390113
274450
203138
266185
154339
251730
444131
429870
395020
299573
197021
145927
427806
451116
179982
172530
405788
303040
268873
259053
405612
102815
260994
379041
367209
431707
135263
124046
395505
119792
422828
335392
184591
155970
392352
265369
287539
145021
439547
428876
364402
325330
286901
218603
236252
294647
127651
440984
372921
180935
221784
171993
250425
266395
287423
407114
224924
233083
144650
168553
368881
417568
207762
147986
211926
381700
105386
420842
372154
322127
200866
171492
405499
208644
273904
227601
327302
234666
264616
238281
404578
178119
316899
276260
333948
249994
134413
343404
380536
448845
439648
101930
225066
118832
176911
164387
198063
303090
188083
407328
283235
320893
412594
309538
309847
423028
196721
445792
242085
446053
193403
276372
303801
292977
315227
365997
220785
318301
452347
277995
400253
417826
127987
291463
366551
361629
334423
109157
293072
350788
281073
382271
427970
450330
125206
346248
245768
398941
134977
210001
259561
370547
424048
327066
345288
142369
385565
227788
113260
231860
352315
310208
156754
178373
210662
315423
340315
366892
170756
275018
400140
326499
166323
415020
353064
229137
395493
364234
201047
185580
132873
107828
293799
255609
173347
395591
414401
383749
256013
427828
410128
131765
313043
172791
283071
352026
298595
213778
362330
350020
139589
143924
370514
111808
109967
326152
274560
125057
318787
182366
242403
409991
309681
313188
365471
316426
328749
358973
358826
261185
433846
204032
420612
446259
103274
169844
121873
130191
264450
356946
387279
128032
196778
106235
344616
328577
437379
307279
376231
356176
439706
439086
455705
205881
299781
249887
339819
308154
194972
449720
193981
375503
454685
322171
253647
155447
367664
185904
138056
211254
351942
159312
206368
260058
411587
147222
169316
322653
142743
264988
334006
122851
288640
452873
313556
240997
388944
192586
128081
392361
337419
154448
386982
249937
181683
381240
250434
378758
435025
291828
451297
193958
421674
207840
244706
151301
364691
452722
456081
158672
431546
390275
258618
429703
142873
371105
402683
452585
257160
296622
325239
320279
443434
261767
355290
324094
355943
157218
396151
171338
331024
218069
191115
166354
155505
168538
176291
392072
426311
450402
404075
299742
376263
323464
330638
125882
244059
418034
402913
330725
425029
160980
174441
223668
192188
398805
122831
381216
385854
209805
312944
447289
214651
209508
141424
274241
430223
232777
285168
176312
232519
216343
444109
104551
263579
291979
198306
443785
241276
400518
434627
314207
441346
251363
111410
276325
218391
154541
118940
445929
394895
210008
380254
385484
146288
256011
255177
337088
274079
178954
166430
206938
180770
191307
346644
271063
107718
338216
161717
447015
368876
125166
307018
266943
387075
390645
339120
293133
356358
435556
222305
324326
250132
332870
355999
396293
148636
329504
394972
177322
140082
123890
312975
317556
248042
394870
391889
317230
198827
371535
259898
158804
355011
377740
333557
405300
123815
116391
278690
396757
116983
138121
455265
136269
423322
388715
400324
156677
145498
240486
267635
281969
281609
193820
297685
228347
178507
225511
333276
290848
391767
414772
105815
254993
384277
360563
141821
375013
436403
377131
167855
260711
376056
224510
261479
202426
139669
170346
318141
434114
390874
167087
416126
359616
431249
266704
275100
335629
421158
249076
371554
305599
381417
208192
148775
360315
389366
197349
159297
328947
408292
270660
299954
454486
302615
113079
267074
415693
225328
118194
140427
131671
316473
425700
182496
248932
208469
226004
401055
179250
427061
203268
390223
161262
373551
367115
110201
193870
163225
361381
395066
246246
281393
347657
363009
294895
170794
183809
182715
243767
225572
172138
432335
315498
285511
365964
220378
414165
168489
384349
408550
292003
261706
339962
112379
222836
297062
156276
272460
234398
426673
154349
453166
136543
303579
282753
352405
265809
113589
353850
119754
150830
317836
358572
384994
322275
300609
214704
199676
147708
321675
375737
193728
416891
334850
437265
390845
160655
332465
209406
141322
277659
298122
219532
400270
164155
299837
245716
408633
306344
349263
148387
380550
390475
377963
450294
429341
168607
228777
382621
407200
444192
288331
309247
327383
176089
404711
362188
344262
286167
190967
120035
178294
356160
381879
240850
413642
281505
108368
342705
177916
124443
431337
208473
414331
227688
331883
108556
257639
253746
143615
350409
386604
293063
286768
438617
269089
282670
441670
345880
129872
389357
191424
274538
252620
222639
177056
360230
245848
357013
358485
402672
243990
283530
187679
182625
300097
379130
361701
326300
275053
333836
240621
339506
215527
163575
427356
436502
423479
203441
254036
417088
123497
392380
172507
318679
250989
120879
414795
317309
343192
435780
320442
125148
273464
332667
289978
111121
189790
386905
393867
143504
409690
268404
232593
150143
452664
240551
189795
138557
264839
267238
231192
171224
453732
322516
384655
427972
362049
267132
404433
255624
345551
252160
377446
337596
179720
104944
170678
325777
298982
304273
326982
122337
402883
396856
298052
402471
330796
434091
455331
138826
209523
312144
184137
105623
187397
355353
314464
143481
252776
345000
448897
251069
155056
352325
125454
236231
112478
426179
101072
104239
400352
114640
423270
429720
103799
218850
327076
450551
427496
398836
273016
225735
161230
404151
144427
247057
410098
210282
102048
120780
278095
165763
286667
212105
425893
196954
278215
285572
191666
167823
401471
437680
130630
347594
221243
254992
377854
308904
355591
241164
310748
391307
197117
284700
189546
446898
298083
320330
252734
340694
355446
330060
227234
259585
181052
376654
251015
148043
385084
436180
189371
332521
245261
163163
329844
408542
190858
203071
335891
246582
156332
110050
399049
209861
206408
432401
236196
134397
253174
438096
118623
150533
317248
421223
280215
394887
192874
369296
211801
140889
300413
274512
292217
115771
376050
414978
217070
291645
141130
160952
304691
449665
255887
349457
318659
243279
156702
364568
289439
319680
344757
398891
207409
359664
334742
423184
364786
280939
136265
351621
261082
341716
153789
306708
258487
350790
166277
322850
241858
390523
301738
228394
278077
251850
115546
227682
108596
314825
139247
227768
217581
188260
100611
429333
373637
339220
446955
438377
394960
160187
115911
337941
335729
165772
104497
388597
345536
447465
127568
448168
185204
191302
238741
383338
450345
398105
308078
373916
204860
396766
154724
106487
285300
328912
449816
165710
262113
354722
123682
195524
352640
167458
134012
132979
235846
439118
256848
385985
377259
428776
358062
290284
270822
230900
113232
287661
332797
335623
227439
259566
176794
442412
301753
368210
179548
206161
448665
283833
230738
451518
453692
153652
401702
216091
200758
435948
153829
260853
433187
143055
443586
141771
372342
450242
364099
433752
202916
303039
315399
440623
182210
217855
244658
169125
202842
366776
225206
342569
140814
283402
169920
363686
393190
435392
452541
256356
448620
314775
455680
133767
264428
363309
405183
314879
391263
309436
387212
141494
335240
243350
227854
296303
185760
447675
445616
251696
118199
372034
331348
128159
391876
125513
133358
271174
324251
187576
423883
362692
339190
391647
186529
110962
129623
390071
332962
409874
122186
321165
129415
165350
170694
359478
342323
130165
304808
206622
229832
447746
236059
232225
359568
142665
356573
299248
262998
400388
443848
332599
332670
405004
302587
387280
356525
259772
106351
452044
369073
348933
213250
227582
355627
388636
414295
168495
224455
185894
136672
147005
453647
166268
254058
420583
122763
315027
358007
402635
291666
128163
374232
308609
267573
379964
201670
294374
106325
203558
151118
225080
178533
152517
113200
412052
349630
227375
247706
438376
327565
245797
104396
455573
373703
203156
211276
221917
316387
189129
372755
157444
242066
228966
330738
313155
219016
340666
339219
253427
432854
245850
166946
178649
323608
103723
395284
118691
342067
435898
246451
424609
430616
438985
433285
316414
328344
214983
185412
280756
340228
402221
449444
264941
408578
347006
378628
120450
146911
390039
440742
317153
363444
300142
232834
236825
327825
160739
425749
311739
190804
419852
182497
132621
248102
256598
190248
212682
387580
129459
405218
420377
434537
445653
145836
264446
295947
221233
394604
429658
274713
393411
154603
377704
455085
207075
361860
404678
415577
247554
236998
228335
279329
281917
310761
432348
206095
297273
455629
105182
225900
187469
180372
402692
243217
249105
178523
102245
373489
123116
362467
168482
322265
202089
