141016
394749
231661
294589
432617
448396
324797
126894
375819
107341
227158
327209
133724
336335
149633
308429
252138
387609
360093
133674
163762
450253
332408
275197
242476
144053
272553
345411
368764
118462
300746
428903
203340
142324
103214
297784
373673
388090
151990
428820
317266
111737
296420
189754
101787
160903
264892
187589
405312
369395
161463
114406
380563
420124
158607
215218
256347
373017
116291
408859
327007
399836
375564
377241
447959
113210
354692
419463
447302
289038
166503
258865
356791
308296
185717
337999
399653
448105
336166
230065
327897
149537
456144
245515
175509
255742
208893
443233
388680
402699
302677
340821
382657
324013
148941
164771
320647
237748
373769
390590
382202
128276
281895
180371
145022
306494
316005
322511
186633
445768
124992
131535
140372
163005
261656
445188
275974
150387
160170
288484
190325
117088
331929
111378
173204
382455
231006
403903
196267
363602
275598
173856
304215
394486
272770
314238
109528
418664
288880
107941
281454
233966
272901
198466
131714
386194
305932
387022
435832
365121
255387
418698
296978
408415
131998
210455
268969
184357
415823
225272
222784
186663
156611
199548
434860
383715
324334
368146
298219
126101
266375
429669
341697
127876
432998
438259
177717
416089
324828
121699
289468
391807
410557
248124
265552
242129
371928
363640
386043
326353
372691
324022
392439
184219
326441
212938
431180
345054
266818
215705
318731
264940
162431
234624
447916
133440
381907
194957
312233
416343
160948
251665
350312
167671
211345
160005
165438
307452
114816
228920
149837
299675
253709
125006
350447
371487
258683
305433
352798
101502
152111
338294
402685
312741
311657
263187
222858
331227
245875
299694
435302
442921
232496
184818
295486
385531
209763
419622
388314
202983
455485
267007
228416
188149
147625
228710
400440
443366
384741
297157
372117
256413
261081
374216
305123
181734
330700
196024
409770
265071
341886
325379
446651
358958
273412
196156
220939
136820
241865
139966
372551
189332
158938
184421
384456
265132
455160
207575
168417
427004
394878
246800
266604
372180
127846
215583
251539
278752
319594
102527
125799
453937
436484
178463
432692
444920
169205
172103
362670
351463
422578
404730
306629
186383
449715
422032
209677
246588
187497
204483
318427
123787
410356
257770
229094
244617
344076
161912
139335
235302
377693
298918
358237
214451
233561
170283
221944
341953
160260
446594
114798
429950
360237
314510
198112
135564
189010
121712
251038
407395
311386
184900
273655
305711
108784
225232
264788
366957
453785
368725
113956
228423
361364
102636
209551
223891
200462
274321
431025
379286
292086
294861
303736
372124
186190
440846
284369
283735
414156
290798
437448
149458
210320
112970
218966
291781
377065
349579
264523
207482
156981
315783
309308
154230
194295
208702
156700
311153
283106
204889
211009
397838
291849
437904
359803
125131
138535
305539
278074
183983
417167
225885
356089
287534
136249
454310
146510
175922
237260
327217
177171
202108
317817
177575
154139
244684
164899
299741
106857
178108
367444
285257
253991
260081
222294
276151
247490
214501
146627
203434
412054
101402
452313
176398
433531
223558
413809
295920
103888
262609
136718
388092
248991
408462
448023
400912
319160
406450
109565
240329
442004
331511
217306
105576
176326
389447
329712
237914
425771
347622
324597
400968
256298
369364
101324
388553
234134
248796
373039
316278
374477
449241
151133
199816
283009
227431
156913
290473
108611
240616
168941
339915
358989
160004
382481
344045
290322
246107
210850
149978
190414
271044
214269
390571
207069
174612
158958
344503
321803
196758
113972
248574
332262
346615
282980
115161
417708
376184
405808
116876
143837
442941
431796
156780
420549
286503
386437
118029
250971
397550
325709
260165
403160
378925
437880
184693
161474
315362
231966
132865
169635
386031
334376
179492
269412
260065
225772
162824
328161
308219
346816
340791
377584
452183
367238
332514
346165
125417
105125
247252
445457
151011
181103
274441
180934
359995
433375
349435
272505
433671
185306
395430
211990
128247
343475
145583
361963
358964
411708
366250
230274
144219
403695
108855
171958
170198
127218
437836
257734
255436
376984
418988
433297
176013
122476
445405
373533
346031
320802
230153
380451
393307
222661
422131
251830
109889
275190
379889
246051
208283
160168
152138
136886
312922
217995
296075
212620
208487
280069
211891
138464
307115
233287
266346
292156
232037
344924
190655
380000
348319
264562
270721
385661
431351
234920
115041
378604
402487
365407
258014
192247
148943
440383
155857
262916
442848
201697
393066
201869
453803
280616
124341
423080
285986
230785
301481
195433
115414
301824
365462
162561
445585
275796
218860
199755
417515
356720
440545
435912
258862
236106
211729
250141
192222
102767
350302
211338
348185
127945
389677
396256
262258
435606
221296
121179
151494
185836
138064
211704
346378
396470
284058
191877
231711
213416
378623
155341
370822
440843
336107
374497
418966
434781
109699
222011
444711
276680
179439
354263
200687
265156
279378
289938
224117
420410
378080
276745
373420
123186
163143
158844
128938
228526
204627
282268
177671
253311
378411
276081
215734
208914
125584
130598
438329
234905
131807
253510
399062
380244
208609
310483
454328
344508
106837
250977
104586
127329
419321
144236
253194
432915
398366
172649
377285
160030
432437
103016
185084
105046
418454
451657
386892
432337
145447
237658
365037
141312
308398
133725
201941
160527
174570
282748
232085
316056
115062
325753
453909
339520
372015
164945
340629
312918
391482
259762
393889
451339
428064
250165
340291
242861
184910
412619
161142
369808
420757
163558
448934
104209
306696
358167
421907
277135
364661
342722
144021
423788
154745
113061
398185
249697
452074
123671
180857
150392
438537
412722
153056
397783
426746
421446
258206
379410
108642
396369
122157
340978
359814
451040
134746
199449
259999
138534
151199
415960
350243
363545
426252
404651
238144
323460
427499
315990
207180
295144
438635
226867
227809
139700
387478
217705
224260
316010
160159
333181
452443
326225
175970
378465
393590
236546
298071
228695
170555
389432
344963
189312
282038
157573
249108
196326
141226
201125
300246
156401
328688
135323
455810
325675
443307
256025
269234
217095
373478
186498
335398
210979
332492
285421
368261
455631
166746
158894
218639
330240
219707
192985
202521
408611
197732
338632
116786
222942
209011
374526
298085
344758
417156
211079
317081
269651
264004
302185
356615
208084
255637
451372
241826
245092
118759
324529
166993
118962
252893
447378
211552
184822
112400
320376
158274
447018
446168
103779
240893
190605
236830
400027
169208
182477
168116
182307
368716
146242
243709
107581
339113
366304
307402
122418
415846
114045
394661
111571
426435
439769
106197
332678
303751
300913
400116
155245
440213
247042
380998
119503
170165
191154
205292
191867
451860
353376
226451
324547
429965
102541
340525
434249
289677
223445
155419
455249
312087
365782
123412
124075
361347
417068
177074
453281
224648
238043
260126
290240
124072
101505
322012
242062
389670
439314
120169
197261
411545
438051
439295
445267
355758
153943
321516
247292
243321
108859
419661
345320
220069
194947
166867
351879
411994
301293
180197
122450
368332
226758
415242
254426
106195
305473
431957
451084
398482
285000
410461
313803
344302
329669
221001
271286
432847
153439
447718
287924
186845
262895
392840
108757
426353
148486
412988
149240
215240
298446
220778
331542
406399
157689
144528
297086
259562
300895
236057
180781
401718
329431
106352
166572
434502
305785
210675
326906
127337
298475
350819
362478
112002
168894
371583
388158
262102
124031
361387
283246
126938
268351
216417
312360
448121
119768
233163
243860
248844
334690
136456
133022
309087
272545
283025
231684
404150
178872
301289
244663
153861
128748
232638
136272
175409
260149
248735
388761
325548
415618
183077
418842
122693
209624
325881
124117
193111
341445
277141
219807
212319
395205
200554
215320
214465
127014
169858
163840
395487
101702
414257
124602
300829
353671
396356
443075
305442
271271
185269
177298
173702
183325
133144
214303
186302
139473
375239
151807
319702
397497
338424
216602
351199
186304
198134
382316
329380
365385
133823
434758
100250
288189
209889
189295
325920
140225
249384
113261
269022
284528
192571
257137
264912
260302
151708
358868
301125
143677
131588
156715
332703
219079
226813
214130
148836
365800
369337
164182
330951
114424
317973
106579
382729
443357
264399
389525
289774
318810
283037
419065
171852
133311
385331
147168
391877
258038
436029
158570
437609
192213
126777
259827
182977
140280
430289
415472
408595
118477
424877
319162
399279
193397
221690
196043
346351
175485
225790
330377
372981
158572
262917
268999
357492
433890
251809
183359
306994
447182
305467
273438
289933
284137
269842
400930
443526
168073
377833
151140
251515
370035
352784
276818
109380
167247
371426
454799
207604
446463
305896
223212
276090
253417
276323
198494
441784
240059
353948
119045
413557
111801
228401
424941
174023
219185
227229
100780
328906
441281
306659
409018
157735
359876
393895
351022
136613
299364
168543
176716
158896
226822
110354
259885
445621
236292
415783
134396
288748
174771
188608
379078
432021
184953
311643
446368
137264
235410
256331
126891
201921
249287
126145
126096
358828
210451
156531
148430
109476
253319
258210
351330
270788
136334
146847
128225
348903
426627
343844
193891
257868
386619
341349
275754
226261
367595
118636
329887
110065
172816
356368
180952
347630
239594
314845
295755
383153
323395
147662
404790
301385
442164
443812
185042
250426
210889
294597
382991
373784
371337
119288
116918
226642
216264
372429
288113
325781
306460
192180
379160
132564
174186
428988
246307
366311
443932
401095
271400
335716
358451
318211
197684
419729
291335
448231
399334
177660
423863
276995
355493
281976
183106
259023
161491
218947
452883
417049
229722
411812
286801
190576
262250
442711
414989
449686
115554
202007
327639
203497
366439
356371
361564
106414
189976
329842
267402
280537
398785
422974
288497
243594
341970
195036
398176
453627
282312
312547
353100
187426
431349
295393
286822
233699
372761
433757
170749
288047
150879
233115
113184
121034
150386
411247
140810
235421
270086
248320
245397
236927
125343
114286
263293
413072
355995
251714
232389
298497
330605
161279
204532
153989
428608
265742
190029
266181
330756
135610
220507
366807
365735
185852
350683
167711
238664
380835
245905
422674
208198
238359
337352
393452
173872
121661
154321
153726
294529
392339
270975
191382
169422
150637
403180
210206
425479
442979
329547
311748
156599
307625
311893
447568
214453
145165
136586
231412
424558
277455
407560
182638
100730
152235
119150
218221
288292
328573
449471
304099
197690
419226
284857
257998
123698
336939
426539
456214
142069
318043
288323
136987
252242
220493
211928
433389
453450
277127
398643
161412
174750
357670
423554
358200
320891
101680
205645
205179
141943
158566
309404
443225
299471
118406
424553
305280
251454
184484
351855
254871
323215
404044
317199
375353
174512
368935
211206
213586
310367
400058
443708
186053
199218
444498
116973
366786
452624
247076
222243
233653
223387
249453
120600
217781
354342
412984
204241
158216
263153
158042
245545
421167
149030
338718
221639
265462
217755
382573
382701
382323
178399
118892
185373
384170
359149
367355
210326
405972
455464
158158
315316
300822
341023
186499
267444
423031
219084
253477
387017
168292
265030
281455
175855
121893
454169
341609
194731
394575
135529
346949
188169
380947
416845
176873
128074
314202
406123
342389
150767
277016
298932
351251
449349
436167
109761
147024
150057
169642
190596
139613
255133
442333
319266
173026
333992
176508
395109
409375
447888
316333
321289
358317
235529
408434
423327
418479
116214
129115
134864
317261
100577
226538
112645
452372
282868
328642
420205
274582
219411
162451
367676
359881
353375
245451
407871
444299
441592
342243
110593
400756
141794
302925
348829
216211
446215
291656
306636
111077
335071
269859
110096
454726
149701
395559
396997
117913
323004
105237
215341
113787
303958
373050
325921
190207
418075
394910
452476
248466
346589
430053
233696
162907
238637
326362
306486
430755
368662
197436
244959
220077
401371
124139
322545
335917
350606
198035
333938
114066
344482
204871
252122
455675
269830
437272
427954
402026
179552
137462
426616
184475
307770
164301
309038
125358
321963
352851
169082
454136
164196
309859
349618
214624
111319
176417
176598
201898
243397
266197
361722
426663
179632
141570
450064
395190
193683
120754
350500
400810
350419
366744
403381
182591
125172
105388
444266
358313
251642
214925
101574
398133
247924
398837
145611
160718
243693
238369
161926
125947
115631
153069
362804
356690
374365
306894
263160
221454
231794
187930
148945
401449
403272
236601
347848
280780
281467
263979
404510
203955
444598
151130
325327
138619
224261
254757
157402
284685
380298
183304
388396
289337
103732
244341
323726
296365
327484
302368
149998
393046
415815
138599
428012
299591
283410
357917
382708
255748
222113
116376
385610
216073
235997
369024
356111
149350
351532
327802
453444
241946
190722
352422
275863
358767
141074
321797
311783
130653
371665
297999
382110
427580
234459
231422
167309
100346
342193
175018
325459
374501
111609
414033
452231
225396
392587
236010
219923
273092
171455
199583
213128
186786
333552
227988
401883
339386
194179
182151
426184
341329
217552
138424
288796
295021
315308
340908
137783
360720
136177
115395
269496
180558
398798
352417
392136
390263
360704
169183
304569
229160
308276
390974
206661
224075
221222
381826
301214
385170
143610
113761
217719
227843
168316
164550
426548
227529
326020
211518
150805
309883
455367
396008
293215
117189
322391
394395
140473
332947
252114
300771
125146
163072
398854
377354
345114
277771
145236
452165
130838
268547
434811
118661
336512
170691
167450
434859
100773
258801
134803
443116
209938
409492
266330
167038
163942
127039
118257
256650
159586
178044
374659
428082
301106
379221
359317
411184
175876
298077
292382
193131
366137
385108
408381
326927
243455
338285
149864
183535
117708
406875
194135
185420
110206
306068
406471
199521
189243
278234
385302
306226
188301
281253
253827
411750
133351
283048
444465
230256
241637
322155
424821
167629
240474
351779
432385
308459
190178
112323
323950
382411
403356
367045
450061
339224
214393
274735
438523
146633
408235
368704
434746
240198
152691
377229
372971
334012
421719
131627
116494
402611
199478
172584
449307
238056
287803
109920
101923
314607
118899
279126
111868
102653
136825
455771
333804
163787
379026
417790
417598
418741
344555
380175
128080
146532
338486
356933
392282
453155
365911
135828
213510
397634
360891
183002
401130
194799
328965
252761
215768
371203
258956
145090
170773
440090
298779
410801
318414
379699
169106
276209
286529
376188
212659
408422
357264
415950
348601
254243
271462
369518
142307
379276
295980
119886
342096
386367
204524
104829
388246
406996
429322
174009
183320
174679
308980
397236
252069
353810
290385
276850
322809
173947
122399
391913
240150
396764
308317
133222
269569
422194
398186
445684
379007
114892
256672
127159
448988
243073
453087
138872
282643
447342
441270
120834
406722
336218
269805
400029
246068
133729
415627
150711
446087
344514
338673
453902
145315
342813
408929
169469
374431
351640
258770
375339
268670
409318
222471
334500
172326
293455
180451
290347
394209
347095
355299
451786
343350
153332
298316
419307
250021
432729
211687
395313
100290
337828
250012
388473
189352
181246
246736
125211
285851
411512
272449
427436
263636
408957
181981
169532
186020
239265
184301
386342
218622
393410
368236
387686
441585
301269
275455
409238
142154
454199
456163
205945
335274
145438
379614
227635
447157
113212
400395
395571
367162
306919
368295
394808
182942
285089
143992
207018
365413
368799
298781
371299
408500
363550
262233
145222
270483
265295
377032
145928
301759
142742
291511
302556
195007
242110
329600
418633
198014
233661
330336
172234
108339
103772
124499
378038
176551
256857
316136
257266
301983
132174
390248
416867
446497
416160
222269
225747
255599
374220
316586
273098
386680
208819
246775
438927
454240
244727
303993
154150
447700
281863
435113
404698
323188
224326
378974
282972
399360
205385
312578
291950
301079
351516
413099
371934
455734
173265
367112
386645
418023
147105
120561
241609
381320
223093
357646
338267
178672
246743
132096
391856
194459
288954
169362
113282
121392
158392
310053
319714
400542
102638
334609
105780
151512
262601
230718
337335
131562
179669
293229
179426
355762
410671
295356
204338
199314
280923
205362
267425
152221
208278
131131
313600
311125
383402
371575
329854
350929
378416
103698
133574
121566
124509
317159
351576
152501
354653
141934
125339
256580
292764
253254
227472
249063
431083
268635
322971
288043
261120
342680
144083
202117
339020
247055
206425
148234
198133
261436
114238
158697
446789
214809
417080
124062
287973
102700
167725
387248
384690
203091
182561
120609
307763
243691
354373
151202
104950
228547
419581
314867
164673
246020
106151
157586
176563
227184
190895
240032
100406
435329
212457
398048
262282
418472
446488
261490
334524
354985
100487
455392
404306
126360
367965
346261
237948
342879
152666
267171
145704
355414
148492
405577
310633
275119
155038
227214
294957
215732
244491
426374
382676
235524
192074
312636
441993
123329
265841
329033
232200
420910
428345
134086
438023
318919
372947
420718
389491
279866
445944
179914
338245
174725
131725
259854
405462
423886
371054
382607
158671
214547
302742
281198
224671
222000
195620
120366
454597
232194
248233
163675
129652
352083
174907
200150
424178
259778
149101
382623
283215
191611
383860
208226
101116
187370
191913
251875
404374
435662
191420
153042
198732
268995
294097
142203
166884
368942
268345
285974
435913
440420
422928
336244
288845
401546
207872
414209
252810
434401
408949
119119
291014
352625
364027
275741
158530
101173
288105
211401
370124
129695
442907
320680
407236
350115
356245
325363
130175
441616
419345
223444
444054
299982
351982
162408
117794
385011
196677
222867
224001
403709
394973
302590
141303
397370
318462
100224
195464
291307
421153
340773
364046
124878
379523
205571
193251
185927
416254
181250
297406
321863
359067
192437
433346
233414
118052
246477
196641
356912
443176
385163
313650
112309
302156
283885
280787
139944
285428
383057
158029
103113
233519
286103
236687
449519
169723
240542
405987
394121
343515
133961
251403
437439
154009
209472
265199
130153
115060
272230
422860
148347
312675
386207
379805
425116
428145
248395
386427
328793
226024
113600
161509
185045
139768
172741
161457
184732
277950
359109
198345
256748
431839
438528
328859
100475
453911
401115
366975
276308
237366
240749
384740
396073
307106
418058
380197
415892
384274
113041
395092
384769
131384
135153
179658
309704
242805
263230
124122
174477
399030
202266
143287
215362
224653
367464
187444
272922
373245
154542
410776
164390
321733
281713
254765
431552
343026
199626
348090
225626
449311
109864
284333
315336
450765
132499
123478
125716
404200
221133
390209
196308
190841
291225
142675
285602
109172
120418
273997
224277
447973
393215
114038
107797
370166
375321
178732
170402
420276
121178
394688
286152
163886
317209
145166
406998
131015
222247
425888
355618
305185
291203
156167
180592
218023
280164
447640
132415
219299
379829
224806
162623
164983
374490
389564
158749
397471
413541
297925
200117
151509
362717
274772
200661
422917
406172
188606
370225
209073
152218
240752
112812
389991
145555
385784
175462
173360
227263
343909
228552
158540
174124
147978
349077
395178
424378
102134
331695
317421
233612
384482
211352
258742
400353
336246
169406
409503
105052
275095
134257
116663
450851
376995
268962
100631
326430
407076
213211
367724
229645
200978
338235
431706
285782
436003
181857
107515
337931
155663
152724
328138
219323
290237
410230
347176
449339
406706
388967
433145
303381
310032
281670
454823
236144
206818
451884
281594
208693
332070
363440
346794
172208
150775
380367
407065
154597
332194
369633
109968
199611
237049
257350
367156
295703
169157
181193
388896
133457
418690
156828
136971
306504
402630
106969
238970
134735
189879
186440
134567
263511
320170
183054
227605
377459
215343
339134
400260
136189
370709
400162
100217
419823
345180
136648
106548
334339
220469
359569
349368
226973
179619
170625
415735
197286
304251
100593
296867
145323
432885
347586
299743
111595
344258
334943
242695
424614
316743
332568
357323
166681
344656
295854
446933
116126
320571
191762
143213
158172
117836
215913
140846
382779
439752
367109
128930
448828
320768
236847
134869
426591
330889
251509
424655
395723
149156
292461
248408
124028
126718
245680
409794
394027
301701
438914
112565
408812
294675
411696
288446
216977
423094
371913
348798
109155
234008
320727
361042
436678
382785
385432
418166
347820
258996
231143
202738
303304
343847
178115
134203
343259
120844
117380
209780
238241
411751
125183
437900
310326
161395
237035
237693
134559
344805
230741
159437
296010
447104
387887
113135
159849
266152
173530
338429
244492
222921
190595
153296
203668
345286
211658
336888
393795
444601
359848
420330
413906
119479
273061
243512
339236
165678
279936
358116
413641
211881
351466
300173
171849
104395
413158
310427
307774
290724
371667
422379
348030
443761
272916
120213
141468
385716
172963
373058
321515
208752
190497
206515
102461
290931
115086
386914
332158
411200
425496
362819
121457
443377
186837
431502
152744
188125
141663
273384
107173
296497
259141
419999
291903
217533
390185
126671
408011
446990
265101
319894
361950
441568
280453
121895
399504
397514
409681
283208
437897
335359
123254
128810
349244
276704
421689
216466
122963
245639
349539
182813
326860
334330
245235
350738
167707
137198
331996
278702
234399
244593
160851
412852
270516
435342
126082
334413
288541
127648
363247
266261
225280
327091
440447
110570
326580
147665
107332
218259
265848
201968
428317
140167
225583
126946
231050
274712
192807
149817
367767
151121
372591
213237
316256
254761
302969
192313
210649
266028
245478
163320
316233
233248
214582
382173
335614
410188
392521
313690
182410
284445
172227
272458
100737
194693
140600
124127
139109
257239
175460
397134
213069
194002
421967
409125
257592
274817
131835
372648
167567
329578
204258
368601
326058
399868
332314
208928
119174
281878
399492
216215
431785
235305
264982
225605
264507
288951
109939
148502
159487
253196
381685
333010
200558
358300
362587
452475
368427
179361
440115
185524
278250
446602
237607
231706
396895
333897
223879
133003
366588
290452
377467
204824
328294
390454
201542
420435
438110
131070
397764
178437
412148
228611
455301
378081
213389
411294
268420
139943
157556
270332
158024
284249
426215
217017
224988
397298
203390
316927
424627
449612
429647
132900
242458
282639
385279
176042
193542
290344
394529
290827
247037
380368
113473
146750
273425
105065
122673
237643
169930
150314
216509
200511
406468
416441
415840
324690
442388
202140
145003
418888
199300
206580
209768
302415
195530
112268
190107
414429
176006
407265
320791
386514
404976
312646
419991
150170
258759
373860
252164
303501
156023
130978
213188
198710
163078
368885
325143
118922
283397
316886
347026
232065
440965
231741
257629
321859
219488
325025
419665
120944
307914
437040
452061
174738
149383
128394
453710
241238
310907
438099
193731
374710
429841
237300
348723
124877
275464
119292
379583
216476
408906
437044
412065
185290
184513
226297
132146
387487
143762
138324
442146
441121
239367
427602
265239
322562
382852
398392
101142
126905
280655
232681
442968
113033
159187
267476
109209
387798
314146
168377
151059
232486
371187
259711
310494
387615
218857
237816
261453
392324
139284
226087
387130
343001
297204
188197
330052
343768
376763
191536
163913
430638
301913
116951
372128
235600
255300
329201
125381
130201
358120
149740
267062
316452
125188
323063
269990
100489
430502
350926
100486
321339
336824
148998
176706
450187
378522
256560
109911
117988
298334
260810
428183
442506
265042
254689
208558
195484
239092
255824
125949
415814
352355
225172
429223
449921
335483
346751
183514
425789
398712
395609
300620
365668
138249
219973
344033
176341
453992
452900
333614
259440
100246
178630
259991
196937
112547
218169
384163
383627
146170
377473
371146
118175
436004
199948
266184
328363
421465
256300
105504
455915
157520
351761
239497
181429
293792
331816
318229
356093
396296
191462
238058
121995
140124
208080
420745
344732
421057
212237
454965
320878
336160
254561
417425
240917
136700
227441
205963
301039
322185
384117
109655
309532
331393
143637
298663
223036
419360
279913
409783
211522
414534
189545
203451
315234
420846
231920
189153
418892
239950
270620
367775
413535
222828
417484
419653
400104
148311
118381
200445
160894
231199
319564
235027
338818
309991
338580
273356
164714
271892
455997
309259
350542
290823
213315
160287
315544
253481
195861
364528
193769
429865
417854
164199
289229
430653
311831
405635
410859
329455
219128
334283
216266
329530
367735
357129
174244
189349
349898
425325
306717
421416
247872
336765
252484
212791
249091
315078
258888
194801
173622
328893
399541
173954
176892
454050
202112
108949
127778
190271
389169
229800
126831
134634
336369
194387
154725
432250
191025
204376
408848
413949
319866
159888
218025
340017
454355
171140
348683
432979
304866
387411
454942
359482
452967
429895
116709
200137
422400
136358
378665
105186
215199
453990
171062
282721
240426
377413
133819
131338
413086
275561
443915
210279
208256
370938
165754
276590
293783
291483
228942
263932
448202
156500
334272
104619
293424
111953
176674
325655
102263
332832
120938
195787
319381
416669
164515
363149
229108
141532
418087
171949
412164
404423
436351
435279
154946
158692
258320
432290
317169
210297
351215
181970
451647
372173
248266
445584
150885
222785
456128
120950
139483
200733
131756
333097
190918
322682
199716
321306
190938
384025
271091
111549
175787
215771
401244
102954
321692
187794
165272
205462
436201
312074
335190
169180
140604
217912
438087
386900
143409
419511
154273
270573
372683
140491
258706
412723
343512
401551
321600
391342
398946
403853
281446
388797
385333
121400
213960
390205
234925
419018
441243
276943
273312
241785
245431
245526
446900
324907
139961
279839
349290
257221
341563
429153
333864
203582
348592
424634
148356
261001
255704
203625
330484
372058
213807
168269
189547
417229
187747
257090
108823
448379
303832
107448
258718
146898
220581
171496
253676
203452
169758
258033
153540
102167
417219
354019
282483
276002
174510
361777
197968
381813
170975
351023
183615
185873
352111
367802
388974
107856
373005
293882
249065
339589
213119
273120
308074
216344
373704
356504
349546
412112
154648
101948
134113
327511
255458
367520
432711
329024
427518
110423
377629
134225
218944
431192
279931
159371
298065
107054
179240
123058
366759
168729
332015
327632
301689
232239
229720
270533
319771
398897
119374
179386
372895
446875
419324
392627
204956
425465
201475
270069
142341
114581
321635
434857
217437
128716
140271
346999
318532
141521
195514
393332
338790
454433
174467
278454
162042
444164
334506
316528
353665
342080
149443
105263
131221
288172
322935
121397
345912
150415
411783
368112
187778
243339
327497
132246
220573
416054
329029
245325
352226
150644
243042
110614
213581
344688
337384
116682
200141
201641
110584
204671
333811
287010
408361
111219
209998
299392
440112
151552
314053
139167
430510
406295
373835
138589
250250
112782
380392
452879
388413
414789
180306
390967
355397
435327
131516
348555
214310
158063
380382
284945
134431
123305
188246
348059
268874
268415
242485
307161
335888
435517
372087
134220
117184
367387
257973
413852
334333
221051
335654
132156
202218
428147
139922
413500
138693
438406
220933
245982
243482
157026
270237
126128
376983
144493
384377
334851
212031
117697
372189
248174
399634
381140
177836
256504
191934
406056
111814
320370
179120
165346
228317
129461
285088
256905
180370
101763
370692
137897
323158
276919
373509
400679
408027
413222
157660
146123
351972
405110
338698
400677
175085
439150
213302
446910
315551
356996
284472
192730
143670
198174
191994
374348
312905
396413
257957
429790
241744
187196
416039
242135
115240
332088
306763
323433
150774
399098
123911
350726
356853
172293
455306
299537
313854
235682
287095
329566
199899
411909
150739
373174
203448
441953
398247
285657
373746
398112
288405
259502
295902
243082
143545
443065
165820
288968
281332
388001
105354
158112
266772
451291
370284
424687
425813
267796
437567
202569
432627
298534
323409
228292
226081
215202
342398
415833
424300
349140
154830
409378
184053
446901
430972
228069
402413
272942
192148
336345
315828
301974
137217
336304
230678
299467
109373
380679
265182
140623
172095
455610
324506
214739
248168
159629
188698
399642
134926
216762
318966
277270
312811
156304
285011
270710
155411
118456
425606
321501
373837
367278
257837
371098
452936
295142
162264
399534
137707
416619
381786
116507
454037
134900
353789
127480
111154
107366
134578
427944
210054
157324
113052
349896
115178
320218
194730
335797
447151
387918
302983
273971
392614
305906
263817
134717
301333
382028
133157
203618
184281
449765
231250
149995
426368
198608
271470
146339
215555
340882
117692
326031
221042
345614
244474
452794
186641
373350
426266
258799
355751
200796
265629
370177
239362
321888
149504
416010
183807
366522
152283
352278
233633
307734
315821
144987
320723
231358
307379
143684
300531
324492
120393
170753
445309
266785
145362
213759
284179
107805
401524
124153
275953
300514
414014
298909
359111
356384
373794
254929
183138
254528
130395
274859
130925
423521
404636
102350
372718
213920
452605
397365
380693
244007
416154
417024
111117
225490
326076
339866
437453
282293
256368
297063
413108
239437
224007
188985
383579
372497
128055
452589
111265
270112
270036
440581
133194
260607
159781
312183
425124
406096
197823
214818
424045
389224
228870
368286
235552
293840
191397
447116
369681
315482
159094
210640
249552
120427
357653
124988
303398
375513
357265
104675
446672
355891
260976
153053
267666
442571
301119
192835
271968
284372
433232
376807
241810
338005
406305
204053
454658
355254
120203
162583
350132
314183
350852
180824
335987
262897
195735
288010
248964
147492
289018
367187
283787
245753
135720
218972
171092
209566
202856
110951
259874
180968
328667
161822
367951
411211
323626
425011
421299
193561
301374
452030
427892
214222
107854
287680
218816
203429
198648
370584
375026
125757
365628
289071
187155
421319
214280
269480
275752
322158
431729
136410
156096
121282
203508
339916
180810
108340
240967
432423
297138
366204
128790
103006
440796
401707
182392
142889
103644
132901
392520
240609
100434
340189
400794
278534
379544
289294
155881
379545
409201
448448
174719
287114
318903
365662
300719
133807
347488
138874
360065
103222
112475
341306
121607
396093
342727
393622
350147
386487
211934
274776
241551
149290
342964
419522
134769
126019
167070
149423
352575
361663
239970
177837
163306
355590
361971
165898
145853
219545
240002
261823
443390
358209
398276
208297
117057
285846
233000
206478
453833
406951
447045
338823
449078
279635
174475
410169
100238
372080
363416
250277
290666
243209
451210
297475
334694
193341
321575
411316
422276
216915
311797
229922
247673
418008
163089
144838
190250
269682
226268
210292
312661
177843
288554
327895
404805
136516
447208
152834
415370
405601
331128
348425
284091
324709
189617
304550
186760
323714
114619
364297
109072
424778
338445
252259
167892
117809
160157
309745
358734
124777
364452
189049
224148
273852
263926
143197
209536
177317
276176
271043
126755
237988
166587
184315
270999
110210
427087
300047
145857
181558
277923
385038
335173
118209
358514
315015
357021
282619
265672
343662
364048
312130
134831
371897
295407
284420
385439
200892
128419
160301
196582
357794
376883
455657
138380
220792
207773
373813
263216
116599
137331
420674
226106
311490
170917
361215
228399
153688
239415
177570
165493
444463
191660
213091
301712
180385
415047
112837
179645
452166
425043
348083
268416
175297
377435
379261
448453
410769
431848
236805
158660
259123
251160
332567
424980
151062
157464
222464
362725
131090
256060
166412
167653
209378
337957
203658
227187
293082
321470
194263
360896
211433
218906
402488
251709
112839
436646
335719
271353
360094
139838
451050
155048
148277
404090
267718
438028
381647
445763
285080
360493
435583
424053
162590
362960
242945
383861
148734
175781
272181
172705
297983
409898
435494
386709
417039
191346
379242
345334
437126
188241
273058
330232
352411
358066
415674
246174
416100
159587
153968
296834
198727
297982
226707
297125
329910
414444
314330
437353
419276
432971
385104
277742
370660
135715
438423
252084
426039
249272
442563
155344
382597
326332
148073
420482
318329
226229
351912
133886
155336
171921
131139
156845
104468
242207
111095
300381
321399
160002
267288
212804
318832
327533
290417
308882
220487
360954
335300
402442
289569
316303
238851
222997
230562
249396
148696
230619
324127
295671
393360
124346
164070
303086
346513
234022
269748
296671
206417
284808
454158
374785
178349
431776
269102
417946
259312
263007
109399
387471
334165
372988
105373
433190
258238
438299
227911
351759
181884
450220
314658
370398
111929
143700
337894
134491
159662
202132
107605
209062
282229
112824
173951
155909
251375
319065
195157
145966
346065
433248
108903
197815
335539
422142
284261
356677
438482
108756
395347
410812
391495
288943
301543
259901
443769
376793
404660
201518
151217
264707
443372
199025
301181
287064
332133
450202
453451
175540
161207
256457
268396
133681
164565
123258
114804
387735
129470
274612
247810
172613
403868
287790
403994
351421
443414
394911
335691
304275
100573
198212
366592
102366
243041
333241
389916
151358
438477
133021
301066
146453
408736
107720
322753
194626
386012
212379
266161
113995
301760
241625
226368
293790
312497
244820
150290
242376
163630
157396
401457
395203
311804
153312
194305
239916
437504
386006
422235
432703
124078
353358
188013
249336
268003
113229
390935
274050
159081
379519
150455
385629
230304
202104
114313
431270
201367
210988
423534
266838
187592
337726
219577
440563
129440
291927
346752
400002
353223
403313
306404
135210
416776
295337
411537
185731
246385
449784
391061
158887
103616
403288
451360
280560
134015
256676
417085
230175
234059
110656
110640
337655
335016
366906
241963
251103
369057
405776
298402
136567
220104
285814
125138
263530
155632
322238
361324
297850
168652
165316
388122
179263
362827
406816
249247
376437
306802
278678
263053
238707
182466
406243
235281
237724
278137
231321
409565
252780
423551
206214
182605
280880
192708
177604
242355
209885
145653
413032
353701
446819
395606
177107
106443
290142
451692
157315
392585
440887
289714
446681
253576
117240
152160
168371
449198
198265
204695
321776
176162
285216
426009
121740
368807
215110
290682
374007
183594
124104
433201
101218
282536
396062
287055
428713
232009
239295
359009
203453
217762
391283
250333
269546
203101
170097
181719
385353
440657
162519
376309
400952
116589
265851
218254
370729
249472
231505
279045
183239
249929
339587
294562
123522
274570
215459
278291
277502
440548
224422
189053
396129
246271
172986
132328
119735
165914
108369
228333
199520
341287
213234
163236
240895
101524
209846
319711
155331
286847
427450
413544
170167
374165
431515
321094
109319
272335
333951
310687
300044
303862
344936
233283
379390
305438
173803
438266
113244
311031
171518
191069
356945
264368
255756
425187
316206
427982
320063
384567
441343
237590
339982
414245
245056
263854
346551
131568
276129
131234
177400
163779
310054
195267
148871
422423
410662
156973
333006
110088
349790
416664
409667
325197
367175
240723
175801
402560
137647
246806
219312
303458
302255
190351
429148
361358
326334
390977
376557
153281
138141
449914
396178
354935
265867
352899
200580
406034
302032
233156
211647
261485
203206
387167
400972
286588
167722
257223
442904
306444
151000
352835
395818
358080
216094
142281
134963
199917
254369
363696
229505
113546
147574
428285
161155
187141
440860
336773
205182
192863
310289
262143
307165
209318
282392
135185
151321
354136
269184
333602
209310
385047
149832
133656
246937
396170
257218
102732
316963
342030
380227
293953
343367
286234
352259
335989
397686
171631
272268
259715
229896
241277
210331
127384
301276
312702
151631
433161
182284
125289
162576
308966
242820
290084
338491
415362
333768
334036
169886
437387
372723
422675
303917
228680
226430
231810
390046
192767
153078
167474
252494
435018
326277
232158
449949
367014
339711
236699
455298
273523
157637
455359
340641
425538
379395
387661
417040
114242
371795
158673
152466
188832
228953
307225
274469
333861
438767
258378
277452
185028
418871
440550
208274
123245
363980
392205
354671
165375
331845
148473
123996
166472
373070
252539
286918
397896
275040
252505
101994
241406
145771
134022
353548
301723
130920
442570
400823
377932
115212
137290
270129
420200
205457
346502
304499
374380
387638
190080
206423
156025
320317
375394
180804
178201
381706
401742
292473
441788
150736
332021
267485
113689
357854
272631
294111
372305
110929
338887
217030
232614
137725
284806
276114
278572
216018
272835
316995
357726
184399
206727
403909
358630
117330
426537
455495
151935
152989
403786
419947
196189
139639
203134
317145
109609
207974
295523
382060
104948
186909
298102
174998
364632
304817
365025
294211
261417
325350
234355
100255
206841
388400
309048
351288
440198
270614
231671
122402
220269
422615
377295
389942
281271
316575
215995
190370
368043
451558
172085
198473
101395
362297
427501
440368
120536
386751
209745
154698
114596
310353
354786
216391
328295
120676
310205
414796
145796
314138
314457
418128
345318
396771
314357
167743
207495
313167
206951
203543
190868
251690
150615
425519
280912
300928
166181
446109
337682
315562
347198
181348
240838
375609
103964
425781
455569
200751
216078
338948
309389
352761
272618
203211
105498
273217
404204
452280
338192
171941
333825
399844
106274
133233
405553
247383
177252
335811
239550
377703
271360
350664
126537
192902
154734
235921
235155
293127
255083
284788
210895
283047
225084
317715
238164
386370
393444
326224
112394
310575
333234
298328
289897
241560
339270
147464
105325
393029
191288
209767
359323
364119
289535
420151
362801
179371
176325
443146
188627
281709
294049
365594
183253
327029
380302
205489
242663
447762
265522
132494
284321
143002
161174
189191
195138
440028
413994
228391
154665
400479
167101
316315
197071
440358
145751
248386
274242
344373
331091
100521
145111
185411
390417
285093
343037
153298
251447
225516
433329
378581
397523
403170
135436
130551
292183
152308
277459
112686
355277
159513
357615
393931
231310
381652
308806
440229
132198
453091
310468
444610
396745
203537
192697
226767
387880
368000
102843
417724
149359
144545
111416
246360
310412
407258
256716
421497
329695
302105
402023
393260
229127
170844
415476
107411
250859
198474
433942
212060
235092
134404
177895
174073
113804
383655
166040
346652
274308
436483
428253
224456
352197
236489
410253
277322
267105
186330
218732
406069
439056
242584
203221
454716
387507
305458
235360
268940
446705
167194
403411
382867
325115
439429
254902
319874
290872
325352
139681
199191
242073
188582
348537
342400
175213
325723
151314
249512
410114
402385
249996
235565
441827
266555
420739
147511
420694
268552
100604
340054
366138
235322
211747
174201
392738
195482
398683
110799
219671
188123
169971
302834
245375
180926
403117
370949
373453
353284
385528
210653
243658
134068
441410
128717
244444
217726
282202
420341
156040
293823
371391
112993
116785
164099
193818
351889
235917
122980
361735
339737
188745
199735
322584
420969
432589
419129
445033
338231
437864
349359
421215
344579
135754
245392
106203
129847
258316
129703
335354
338865
205979
452499
420389
220326
231328
378308
380431
418681
222593
383882
249519
230420
199615
144525
102417
421895
245004
259080
268290
367049
238086
335925
308597
436479
254883
285310
390619
209897
355279
284202
143128
181042
279774
403295
223904
394129
142158
283593
415700
123299
404861
175032
312599
202121
310731
190000
325477
118681
410013
398707
353993
249865
237310
323867
371572
149836
319516
358951
319560
255535
314553
233346
253897
407799
261269
267015
154271
172974
260027
203310
243947
424659
167678
445521
210881
108130
314135
104957
191335
147322
429618
413900
381048
224235
221553
439345
432187
222437
318273
172699
248935
203768
450333
163020
431742
331546
197779
154313
327849
138331
198136
402906
384153
195779
157723
339271
425866
210871
414105
279991
184802
166246
100471
134806
361199
360014
293956
328271
308434
411982
425500
310214
127677
115438
124107
443257
275640
194885
173070
129393
304048
320347
262176
152640
113211
103745
431942
218487
270920
291385
395404
135442
340371
280554
428652
225921
334968
413067
282578
401131
321264
204637
327034
149407
451670
409330
419971
342937
360112
272368
225911
385665
139748
239989
245874
429002
393561
438432
153780
119084
281382
314474
114685
227868
124712
172041
176166
264110
230704
236354
351077
255708
383076
388464
434795
275896
449731
195562
177823
304471
113233
253508
282360
129214
100037
357847
152787
301488
149300
258289
132535
307512
113519
359997
296154
141715
342819
330033
148156
252320
186138
394183
371004
253386
102197
442487
294175
371884
121377
137050
427524
430045
311168
187753
102236
377510
124342
399857
276088
145134
183842
245842
285524
293267
208230
211359
287496
129511
232353
438251
166454
128746
281724
177046
147286
290893
224907
134552
432431
200040
162863
281346
228804
204796
355406
138866
151241
277570
239893
426757
252996
247864
337271
266296
103631
453453
224745
259076
421946
136275
142746
409027
116132
129689
330165
194919
203437
219275
375226
333429
312025
322290
379830
175420
407038
102970
393664
269690
237880
182157
344946
117295
387316
281985
377834
208805
261608
391213
259886
353055
446303
272601
300292
186476
359107
115844
371546
162390
412733
188824
340548
244260
125096
379718
327195
283386
174681
329257
246784
256728
391646
272264
404902
280683
175053
360417
215014
177067
279349
260879
115231
344664
440052
278918
263890
435454
399046
451243
273760
109807
316967
303124
135071
194257
161064
280081
388456
394550
251592
332594
449490
187974
331763
191300
311051
219517
449696
108578
309175
339026
131684
345469
105105
327686
217739
172362
374315
239384
388583
446393
382400
379527
118533
239784
378229
167109
336918
261236
364456
260396
112658
371998
117849
284217
445793
329073
258822
207140
112314
111257
391846
101298
153006
281317
284110
121642
175405
388730
220982
235833
345942
419663
443762
189791
330016
155996
208349
442783
244974
365619
241112
397949
262441
407983
337307
303872
414897
162266
129175
160729
281290
387537
130863
223300
184938
180046
303149
308351
424783
182346
400947
361938
278905
290315
109865
210836
401453
324550
333605
363908
392414
147252
215013
172647
355467
234827
366182
446427
456203
351214
346404
311787
208789
437667
269616
450605
412797
400694
140244
416299
425605
212852
299969
222100
139068
349722
286743
260466
343579
438936
277464
258219
447318
200055
412001
128946
365867
170851
315378
411703
438674
306269
320264
170541
453413
433092
149356
172345
256228
100778
197399
236130
404884
157759
112404
142247
397647
252693
357608
173021
386460
318818
391899
314001
258346
287896
331635
267940
443613
227267
160318
394292
205379
382704
448239
414104
273953
293397
126712
209750
177002
190932
426907
405275
244650
359057
247650
146785
334783
109174
217470
249731
257085
134676
277236
191599
160944
385818
429803
385587
217256
262790
156452
309283
384632
452783
139650
156957
228004
360252
190063
274683
271633
380441
139950
413029
360330
167095
411950
257791
215846
130657
228708
288254
248894
350385
139741
314471
166072
148638
131259
397544
428747
287686
210847
222838
142654
111118
443735
273729
428118
219878
189555
370958
357643
222504
367578
396072
315797
174985
290269
243804
224399
296179
121385
145139
229769
117861
437960
119560
309419
336689
419262
170147
229991
324263
445042
247478
446757
112972
212378
243631
102209
323917
365073
229842
255044
310718
109212
164524
192036
130314
319803
109500
173084
242957
206127
254101
443581
219116
432450
384238
133580
368274
201210
268364
117090
364696
391589
381949
403285
307529
165348
136909
284848
397929
222633
406225
427464
262467
402779
185088
232597
198235
408227
332527
299000
373034
445705
163818
240501
387457
425178
452824
383381
279350
148401
121021
273303
229676
248155
306229
124252
131678
234968
195699
192732
102065
271551
210192
221290
238184
193152
128115
415241
240165
419224
321612
361544
174727
400102
437926
183759
207694
232844
168734
384127
155769
252698
303483
191792
333053
430010
246161
418940
380515
367525
190881
341987
416133
388925
270990
243212
349443
174476
235162
378725
178656
202669
157438
336085
216286
230770
375671
387683
193125
283265
323671
214301
176703
286700
406304
324381
115647
281673
418418
214278
327191
346815
230658
258674
215388
425750
430535
450639
250823
313468
162751
246572
299809
231046
254148
226162
113792
197879
187812
196592
398142
202158
259679
210188
433768
341998
381636
415842
190147
368668
438215
251144
243133
287354
100244
454762
275753
431024
102302
224641
403456
259157
328306
333089
102254
293422
103316
349604
288654
123403
279244
131138
115125
105229
385474
438607
201295
408715
301423
380318
400221
315639
214707
416147
255484
375465
344730
276407
434488
124936
206277
442909
246729
238340
154255
299353
423539
152430
265800
136182
357456
450599
442198
164772
258699
226990
312894
259742
406794
234041
227051
207211
118690
346205
225663
124809
101571
263344
222213
104543
323842
399398
308808
388324
137834
304236
249175
243379
388061
277670
212578
362019
415643
231607
380799
365499
111758
386362
403128
132236
303043
197344
310013
433397
379811
331147
376955
251051
142297
223233
169783
224981
353549
356841
372749
165285
345449
155031
137702
103129
265617
277193
308525
377127
163359
236317
411428
139795
243557
142690
171464
403921
209195
163061
161544
201589
144019
117253
363625
304305
277281
290091
425860
418292
377586
144285
343246
406674
285953
104733
280062
253729
116738
395371
338980
278267
430074
321621
400164
405515
337730
402011
221050
265887
415980
151056
157867
277448
418182
424727
362214
145986
230580
294985
130214
350233
201985
419302
198189
280345
396230
259193
106450
141908
328021
420459
131843
191484
441142
444214
211035
387736
407612
332469
372919
150264
135042
184887
384686
367011
209674
108989
228464
298916
289954
426997
155084
162735
180102
221720
235001
304589
243354
121629
122113
104010
221593
374252
429130
325845
244859
349844
187210
334866
285308
449975
401783
151739
417236
147843
230029
287001
241340
391785
259684
218193
234979
198639
443057
189488
184472
332750
135901
372897
292159
393155
347271
331065
304862
423378
386495
349391
354077
314806
292411
430386
397524
419586
405933
296830
209018
308331
132304
114608
419650
173696
442619
138355
298660
206178
176569
149522
275147
180330
404791
134171
455019
212489
376051
195534
240439
184148
423381
330089
381509
155906
455670
294972
145200
340010
324526
331213
284090
238786
443438
315887
447486
288908
115640
161235
374975
189749
310827
121189
442014
247629
103348
293831
233738
443668
359760
412342
364684
382303
315929
165402
251428
142314
285333
351726
181923
133629
253085
166589
293216
360508
217966
444030
445112
341441
429054
338914
237034
370384
209058
173936
437729
313869
390326
389271
291315
364491
144268
193861
380313
240201
134829
359345
235083
442707
373142
423584
279358
399333
363233
338921
384879
154593
389402
330250
358638
202225
244188
399424
180194
308638
119480
399077
407514
445614
348292
196336
330196
454892
196434
396031
142849
170912
293011
130023
140423
451753
240316
311597
178520
116768
377516
356890
445056
106442
415318
356208
152486
156466
186464
278180
131808
108178
201073
257361
432520
262142
398056
355600
406529
245490
370015
386566
143332
170195
156651
110463
129979
351051
312951
250507
328990
292546
319956
190171
409532
167866
317343
390113
340034
295074
274450
203138
266185
251730
435930
140532
335038
444131
429870
404130
203937
299573
197021
427806
451116
172530
405788
303040
348313
268873
259053
405612
182425
102815
260994
345930
363951
367209
431707
135263
302394
395505
119792
422828
335392
418150
392352
287539
145021
146394
439547
428876
364402
267839
404030
325330
218603
236252
294647
127651
227869
372921
221784
171993
250425
266395
407114
214447
233083
131245
168553
368881
417568
207762
147986
211926
381700
105386
420842
322807
258913
322127
405499
249924
208644
273904
327302
234666
264616
238281
404578
178119
316899
232796
276260
331892
140691
333948
249994
239136
134413
171846
343404
448845
439648
265276
225066
249857
118832
176911
164387
198063
303090
188083
407328
412594
309847
217231
368428
423028
196721
445792
242085
315902
446053
193403
164043
292977
220785
452347
400253
417826
343754
127987
291463
366551
361629
334423
434707
293072
350788
281073
382271
427970
450330
125206
346248
245768
134977
210001
259561
370547
424048
327066
341568
345288
142369
385565
366450
227788
239234
256780
113260
231860
352315
310208
414743
251222
156754
178373
210662
315423
340315
170756
275018
439943
326499
415020
353064
395493
364234
201047
389978
188907
185580
132873
305883
293799
414401
383749
439406
427828
410128
313043
172791
362547
316717
283071
352026
298595
213778
336709
143924
370514
109967
287809
364216
274560
339160
261910
318787
242403
409991
309681
336064
313188
365471
331991
316426
413838
328749
358973
261185
433846
420612
446259
169844
121873
356946
150575
387279
128032
196778
106235
134847
344616
328577
437379
307279
266234
356176
439086
455705
205881
429927
151877
299781
290230
339819
194972
403467
449720
375503
454685
322171
204726
155447
367664
185904
351942
159312
206368
260058
411587
147222
169316
322653
144094
115136
142743
264988
334006
122851
288640
452873
313556
240997
388944
192586
128081
392361
337419
123889
154448
181683
379402
381240
250434
275815
326601
378758
435025
210997
417074
164225
291828
451297
193958
421674
207840
375847
454349
244706
151301
254329
456081
214473
142062
158672
279314
218901
431546
209227
390275
174292
258618
112806
132875
371105
402683
452585
257160
296622
325239
443434
261767
355290
355943
157218
451769
396151
269035
331024
405007
218069
191115
166354
155505
176291
392072
424239
453047
183515
404075
299742
376263
323464
330638
125882
418034
402913
330725
425029
160980
174441
121065
398805
122831
381216
385854
312944
444559
209508
141424
274241
430223
232777
285168
333947
232519
216343
423461
291979
198306
443785
241276
400518
314207
441346
251363
111410
276325
154541
118940
445929
394895
210008
380254
311400
146288
256011
255177
274079
300837
166430
206938
180770
191307
346644
271063
338216
161717
368876
125166
266943
428969
280518
387075
390645
339120
293133
356358
435556
222305
250132
148636
329504
394972
377198
140082
123890
312975
317556
248042
394870
391889
366495
198827
371535
259898
158804
261647
355011
377740
333557
405300
123815
116391
278690
396757
116983
138121
455265
136269
423322
388715
156677
281609
228347
178507
333276
414772
105815
254993
345755
384277
208557
258561
360563
215730
310506
141821
375013
436403
377131
167855
260711
323316
412141
261479
110247
139669
399529
170346
318141
434114
390874
167087
416126
359616
266704
167735
275100
335629
421158
249076
371554
305599
208192
257151
148775
360315
197349
328947
299954
302615
113079
267074
414861
415693
225328
118194
140427
131671
316473
425700
182496
105311
248932
208469
226004
401055
179250
427061
365592
203268
390223
161262
367115
110201
392612
193870
423615
361381
395066
246246
347657
432281
294895
183809
263242
182715
343160
243767
172138
432335
285511
365964
220378
300890
351492
414165
168489
325694
384349
339962
112379
222836
297062
156276
240884
272460
234398
426673
453166
136543
352405
340752
353850
119754
150830
358572
257827
322275
300609
199676
147708
321675
193728
416891
334850
437265
390845
332465
209406
141322
277659
298122
164155
299837
245716
349092
398479
260650
306344
349263
148387
380550
390475
377963
429341
438200
120369
436860
168607
214668
382621
444192
288331
309247
327383
246634
344262
190967
120035
178294
381879
122432
240850
413642
281505
108368
431337
208473
414331
227688
108556
179526
410322
143615
413537
350409
293063
286768
438617
282670
345880
106779
389357
191424
274538
211823
150770
417799
312299
252620
279818
222639
177056
357013
402672
388080
183001
182625
300097
379130
125567
438698
275053
333836
240621
258600
339506
215527
163575
436502
205111
395071
203441
254036
417088
123497
392380
250989
136080
296222
120879
343192
320442
125148
273464
332667
289978
111121
189790
266017
386905
418435
102095
143504
409690
268404
232593
378466
150143
334701
452664
240551
189795
138557
434211
264839
171224
453732
322516
384655
427972
362049
227363
404433
255624
390630
371831
137037
377446
337596
179720
104944
170678
287492
417709
298982
304273
326982
319280
122337
396856
298052
402471
330796
434091
455331
138826
209523
184137
105623
187397
295184
128971
139101
314464
252776
345000
448897
339716
251069
352325
125454
236231
112478
426179
104239
200860
413973
446854
405048
114640
150121
267436
429720
103799
218850
450551
427496
398836
273016
225735
161230
137215
404151
144427
210282
102048
120780
278095
286667
227321
212105
196954
278215
285572
289389
167823
437680
124620
439993
347594
217840
203589
190036
254992
377854
308904
355591
178633
241164
145511
197117
284700
145867
189546
446898
140251
298083
320330
252734
340694
167636
355446
268506
330060
227234
259585
376654
235199
251015
385084
162941
332521
120403
163163
329844
190858
403002
393365
203071
197514
335891
246582
156332
110050
209861
432401
236196
347284
134397
253174
438096
150533
317248
421223
306000
280215
394887
369296
211801
330731
410886
300413
274512
115771
317214
414978
186377
291645
292210
111928
141130
304691
449665
389465
318659
243279
289249
156702
289439
319680
375670
207409
334742
364786
280485
280939
136265
351621
261082
316355
341716
153789
258487
263821
350790
166277
150181
322850
416124
241858
390523
301738
228394
278077
251850
115546
227682
108596
139247
318125
227768
217581
267614
188260
100611
443021
373637
327159
160187
192245
102176
393717
115911
337941
335729
104497
447465
127714
342043
127568
191302
238741
383338
199447
439995
450345
398105
204042
396766
106487
353320
285300
328912
304002
262113
123682
195524
134012
350811
235846
439118
256848
385985
377259
428776
358062
290284
270822
230900
340273
113232
410556
332797
335623
259566
301753
368210
179548
206161
448665
230738
451518
453692
388492
401702
216091
368442
200758
435948
153829
260853
433187
143055
443586
141771
372342
450242
364099
433752
202916
251497
315399
440623
182060
244658
169125
202842
225206
342569
283402
169920
363686
393190
353461
139277
435392
452541
385257
145492
448620
226415
133767
264428
363309
405183
408155
314879
322228
391263
309436
387212
141494
335240
227854
296303
185760
417700
445616
118199
373870
331348
128159
391876
125513
133358
271174
187576
221312
362692
339190
391647
377533
186529
110962
332962
409874
122186
282368
321165
170694
359478
342323
130165
165002
304808
206622
229832
447746
236059
232225
356573
299248
262998
169551
400388
443848
332670
302587
387280
356525
259772
106351
307665
223597
369073
348933
318881
355627
359514
281364
414295
224455
185894
149001
136672
354551
147005
453647
166268
254058
420583
315027
358988
249608
358007
156218
402635
291666
128163
374232
241314
145784
379964
106325
203558
225080
255473
152517
412052
227375
427332
247706
438376
327565
455573
373703
273543
211276
221917
316387
189129
372755
157444
228966
398924
313155
268174
339219
253427
432854
342334
245850
169506
166946
178649
323608
103723
395284
118691
435898
424609
438985
316414
209590
214983
401018
185412
340228
402221
449444
264941
354835
408578
347006
378628
273847
267901
146911
390039
440742
317153
300142
236825
327825
160739
425749
218858
311739
182497
281415
132621
248102
256598
244250
190248
212682
387580
129459
145836
264446
295947
221233
212860
394604
429658
263145
274713
154603
377704
455085
207075
390104
361860
404678
415577
247554
236998
228335
281917
310761
432348
297273
212117
455629
105182
353882
183316
187469
402692
243217
249105
174210
102245
123116
328096
117222
168482
351951
322265
202089
