110534
171731
442073
155523
398244
189617
306709
410449
149132
245444
425268
161088
272485
370574
239745
287679
219896
115961
260236
380969
409718
164860
246114
109107
301440
329844
236310
265868
170390
266181
300633
360128
399989
441615
193993
312750
417652
245173
287073
333702
266219
442587
231209
123400
375049
183236
160892
193524
187813
405249
237451
131517
441784
197302
197649
418080
431006
413228
455291
121634
250210
378460
188839
273080
209285
183441
373315
124500
283653
252955
192013
121814
245824
403103
401168
318774
411214
193936
261210
103113
439107
196013
161506
168072
183323
409517
387088
277421
453156
374628
344986
292380
264824
392262
218777
327043
128941
353178
193176
227216
246440
235416
344974
437197
348601
249568
136613
136410
429377
397371
109716
267897
364219
153468
194834
437425
277294
293635
232855
375228
135767
120971
247630
438445
141479
275219
234218
190137
379871
381036
122121
414181
252252
426458
379851
444109
195228
308628
405652
271613
192714
207831
114946
248167
406569
348041
455615
413779
244369
355294
448904
382967
377163
103977
344118
414636
105059
170989
107449
195849
318107
295290
246832
134452
190977
140041
271331
305471
127307
292007
450007
428906
263311
277163
400931
323749
401404
443774
214435
107877
313742
299718
393153
185179
187460
233069
205844
405681
103048
100160
207416
149432
153107
442802
163560
406087
331146
204568
242908
423339
111118
249334
191162
392271
413579
253575
291507
455954
149440
241391
248867
264174
118505
301953
306958
445857
190649
320099
199880
268894
271242
202242
312569
380995
421264
204813
363994
438412
158373
222633
361842
268518
279333
138331
414512
139524
445313
127163
107593
379593
328047
340602
393479
299885
409109
188127
248134
292942
256040
441669
262891
330974
246666
135394
158056
394517
383616
237623
379231
445568
414234
236630
426760
393590
138670
299902
298420
340026
230552
306718
329277
112873
152417
271915
445807
188555
236056
264836
219926
183098
414288
275792
235226
125160
444782
152907
416103
193597
297079
413925
433951
389821
247996
218371
183809
224042
236080
191969
286393
205823
222508
185190
413261
139436
265838
210144
264778
433636
441236
452734
417884
413964
365640
337861
365963
213139
415282
275322
187806
241241
