110534
334799
307909
141405
442073
398244
189617
306709
410449
149132
161088
272485
370574
239745
287679
115961
260236
380969
409718
185508
301440
236310
265868
170390
188043
266181
360128
399989
441615
193993
312750
417652
245173
229763
287073
333702
442587
231209
123400
375049
183236
160892
400041
193524
187813
405249
234570
308651
237451
131517
441784
197302
359734
197649
418080
431006
413228
455291
258224
121634
250210
141241
188839
272797
273080
209285
183441
352672
373315
332450
124500
322940
187341
192013
121814
245824
401168
278717
306171
154249
411214
193936
261210
103113
439107
196013
172932
161506
168072
366009
398321
409517
387088
277421
374628
344986
292380
392262
218777
101231
353178
160905
366312
247169
193176
227216
246440
344974
437197
348601
249568
136613
136410
429377
397371
109716
267897
364219
194834
437425
277294
293635
316889
232855
321331
375228
161486
135767
120971
170312
247630
431284
438445
141479
234218
379871
381036
348819
444109
212580
308628
271613
192714
207831
114946
248167
196957
371602
406171
406569
348041
455615
273988
355294
192624
382967
239771
403880
328295
377163
166464
103977
128622
344118
414636
105059
107449
318107
415622
455443
246832
134452
190977
163026
305471
127307
292007
428906
448025
103059
263311
277163
400931
323749
401404
289214
443774
214435
107877
313742
299718
204806
380126
393153
185179
195452
233069
109515
205844
405681
391965
103048
454149
395369
149432
153107
184213
354183
406087
331146
204568
242908
423339
111118
249334
212102
191162
392271
332137
413579
291507
455954
248867
118505
301953
306958
190649
199880
271242
202242
380995
204813
363994
438412
158373
346369
146008
338007
222633
361842
300432
268518
279333
138331
127163
298963
125703
416093
107593
379593
340602
240200
393479
299885
188127
292942
262891
429342
246666
135394
158056
394517
383616
237623
379231
236566
414234
236630
426760
393590
138670
299902
417058
246343
298420
230552
112873
152417
359456
271915
445807
177563
219926
414288
275792
235226
444782
152907
441854
416103
193597
297079
413925
433951
389821
247996
218371
183809
224042
236080
191969
338066
205823
222508
185190
145571
385288
413261
265838
210144
441236
367572
452734
417884
337861
213139
415282
275322
187806
241241
