110534
334799
171731
307909
141405
155523
306709
410449
149132
245444
425268
161088
370574
239745
287679
219896
115961
380969
185508
164860
246114
109107
301440
329844
236310
265868
170390
188043
266181
300633
360128
441615
312750
417652
229763
287073
266219
442587
231209
123400
375049
183236
160892
400041
193524
234570
308651
237451
131517
441784
197302
359734
431006
258224
141241
378460
188839
272797
273080
209285
183441
352672
373315
332450
124500
283653
322940
252955
187341
192013
121814
403103
401168
278717
306171
154249
318774
411214
193936
103113
196013
172932
161506
168072
366009
183323
398321
387088
277421
453156
374628
292380
264824
218777
327043
101231
128941
353178
160905
366312
247169
193176
227216
246440
235416
344974
437197
348601
249568
136410
429377
397371
109716
267897
153468
437425
277294
293635
316889
321331
375228
161486
135767
120971
170312
431284
438445
141479
275219
234218
190137
379871
122121
414181
252252
426458
348819
379851
444109
195228
212580
308628
405652
271613
207831
114946
196957
371602
406171
348041
455615
273988
413779
244369
355294
192624
448904
239771
403880
328295
166464
103977
128622
414636
170989
107449
195849
415622
455443
295290
246832
134452
140041
163026
271331
127307
292007
450007
448025
103059
263311
277163
400931
323749
289214
443774
214435
299718
204806
380126
393153
187460
195452
233069
109515
205844
391965
454149
395369
100160
207416
153107
442802
184213
354183
163560
406087
331146
204568
242908
111118
212102
191162
392271
332137
253575
291507
455954
149440
241391
248867
264174
306958
445857
320099
199880
268894
271242
202242
312569
421264
363994
438412
346369
146008
338007
222633
361842
300432
279333
138331
414512
139524
445313
127163
298963
125703
416093
107593
379593
328047
240200
393479
299885
409109
248134
292942
256040
441669
262891
330974
429342
246666
135394
158056
394517
383616
236566
445568
236630
426760
393590
138670
299902
417058
246343
298420
340026
306718
329277
152417
359456
445807
188555
177563
236056
264836
219926
183098
414288
125160
441854
416103
193597
297079
413925
389821
247996
218371
183809
286393
338066
205823
222508
185190
145571
385288
139436
210144
264778
433636
441236
367572
452734
417884
413964
365640
365963
213139
187806
