110534
334799
171731
307909
141405
442073
155523
398244
189617
306709
410449
245444
425268
272485
370574
219896
260236
380969
409718
185508
164860
246114
109107
329844
265868
170390
188043
266181
300633
399989
441615
193993
245173
229763
287073
333702
266219
442587
375049
183236
400041
187813
405249
234570
308651
441784
359734
197649
418080
431006
413228
455291
258224
121634
250210
141241
378460
188839
272797
209285
352672
373315
332450
283653
322940
252955
187341
192013
245824
403103
278717
306171
154249
318774
411214
261210
439107
196013
172932
161506
168072
366009
183323
398321
409517
387088
277421
453156
344986
292380
264824
392262
218777
327043
101231
128941
353178
160905
366312
247169
193176
227216
235416
344974
136613
364219
153468
194834
277294
293635
316889
232855
321331
375228
161486
135767
120971
170312
247630
431284
275219
190137
379871
381036
122121
414181
252252
426458
348819
379851
195228
212580
405652
192714
114946
248167
196957
371602
406171
406569
348041
455615
273988
413779
244369
192624
448904
382967
239771
403880
328295
377163
166464
103977
128622
344118
414636
105059
170989
107449
195849
318107
415622
455443
295290
134452
190977
140041
163026
271331
305471
292007
450007
428906
448025
103059
263311
323749
401404
289214
107877
313742
204806
380126
185179
187460
195452
109515
205844
405681
391965
103048
454149
395369
100160
207416
149432
153107
442802
184213
354183
163560
331146
204568
423339
249334
212102
332137
413579
253575
291507
455954
149440
241391
264174
118505
301953
306958
445857
190649
320099
268894
271242
312569
380995
421264
204813
438412
158373
346369
146008
338007
222633
361842
300432
268518
138331
414512
139524
445313
127163
298963
125703
416093
107593
328047
340602
240200
409109
188127
248134
292942
256040
441669
330974
429342
135394
158056
237623
379231
236566
445568
414234
393590
138670
299902
417058
246343
340026
230552
306718
329277
112873
359456
271915
445807
188555
177563
236056
264836
219926
183098
275792
235226
125160
444782
152907
441854
416103
297079
413925
433951
389821
247996
218371
224042
236080
191969
286393
338066
205823
222508
145571
385288
413261
139436
265838
264778
433636
441236
367572
452734
413964
365640
337861
365963
415282
275322
187806
241241
