334799
171731
307909
141405
442073
155523
398244
189617
149132
245444
425268
161088
272485
239745
287679
219896
115961
260236
409718
185508
164860
246114
109107
301440
329844
236310
188043
300633
360128
399989
193993
312750
417652
245173
229763
333702
266219
231209
123400
160892
400041
193524
187813
405249
234570
308651
237451
131517
197302
359734
197649
418080
413228
455291
258224
121634
250210
141241
378460
272797
273080
183441
352672
332450
124500
283653
322940
252955
187341
121814
245824
403103
401168
278717
306171
154249
318774
193936
261210
103113
439107
172932
366009
183323
398321
409517
453156
374628
344986
264824
392262
327043
101231
128941
160905
366312
247169
246440
235416
437197
348601
249568
136613
136410
429377
397371
109716
267897
364219
153468
194834
437425
316889
232855
321331
161486
170312
247630
431284
438445
141479
275219
234218
190137
381036
122121
414181
252252
426458
348819
379851
444109
195228
212580
308628
405652
271613
192714
207831
248167
196957
371602
406171
406569
273988
413779
244369
355294
192624
448904
382967
239771
403880
328295
377163
166464
128622
344118
105059
170989
195849
318107
415622
455443
295290
246832
190977
140041
163026
271331
305471
127307
450007
428906
448025
103059
277163
400931
401404
289214
443774
214435
107877
313742
299718
204806
380126
393153
185179
187460
195452
233069
109515
405681
391965
103048
454149
395369
100160
207416
149432
442802
184213
354183
163560
406087
242908
423339
111118
249334
212102
191162
392271
332137
413579
253575
149440
241391
248867
264174
118505
301953
445857
190649
320099
199880
268894
202242
312569
380995
421264
204813
363994
158373
346369
146008
338007
300432
268518
279333
414512
139524
445313
298963
125703
416093
379593
328047
340602
240200
393479
299885
409109
188127
248134
256040
441669
262891
330974
429342
246666
394517
383616
237623
379231
236566
445568
414234
236630
426760
417058
246343
298420
340026
230552
306718
329277
112873
152417
359456
271915
188555
177563
236056
264836
183098
414288
275792
235226
125160
444782
152907
441854
193597
433951
183809
224042
236080
191969
286393
338066
185190
145571
385288
413261
139436
265838
210144
264778
433636
367572
417884
413964
365640
337861
365963
213139
415282
275322
241241
