222886
243424
142880
289417
433259
128930
313452
116796
375494
380164
268374
105860
364681
383560
218609
266181
228075
356616
261086
379853
111640
273494
215773
118402
165241
314924
349003
263623
124378
405357
204498
141019
393359
269353
269370
223322
414811
318608
362398
340013
395405
356990
154841
157982
340174
204915
150126
129654
278705
287661
162901
126700
288744
199551
357773
117821
182238
245447
387267
140895
186703
211912
323603
337147
211651
175130
318633
433792
275532
430050
277773
281493
375597
289874
202076
288646
288796
316402
412443
442437
247832
119824
308106
137470
392008
102959
415457
273659
295898
211728
132472
289260
106437
249850
113450
284621
205794
289468
432570
148133
213234
412709
455206
291976
204853
162976
149821
367430
153143
197195
402628
440077
292965
164989
282600
327655
428343
291301
169285
142897
402828
435160
192428
416966
181250
146043
274082
173336
339045
186354
220888
336866
453787
201124
182112
374717
113125
341776
190234
199296
340517
373730
347085
391430
299042
444529
113328
404854
327211
278270
256595
387318
217515
436316
193495
324278
350209
397521
237313
414817
316259
437855
139194
419761
345914
171957
360198
336051
384252
455618
273733
397424
246865
123569
382993
134569
273966
386781
101430
101484
237303
444023
321324
336985
281771
214864
436293
423389
428289
181180
200980
381336
205442
289441
243444
304183
347704
209861
293772
360168
341048
211578
378686
252987
398002
264346
398300
167574
257870
429723
218533
418768
121587
333351
363393
182723
366610
238737
101983
209698
228368
447383
231650
332357
130335
187349
236776
387515
172365
115719
355495
131589
138017
358290
187084
345777
281421
139855
450646
308695
303242
329729
110788
171770
237128
106036
241598
349211
286109
263698
127525
371865
283744
439905
153955
164913
315215
272595
284887
131225
267609
172915
133542
226577
336993
283879
234299
391260
420401
290909
334451
145132
416397
386129
121878
131736
113637
396097
166260
140785
338907
193014
189504
286860
210911
411981
382252
258868
129841
357837
367542
237943
221558
153717
306115
361419
327233
423951
283696
374368
394945
134900
103168
368219
334024
362334
221473
268984
190011
309304
427272
116599
130975
180138
157659
187321
294352
379243
454949
276866
277537
286680
245512
105361
182672
241884
421229
138476
337857
277136
384349
259546
100435
281883
171310
185096
230491
237757
204600
221103
150362
161414
389390
218905
185077
292051
248809
366050
172185
274563
327389
195797
442413
389583
395823
152284
273362
209526
164161
194834
304837
179133
431721
384079
140537
186137
151059
312246
256528
394675
162797
288964
359814
249884
271204
389233
311279
407568
366357
405920
318350
277157
152322
296200
361500
120458
435850
364912
449252
229120
326250
209312
331597
226663
443093
177578
439189
236795
120787
363927
397262
107592
395425
234341
276784
150803
220207
198591
406196
183126
380603
196340
258752
431510
361009
141224
135291
349746
303444
357495
136953
225186
372093
365729
153447
284532
114967
118250
150885
379399
208032
394987
408340
347636
407804
296976
158493
346464
390304
172313
230659
398697
448073
104386
341847
140461
442252
370960
143315
337662
116050
315441
374453
356338
433582
336062
232380
387841
240513
453920
404167
196483
215051
100808
436349
279763
405329
443288
145471
224059
316560
166557
339321
370034
261072
335823
439493
177778
168337
391840
149074
146371
354171
441882
232639
256301
251741
360085
425569
341528
193934
203842
201276
323526
326414
372357
108650
396080
423667
187614
364565
416965
317727
232801
321327
216643
107403
256816
106431
390596
235242
288807
293240
217186
411174
172118
241789
203277
189370
186311
286819
215776
340898
308951
206162
368231
399993
442482
152450
182260
142928
211748
147000
400796
293533
348440
315314
158196
363923
449315
326858
339574
253267
427523
211239
161039
303342
184887
285064
205179
312047
108179
415057
234896
190653
164128
407912
136259
445546
119480
333587
359919
106432
300966
208342
443785
360144
431760
135815
369586
315692
226274
112575
299915
327439
449028
243311
238725
343461
162446
295061
327922
387876
199607
254054
288476
344641
201576
144597
443717
321282
409952
237405
157172
127747
106213
351276
342810
172235
243745
347264
246195
444156
444073
225683
371062
194065
208964
166074
350188
297893
331259
200389
206136
287537
225506
357910
166864
438767
446049
280580
440753
144347
280017
210395
113556
190049
192094
158308
103593
108137
143949
314445
422773
176115
224881
375849
276893
152069
220500
384682
158853
355176
325400
275494
148161
300148
325198
218013
280496
354793
153592
188462
250600
331801
388411
134420
433948
370580
210955
270385
265903
356292
149275
183894
238048
310532
386207
452510
397276
253140
445303
446368
412625
367781
194235
372882
341718
198932
442373
197750
363434
181149
419492
174657
414394
376145
139605
394922
246920
378767
169256
119933
298808
244101
243370
431187
123856
362018
434305
255091
219879
336523
154288
339961
350769
126475
404089
200633
403952
234949
202205
360825
369402
244311
448065
129212
105921
258746
177859
215437
271613
313491
274756
218708
437989
190850
128453
218789
148878
268556
186451
377446
104489
335839
154970
297449
245701
204595
107917
430972
393661
339375
129847
190182
147877
310820
312776
106279
418722
302170
297884
186051
204072
327029
419326
158548
202341
109701
454785
342731
317841
380411
145274
409326
440556
319834
299439
224035
145092
328374
288053
314884
105115
411149
176364
349811
189461
432957
218304
131133
446333
378503
123902
111129
128101
175859
322631
348917
109694
435038
300924
456176
382959
285084
348675
195568
105683
452031
419389
148513
416008
159455
198913
365535
203925
426108
109900
249516
246034
341711
361026
398108
179814
325704
337624
378007
241302
301050
157254
154014
246378
184279
175466
203621
354692
386784
128186
296692
451943
360075
373244
128643
307325
181652
391479
352137
250192
198339
183075
201888
196073
143010
299353
167764
115411
391894
375954
107157
376234
256997
167925
331183
102939
268669
199473
298876
189274
285829
127954
314341
168565
345683
192155
277850
378513
329872
190440
379381
284388
143673
281331
382336
373983
221560
441710
337676
336325
352998
208439
175954
360522
408633
139474
258480
111583
126588
205385
146782
379699
442082
258494
119055
416530
108532
240315
254574
425582
330198
178813
361532
407670
401277
429006
259727
266946
209662
315612
123318
287820
376680
221810
198158
277795
456100
255190
200824
135250
375042
388017
240727
112849
386172
212021
414637
350145
149683
393271
325588
271612
227098
355679
177997
413715
120532
264064
318361
352019
395120
225515
209653
216849
406845
272930
326714
338934
451989
358002
165512
451660
297766
222443
396025
203871
373610
220677
455317
180704
102848
129967
407408
197905
291600
183251
250487
428168
414027
307576
145873
239635
331318
137975
355110
389354
376556
135062
332232
402837
428869
129564
163733
415559
451659
235936
225230
391460
361272
427393
163696
142524
392875
250594
432891
244231
311354
278467
271477
325887
360721
428135
367923
187350
301786
195058
141720
411113
285840
127307
288949
322548
355596
179782
436101
111819
410490
238848
197778
339133
239450
353700
261841
375621
110962
229872
150144
201274
189813
150893
440671
240730
338614
177118
326757
397670
372919
136284
411297
196928
415025
371407
284659
379543
296137
383638
182086
178513
358034
208173
416504
303876
206515
156012
253188
415145
309523
123230
341947
383497
147326
212647
292681
199958
230583
192137
286414
185818
265786
329444
390033
357659
401853
220802
358132
426896
306958
156014
173086
179214
107489
199932
299263
247561
168838
296278
440361
335929
395122
387683
247128
305553
347632
368466
267821
266597
131437
363485
230993
346022
420677
193617
439677
226375
370101
286823
434652
408133
377263
385807
347695
411056
390010
449648
203059
306038
127763
197349
342734
208599
221102
394109
160477
404409
338926
130918
398971
219921
332633
202458
316955
408943
224890
410734
129109
444960
325413
268949
442035
326499
332374
379700
430185
106994
170510
429327
160030
372054
290020
373955
204557
252578
138656
283527
186715
340072
242199
408687
308113
401106
397488
111493
409402
360613
340531
302592
259612
336179
160851
326952
448332
343353
215415
453833
227792
423616
431362
221128
100690
153944
104475
424990
205006
179911
161702
413874
127351
232958
226094
454982
125872
178708
426812
104347
287690
256329
423059
365586
173979
248033
233471
292404
339773
101982
249375
388976
135676
350702
394442
427350
214112
132236
423072
323873
125076
281030
444872
346388
109968
206975
154988
391333
168101
383373
349012
383635
284113
277805
150805
397395
430296
444243
119101
187582
251596
257412
308361
435113
171816
198495
339553
306298
347495
143318
158559
441117
140794
417772
215330
307513
290283
235971
150456
303049
314971
294484
280139
357427
290267
279910
234482
146337
362095
122162
103496
198928
378084
359482
123050
302788
166999
348215
311836
417526
228050
207383
328739
227804
403141
446122
203644
107707
340585
263267
296412
277666
100601
270953
348457
388282
117384
361412
347653
106429
185601
400071
296746
375783
343947
431312
155879
253518
273182
323138
340565
430310
416595
223895
263676
223632
236080
158294
351449
184889
393825
319591
309262
329194
417088
134759
148651
433852
212068
170469
303041
427281
291759
405584
414401
450318
343677
431118
200356
350322
391876
159169
261352
209408
256571
377535
441166
228690
258947
105042
168898
138185
145653
344461
454812
336432
359684
157602
247564
426319
189611
427356
201607
374645
226234
211260
207317
114308
373183
341021
125977
447266
315897
426819
389370
335201
399396
171481
366072
199789
231901
174618
416374
292225
188839
331014
287598
173819
195387
150942
157710
137407
395685
327507
130706
260667
429342
267701
130781
352328
263931
263824
154932
327259
368327
279738
189413
305760
395920
201439
407496
224861
293635
296219
167376
166942
435180
271622
389260
445158
227781
218588
193829
324344
430321
315203
375628
148852
380207
414773
452057
395528
154045
330443
282626
191819
177523
112389
263219
254504
361945
354247
314353
399900
196668
386862
418661
270145
345135
247355
133929
192895
235609
180171
141044
209785
322978
456147
398403
268277
432548
242218
151788
106030
413228
284762
316006
289034
369129
314094
426853
286771
128341
225885
259883
271288
392677
120291
283664
120239
416221
103040
102489
398632
163295
137957
135944
247120
151236
165011
381331
218661
169665
153872
160573
382261
389430
391485
359405
365485
417508
123557
312857
214787
431465
390367
133435
190839
253242
117238
350844
429393
115526
315419
147699
424170
260522
210589
213823
341703
221285
301687
236245
335114
228073
354400
348424
127003
316034
206663
163345
118206
340539
185720
169620
184833
104989
287506
438461
229279
238315
104116
326108
375540
454445
440598
175720
316203
314028
203666
340436
447164
264164
290186
189126
390804
102455
164623
451117
147194
247769
345668
249396
265735
225772
415826
296492
359880
454848
431451
365512
281718
359942
455569
237139
282116
169856
436013
295577
417112
208291
311798
426571
151979
387532
127524
147520
248639
393080
194529
269921
198174
348085
199906
312811
409533
405636
185445
308545
194324
157388
334152
397351
405527
453641
390545
184136
418553
375031
306645
408324
433621
127724
243603
414312
133646
268330
233487
339225
234768
303822
205036
129528
330887
417021
283754
303773
421891
384813
171088
331251
193497
291443
219054
344291
244613
236621
168589
307084
275716
169488
272054
222864
362461
229834
292857
368768
263107
403418
211759
135616
299164
336193
396543
283378
116962
145577
124643
401704
297151
391128
291410
409270
128714
281889
450864
376382
320473
257370
235781
111001
214806
124198
169190
407490
281774
401702
153489
342106
421657
378186
268115
127445
411202
325894
153837
423119
230784
160221
299676
337732
360483
223274
182231
307583
146962
167903
415846
299118
192260
414247
226431
366970
364386
281017
405604
220065
228235
204089
378445
347984
214860
445311
376819
156164
156369
188966
132678
425256
436798
209261
247817
245894
216669
375320
434650
182393
173461
188237
413285
294727
220473
408222
164943
396185
433737
187581
304783
141441
328767
430465
245245
287234
261212
373487
302714
369959
251113
135794
321001
434432
360739
269133
122843
144049
111878
184952
299287
227885
183727
346961
373721
435993
433200
334783
171355
375801
249353
154642
325955
282637
402431
309239
233801
326348
188112
422158
162096
284292
217888
167635
101046
413856
264116
446187
130972
322365
200792
170348
426749
341998
106508
146248
209719
395451
299646
301928
428909
107512
391964
107746
137459
216169
427346
261027
268134
445860
438417
256928
419636
363390
149990
126019
287188
114891
268648
319720
402778
449712
331445
244667
450485
275835
178232
178685
128010
359287
377002
294521
308571
369605
151732
106821
420229
167807
388853
216021
386053
312422
222384
101360
388807
409840
210912
235502
328785
342398
428693
451695
119312
152902
379575
406882
239536
304145
309575
274429
230953
205163
400908
237685
352107
130006
387693
102722
135057
328176
119188
126345
121705
326144
262978
338835
364951
192648
372111
102517
174847
294304
132689
431523
107644
330451
312530
282718
152899
401418
152258
424658
304841
149121
125816
360702
431330
310886
126272
276308
236992
413158
206357
410608
287687
279611
149356
267832
198582
230407
215514
224894
373954
103543
214649
138696
370926
146913
300067
115505
302328
285113
389410
114845
227273
205967
425234
186409
121807
177756
103750
267099
379441
145232
253377
367741
210336
248042
211280
187619
289436
425297
251854
427976
444399
112481
224425
367226
160519
427481
210442
150863
220864
431407
275732
429349
163089
236596
209237
204490
300577
436084
152583
447216
312027
158951
426831
225752
191245
229604
395675
316515
258228
255222
130249
438451
149344
153956
274267
231419
286203
429350
221370
395151
330023
401370
372302
361691
147041
297800
446037
453120
271755
138242
156039
209160
374152
299991
425820
349636
312913
285363
184466
124190
113567
213950
301116
102559
253120
377575
199612
335855
191439
248361
260921
156785
408532
448709
127655
146067
409042
434636
373368
203820
166719
259914
368453
147536
180154
140414
191527
299990
321943
158023
195514
308061
148881
340389
302564
451870
283049
417280
255555
388813
450679
347654
222029
335221
242085
328000
341599
109967
163947
297784
139614
115771
178447
178897
287494
155548
320385
384188
174106
156602
349998
165282
235485
114722
257976
321586
443906
200089
251456
168873
300718
264408
135376
337291
330503
280863
378459
143245
220712
208916
300923
257245
195619
220549
138027
329711
334676
360740
404729
209674
406837
279425
409122
319830
220561
250687
293478
206119
389139
222997
326611
283911
310058
366372
125273
151794
286861
391739
228203
203440
275240
357719
335194
241948
268518
190038
323392
311042
323003
415884
220857
209552
414234
209842
172369
373378
343870
206256
194885
334965
430943
333288
376669
211856
445024
351438
287800
372668
158607
411686
293766
419186
127546
382509
418255
106838
338347
358081
349897
156076
255785
227269
163428
210037
171106
339737
441449
152338
147275
383160
163919
385642
194723
367450
306034
302576
265720
239107
341036
250871
303287
444593
432764
153003
122813
283949
167218
306555
442982
194838
349430
440474
122805
354785
421148
230601
405386
137273
288247
374728
223395
289006
268931
316352
340381
281345
109418
345943
103321
264926
139318
442176
203516
227580
192689
441486
355526
353871
305491
245583
189092
440789
116430
434059
266409
154908
102809
106707
435327
445643
352250
102117
244065
428450
134723
320097
392681
148457
185701
299378
228498
236200
380295
447770
169096
331335
236300
174086
192609
177518
157161
286659
158525
100896
145057
291330
338992
351944
356357
161490
286744
307139
322862
111915
102025
264801
184445
183287
279637
101153
395034
435583
406648
396095
389605
431380
157719
206243
416806
226174
121748
149721
245412
109916
158048
245597
433422
453621
150236
284504
288019
184997
119724
382071
421450
307391
355509
427354
173879
308996
348405
388634
203765
214132
411919
251223
315544
120767
215232
431091
216701
146508
119136
258106
380623
337219
180645
275381
224224
151671
278852
455072
297848
426374
121907
431808
318589
378370
132335
371994
173997
313009
254276
355627
452075
174014
364580
434433
185434
125006
339759
410575
230890
392620
184628
395825
116834
199118
212539
257061
221351
293242
287176
286091
142357
433326
343468
304880
419230
409742
340673
170287
411632
189575
424621
270193
397467
111784
210550
436405
385086
137982
130238
283337
428160
198347
414282
434092
113904
208540
200583
216229
187406
406359
297137
280533
435362
452303
228953
270381
396535
218422
442635
310819
350241
118663
407794
270950
179671
198389
426165
198140
317540
418927
146361
380061
429008
341540
316691
244369
433402
274454
455433
406594
131154
448900
377340
387063
346930
441837
382371
147819
273975
330675
349381
182764
406071
143722
410343
215110
163878
387894
141325
188066
196547
404971
327658
303747
379327
392750
345452
254417
315469
124720
112540
135695
198993
414547
183815
438398
335693
105059
204775
156518
190350
416993
316151
319479
372045
393470
127210
421425
449904
123465
365933
178681
212769
223599
215669
371422
201426
303341
256576
296629
208130
276652
302694
117091
108356
200877
109153
228523
407601
300591
427429
128145
116943
214766
333614
388778
112860
367039
216321
180840
199819
230051
216174
283054
322255
178193
425261
306272
255124
424125
362503
121889
237941
219008
314178
211886
157898
441039
181304
203473
164311
384182
450909
277940
363495
144924
348028
336789
246100
192621
222131
287844
138729
396281
212569
190113
308710
382377
203487
103555
411111
381292
354325
304423
294895
170472
161322
365303
268678
283832
128579
443521
214327
140611
383136
385858
127394
409295
237738
283260
422915
133049
101076
173907
223323
412446
168905
255105
118298
129940
283841
244497
289552
266583
130234
283172
147951
438907
167417
419118
448651
371405
448679
346769
149960
350761
376601
432754
372389
317213
305250
144141
390712
453552
375408
125243
215122
401298
202598
439842
289227
363746
153288
239095
236154
131849
420432
403925
182719
314955
389935
112893
219026
360495
215009
254442
402586
141807
231377
318148
134378
317868
244721
144283
293951
317598
434746
310337
125081
431345
300394
117724
240410
295660
253846
408259
419314
405248
374007
390158
282733
377338
445209
125070
203092
350611
286123
312477
166290
231922
412212
297412
120853
342016
173869
386261
299524
333730
354772
371030
108216
442120
337770
401269
455919
143678
413133
262709
235776
428667
157351
376405
198514
413358
347012
319757
337356
276933
401391
178900
414523
144929
158875
434256
370402
124415
444904
142496
402353
330003
224385
410623
444647
217721
115104
370479
366027
170166
294012
194450
418702
158029
268643
256047
326134
389303
449715
204700
356119
176106
409370
182302
224957
271529
400168
328936
205393
173914
324337
304416
337073
119498
269150
305632
377920
199039
196262
149838
121710
354719
276427
110225
150496
181683
151923
281928
321201
158070
169268
322720
246904
371762
135313
326954
262353
178546
160239
354211
437660
198147
201102
356991
166885
235371
239787
284392
328073
211778
324098
233218
243429
346570
292912
428150
113113
455076
204723
113860
292798
110990
294123
120286
385039
335456
121047
268156
164605
450365
192842
328391
326730
113060
223366
313013
398320
198838
447501
225215
292579
400718
373519
446190
284607
404793
351450
293486
137347
125812
244882
238891
170496
201930
408914
391777
436929
251934
321232
321890
451573
442939
355641
250496
127437
256634
257637
301527
389455
453305
367930
135729
335979
333511
305457
115113
378665
249815
247457
371756
436047
353521
433001
272280
245762
362735
329814
242894
371386
397981
121342
438236
429325
210230
408062
254561
190961
177894
155702
355448
350936
252315
224821
138121
308539
120147
150134
413331
382085
234483
164984
239915
322450
339036
217852
381043
236740
428334
271517
375258
289612
165461
338900
151034
224909
305273
352941
322866
357272
138266
237403
428070
414572
190622
256184
275838
420076
334268
218463
105261
347746
339946
388359
305394
216630
194253
209742
262397
446640
327049
318457
414070
363488
298979
451683
434113
338208
257092
112952
379040
428593
383390
354988
382981
190636
429228
255050
331890
190192
425467
367393
205005
231272
225708
234324
294677
368710
131787
336113
135278
200783
360096
191234
164265
279662
159331
179891
358849
236257
368735
290820
265830
399553
371418
448775
183149
287906
234569
429796
163794
120322
423197
283963
339358
113359
428762
358159
368769
305441
385960
299583
257726
319536
307214
252841
262536
397449
404264
125186
146532
167221
293484
275053
227480
355568
119764
292318
208638
265904
290544
434989
124015
245805
249963
329141
119411
239994
186212
350019
298112
188797
160975
238468
268991
205040
149109
327553
340148
375796
406587
233402
360493
108046
227682
449201
140273
350418
103801
253764
222504
379396
152041
261363
309538
117456
316345
381026
124410
279356
219727
186596
397220
207450
229892
204462
426791
370550
390742
288714
233803
136980
211141
244757
254922
145774
427476
249001
388711
329506
403894
327274
193728
210345
164407
427427
360044
156993
127822
421221
304948
212114
181027
208739
210034
395232
380790
296970
324198
289902
205854
240982
452629
380767
205781
223317
298543
351114
252998
415277
454022
446335
388229
444762
447508
141614
454860
267427
215041
178951
197742
149661
375885
168371
366584
178210
102557
182561
332032
414445
269831
225022
412018
406631
166339
241974
173627
263115
166604
331419
122282
147521
398176
447829
375179
300230
298555
341982
179672
429734
209418
296109
185199
148352
130270
371339
139103
147355
318846
136469
399395
188976
268588
292353
304963
441816
202094
167788
417754
121071
426724
390028
392487
157400
417017
270314
187943
346401
275501
321624
289722
224850
382201
174402
398325
272483
436702
366738
242098
345004
251792
233366
413309
167309
290673
211414
275391
374100
114568
132897
217645
302567
168832
443795
453454
149383
430320
111111
341200
267909
436739
114441
277430
407032
336305
189375
242980
358332
243227
259027
275327
193928
369850
127963
178791
233875
273549
153169
343073
204053
435420
207950
331874
101929
409971
371046
231479
175924
434827
140082
312516
401804
381828
236208
268010
245970
262497
443923
367213
112026
120063
180484
286358
293313
180149
223533
111668
113641
250760
326312
196327
274486
212005
311878
369635
114466
347317
219814
324506
316936
185346
428625
243194
424349
321878
300724
241579
268431
411419
367886
233809
406687
190099
315195
156808
160514
200805
449276
330909
183570
303176
140189
251030
372913
138194
322916
241459
355069
429949
328786
124090
412104
275632
136886
241299
250121
322732
370334
328109
240816
123840
191202
227130
137943
119897
259301
233264
377591
361053
358625
308959
329795
200001
394677
390338
347158
250309
150787
358883
368022
455788
218822
272392
451608
273815
401033
316818
214124
179957
432674
174878
395782
308015
283530
204248
114868
293918
397158
424699
399512
173293
215044
336070
167424
225599
279099
374675
304119
308935
149087
109567
122457
391708
116055
349309
166539
152692
236917
220087
210479
181920
110099
289736
193936
285663
298731
292344
274260
233916
222151
247413
398855
165542
455473
454107
188484
257801
282462
394896
355926
217268
389736
368403
194824
271115
233678
307370
275347
142891
286394
231929
397048
403545
428341
162043
294050
269238
288774
355433
171574
327282
252467
193905
183158
424931
172087
419997
233231
186676
447350
250543
144557
307843
173559
276092
125161
341730
124275
243028
423131
387913
216102
213605
170463
107019
423360
172404
292636
448403
397531
251767
306304
135240
416705
284604
358141
337297
203687
314558
188692
190506
130243
170805
326368
270696
130976
314109
150991
422509
292063
326996
225567
240633
331766
192213
425303
404237
329272
259462
360876
129588
216611
279603
370236
226219
292413
182138
175570
132542
217879
322876
370205
283681
174170
424282
423576
424060
350532
333506
361283
226237
188517
309291
107055
359850
214214
160110
174672
266397
395574
292635
392996
395289
236554
273737
247197
437379
374610
425045
102574
449343
260629
115011
379572
270804
186150
354131
183639
427582
126493
273743
374750
253380
414761
145571
260331
242838
138059
238742
340707
335592
171104
102541
178051
220442
167745
158899
183324
383328
194049
254380
143563
376694
280589
175940
145235
150857
260878
135660
425100
289595
429997
115045
133112
395656
450916
313928
218932
236415
309174
246987
264778
170830
199974
414744
312272
267664
412187
119355
305664
148446
390451
302015
271848
339801
329923
363774
331553
166637
429990
382475
109605
228202
327961
191355
224018
447863
334236
172298
351729
148974
214950
235701
247148
164325
314466
425296
126200
265563
316730
166276
156671
176054
131841
210451
426313
254610
396384
432685
227152
253179
238455
198392
359901
143630
391458
222607
164614
146563
260816
130324
360819
132184
221517
273666
388883
438340
204549
249765
311137
301764
254815
400344
398831
108886
164659
370574
219874
211929
336180
209400
292112
186535
129085
454712
229910
396836
334462
132239
244192
183165
287086
300735
378318
136516
349909
105117
426270
345074
219655
408451
174758
111920
116255
452376
256594
419858
199986
416771
449169
331280
347496
440114
172107
237204
429665
262071
391470
212852
113498
242010
278917
350470
180928
194873
263777
256180
382828
108077
172811
382689
274205
197151
141318
110476
160602
265058
440325
104291
408023
121964
148973
418118
430880
333973
150300
192850
186671
305003
214614
346650
234616
234113
248080
329680
356504
409933
354271
296372
293434
243067
414681
347507
443017
350889
138347
363250
342090
207013
205467
286301
450578
186274
122473
281149
113254
419203
365892
119073
304727
399445
416440
292658
294407
135107
157780
310149
162091
235263
117566
231676
317170
136391
430138
216979
255680
117861
314957
401577
403121
174927
121746
258996
138149
436770
283516
428969
338637
283355
261224
319098
340484
202909
429762
387135
123024
220801
287581
392758
145777
162362
201921
202394
193856
280239
378920
125994
374497
302832
312161
256964
197504
120497
207287
116722
129186
147191
178478
158907
134934
344576
451842
207396
350478
167899
362411
441199
382347
415213
274528
444961
221002
254014
142048
301312
392412
184303
107100
194729
214285
128775
186720
174834
327469
358757
225731
397871
304211
420130
101829
419079
279651
128803
251005
297578
327166
203209
101569
420452
417153
342440
351433
368997
273763
441930
397353
136221
183702
338995
304468
271097
363305
356798
278774
331099
306786
122534
222906
289140
206946
354695
439003
315939
151579
393747
401578
297674
243887
368669
119662
172774
170485
442793
241619
104407
111766
448994
372380
206261
189802
413438
430478
282237
310542
278763
209525
112962
214372
259646
334810
175299
285175
112840
249123
426841
323686
364784
146715
213215
275025
408725
418183
185033
143298
374302
406849
398380
363925
261330
261158
228358
105263
155380
213738
119478
334591
204710
134602
195101
370954
260396
201902
314521
239836
204893
158056
402325
247796
410610
297058
253916
238861
117039
335628
280327
352276
169390
394074
167290
436173
228743
255264
381665
224229
448099
228965
182663
282524
406119
124605
215926
374303
372948
295540
225067
339746
285884
358143
193723
346439
283998
314677
328953
181603
179573
184700
135537
145868
258718
102622
332588
294576
378143
105886
271133
446515
224536
357673
166674
308663
337941
250727
336270
379958
278789
435521
125773
453364
167587
413453
182287
225081
216918
415228
150290
455856
352452
236991
301143
295117
190213
398964
210668
399336
226273
273813
164480
202481
339458
179623
246404
221690
252955
301223
286224
326282
309996
131110
303772
284853
367734
424971
189593
252155
434992
398382
431265
164870
185805
139385
201186
298254
248247
449656
334778
256547
262343
146668
444392
412463
195106
451601
266460
442749
386873
280756
422261
332073
199110
375034
228181
152164
240389
190867
132320
318758
441367
311479
280727
412589
420501
415048
290894
166287
361046
290848
