335739
253803
222886
243424
391466
142880
289417
433259
128930
116796
375494
451939
226400
380164
268374
105860
364681
383560
218609
266181
228075
261086
436450
379853
369426
454941
215773
118402
289882
178460
299023
314924
349003
402455
263623
204498
155917
141019
269353
269370
223322
350191
408435
173626
395405
356990
369410
157982
396521
340174
204915
129654
278705
208348
162901
126700
401742
288744
274692
199551
451296
357773
182238
245447
240487
188963
140895
260379
211912
283916
323603
211651
314264
434513
318633
275532
430050
277773
281493
375597
289874
288796
316402
412443
442437
247832
119824
137470
392008
281327
269132
102959
323500
273659
241353
388966
295898
442228
211728
132472
148587
243820
289260
106437
381487
189915
113450
432570
213234
412709
455206
378579
330764
341694
360650
195798
249055
291976
204853
126134
162976
149821
367430
153143
197195
402628
440077
259907
292965
164989
282600
327655
291301
128897
169285
142897
402828
221503
435160
192428
416966
261259
181250
274082
173336
339045
186354
220888
182112
374717
113125
208469
341776
428660
199296
182163
139797
347085
299042
444529
113328
404854
327211
119298
169437
227105
256595
387318
199297
308671
193495
145421
324278
350209
414817
316259
437855
139194
419761
345914
171957
336051
455618
273733
193640
397424
246865
123569
382993
243595
134569
438499
273966
386781
237303
444023
321324
336985
281771
214864
415647
108524
436293
423389
428289
200980
130957
381336
205442
152778
400353
304183
347704
272125
269258
293772
394591
231441
229626
211578
378686
398002
105714
135471
358019
390640
337026
266894
264346
188318
167574
257870
381012
282269
418768
121587
333351
357401
363393
238737
101983
209698
427339
228368
447383
125617
231650
332357
121173
130335
236776
172365
115719
355495
138017
358290
345777
281421
450646
308695
303242
329729
110788
394493
171770
237128
385170
104251
241598
223757
263698
249336
127525
153955
164913
315215
241607
284887
200179
267609
172915
133542
226577
449596
336993
170365
234299
391260
420401
266639
451001
343789
290909
416397
386129
121878
190209
131736
113637
396097
437620
166260
340064
308438
344177
319324
187940
338907
177153
143931
210911
318923
382252
258868
357837
237943
221558
414961
153717
306115
327233
283696
374368
394945
134900
119358
103168
368219
233742
334024
362334
221473
268984
190011
309304
296080
427272
116599
130975
205933
180138
157659
187321
390852
294352
397644
357688
372653
276866
286680
245512
105361
241884
421229
138476
337857
277136
384349
259546
100435
281883
112915
171310
185096
230491
230650
237757
204600
221103
423772
150362
161414
389390
218905
185077
292051
248809
274563
195797
109225
442413
395823
209526
164161
194834
102235
304837
179133
431721
186137
312246
393357
256528
394675
359814
389233
123093
311279
370374
407568
380479
405920
428750
318350
152322
227164
296200
361500
299902
120458
435850
364912
449252
441454
229120
326250
360325
331597
226663
443093
439189
236795
120787
363927
392037
397262
308901
395425
234341
276784
150803
220207
283902
406196
183126
379231
196340
258752
431510
361009
141224
135291
109865
349746
303444
357495
233536
136953
225186
372093
365729
284532
114967
208032
394987
408340
347636
407804
296976
254119
158493
346464
390304
172313
398697
448073
104386
140461
442252
370960
101222
143315
116050
315441
374453
336062
232380
174704
387841
437205
240513
328339
404167
196483
215051
100808
104910
436349
432096
279763
405329
443288
182319
224059
316560
166557
257680
163693
339321
169419
335823
439493
177778
168337
391840
351323
146371
181654
354171
441882
232639
156591
256301
251741
360085
425569
193934
203842
323526
372357
396080
364565
416965
232801
321327
216643
107403
256816
260698
106431
390596
235242
288807
293240
217186
411174
172118
241789
203277
189370
186311
187488
286819
359868
332036
308951
399993
442482
182260
142928
262973
147000
400796
158196
407440
363923
139913
449315
249193
339574
253267
427523
211239
161039
286493
303342
184887
118667
279398
312047
108179
415057
190653
164128
407912
136259
254011
333587
106432
300966
208342
443785
435389
360144
431760
104041
443857
344281
135815
369586
315692
243633
399367
226274
112575
299915
327439
449028
243311
238725
343461
243185
365324
155427
162446
295061
199607
254054
231560
344641
144597
443717
321282
409952
237405
157172
127747
106213
342810
172235
243745
347264
356275
376621
311339
246195
444156
444073
225683
120505
371062
194065
208964
350188
331259
200389
206136
357910
166864
438767
239389
446049
280580
440753
144347
280017
210395
190049
192094
158308
103593
108137
143949
314445
140487
169033
154944
176115
224881
276893
426865
152069
220500
320212
157340
384682
158853
355176
325400
275494
148161
300148
325198
218013
280496
354793
188462
331801
388411
370580
210955
270385
356292
149275
183894
238048
310532
236099
386207
130450
397276
253140
445303
446368
367781
355306
300101
194235
372882
341718
198932
442373
197750
363434
181149
324970
419492
328283
337787
414394
372512
376145
139605
394922
246920
378767
169256
119933
370576
298808
244101
243370
123856
362018
434305
140678
219879
336523
154288
350769
126475
404089
200633
263483
258359
234949
202205
244311
186795
129212
105921
258746
177859
215437
271613
313491
274756
173075
388135
218708
190850
218789
148878
268556
186451
377446
104489
154970
297449
245701
107917
393661
448296
339375
129847
190182
147877
310820
312776
106279
418722
302170
321630
186051
204072
327029
419326
158548
366454
206170
106482
202341
109701
454785
382674
268063
380411
177723
105910
409326
440556
224035
145092
328374
288053
314884
105115
411149
176364
349811
270706
432957
218304
446333
378503
123902
111129
128101
175859
348917
435038
300924
456176
382959
285084
348675
195568
105683
148513
416008
198913
365535
426108
109900
249516
246034
361026
398108
179814
325704
337624
378007
241302
154014
405968
184279
175466
203621
296692
451943
360075
128643
391479
352137
250192
204806
183075
416943
196073
143010
299353
167764
115411
375954
107157
376234
152252
256997
331183
102939
268669
298876
285829
314341
345683
188025
192155
277850
378513
329872
190440
379381
284388
281331
382336
163203
181357
373983
218338
337676
116669
154273
336325
326313
352998
175954
360522
368651
440575
139474
197289
258480
407084
111583
313163
126588
334918
146782
442082
379791
258494
119055
245017
108532
240315
254574
425582
330198
178813
361532
401277
429006
259727
441702
209662
315612
117783
123318
287820
376680
295929
393687
221810
198158
277795
407188
135250
375042
388017
112849
258149
386172
212021
414637
350145
393271
186283
325588
271612
108603
355679
177997
413715
318361
352019
377747
370741
395120
225515
317174
209653
406845
272930
326714
128188
338934
451989
358002
165512
451660
297766
222443
203871
373610
220677
455317
407408
197905
399377
356543
250487
428168
414027
307576
145873
239635
135708
331318
277276
309043
355110
389354
332232
402837
428869
174870
129564
163733
451659
161831
225230
192341
391460
361272
163696
142524
392875
250594
432891
276064
244231
278467
271477
325887
360721
428135
367923
187350
195058
411113
264915
285840
127307
288949
322548
120901
355596
179782
436101
111819
238848
197778
242061
279965
239450
139133
353700
375621
208458
265025
229872
150144
189813
150893
440671
240730
338614
177118
397670
136284
411297
196928
415025
371407
388304
282245
284659
377989
296137
133809
383638
127369
178513
358034
416504
420441
206515
128881
253188
415145
184479
309523
341947
383497
147326
292681
199958
230583
349206
166254
165211
265786
162463
100397
329444
140663
357659
401853
220802
154448
426896
156014
173086
179214
199932
299263
247561
168838
258596
296278
440361
335929
263501
395122
387683
221096
247128
132514
453213
447256
448783
368466
233042
266597
131437
230993
346022
420677
113589
193617
226375
119035
434652
398959
377263
385807
347695
409238
225344
104249
127763
342734
208599
306636
450688
394109
160477
404409
162675
338926
434347
130918
332633
316955
410792
408943
246156
262678
224890
410734
129109
374248
444960
325413
268949
442035
205586
326499
332374
379700
430185
106994
171008
263038
429327
160030
372054
290020
373955
204557
348561
252578
138656
283527
186715
340072
437828
242199
408687
359063
308113
401106
397488
111493
409402
360613
340531
302592
259612
336179
160851
326952
448332
343353
215415
227792
423616
317492
431362
221128
100690
165493
153944
424990
205006
180330
161702
127351
232958
226094
430873
426812
287690
256329
173979
248033
233471
292404
339773
101982
118196
249375
135676
122295
350702
214112
450571
132236
323873
281030
444872
346388
376175
109968
141822
154988
391333
168101
430561
312308
349012
383635
357984
284113
277805
150805
397395
444243
119101
187582
320860
445704
435113
218419
171816
339553
347495
143318
158993
158559
140794
417772
215330
307513
235971
205759
314971
371990
209161
294484
357427
400583
234482
146337
122162
103496
198928
378084
359482
123050
302788
166999
348215
417526
228050
207383
328739
227804
403141
446122
203644
107707
326692
263267
277666
100601
308563
348457
388282
361412
412819
296746
375783
431312
155879
253518
374415
273182
323138
411824
340565
430310
223895
263676
171910
236080
158294
148366
309262
329194
149518
337133
148651
192302
212068
170469
303041
291759
405584
253329
166123
414401
450318
343677
431118
331838
382217
350322
391876
159169
261352
209408
319614
377535
132226
441166
228690
258947
105042
138185
288426
205721
344461
336432
359684
157602
189611
427356
201607
249965
338430
142147
226234
211260
207090
207317
114308
373183
341021
125977
447266
160130
344181
315897
426819
389370
335201
399396
171481
366072
199789
208184
243179
172438
231901
160317
394938
174618
416374
195385
292225
188839
331014
287598
173819
195387
150942
157710
294629
137407
395685
327507
130706
135405
260667
423548
308867
429342
267701
130781
352328
263931
263824
154932
327259
133621
279738
189413
102228
395920
201439
373097
407496
224861
293635
321614
296219
167376
166942
389260
227781
218588
193829
430321
315203
375628
148852
380207
414773
452057
395528
105874
154045
330443
282626
416587
164443
191819
417490
177523
263219
254504
434077
354247
139919
314353
399900
196668
386862
418661
270145
345135
343131
247355
133929
192895
141885
235609
398403
268277
174799
242218
151788
106030
413228
174166
369129
314094
128341
225885
259883
271288
392677
120291
283664
415964
175644
103040
293129
137957
135944
247120
151236
245557
165011
381331
218661
169665
160573
382261
389430
391485
274591
359405
365485
123557
367288
312857
214787
431465
390367
441132
133435
253242
117238
429393
214235
315419
147699
260522
210589
213823
341703
221285
236245
335114
228073
390529
354400
127003
206663
163345
118206
185720
169620
242578
287506
438461
229279
238315
104116
326108
375540
212141
454445
386231
440598
175720
289584
186669
316203
314028
203666
340436
447164
264047
264164
290186
102455
164623
451117
147194
204100
332987
249396
265735
225772
378088
183474
359880
431451
365512
402143
194849
281718
162973
359942
455569
452915
237139
282116
357538
436013
343766
295577
417112
432846
300039
311798
426571
383662
387532
127524
440458
147520
248639
393080
355923
194529
269921
241072
198174
348085
199906
312811
409533
185445
261393
368750
194324
157388
334152
363625
205132
405527
453641
425308
105904
112477
390545
184136
418553
375031
403994
433621
243603
131646
414312
409119
133646
233487
339225
303822
205036
129528
330887
417021
283754
172171
303773
421891
384813
397503
171088
331251
193497
330516
327402
244613
168589
307084
272054
229834
292857
257435
263107
403418
299164
336193
194131
283378
116962
145577
124643
401704
297151
391128
291410
409270
128714
450864
376382
158745
111001
252629
169190
297145
281774
401702
342106
421657
378186
268115
411202
224755
278213
325894
153837
423119
160221
299676
337732
360483
182231
439068
307583
357555
146962
389060
415846
299118
364386
281017
405604
220065
228235
204089
348618
378445
347984
214860
376819
156164
188966
132678
164397
425256
209261
247817
245894
216669
375320
434650
182393
325633
301802
173461
413285
294727
220473
365436
408222
340694
164943
433737
187581
201835
174470
304783
251486
293853
328767
430465
116411
405289
245245
411531
373487
302714
369959
251113
135794
321001
360739
269133
122843
111878
321726
184952
299287
227885
122525
183727
373721
334783
171355
375801
249353
154642
309239
233801
326348
188112
284292
235629
217888
143871
101046
413856
264116
446187
130972
259524
170348
426749
106508
209719
145900
314772
428909
391964
216169
427346
268134
445860
338079
438417
256928
334147
384506
419636
363390
163641
115766
287188
114891
268648
262387
319720
402778
436077
449712
356907
331445
244667
450485
399082
307965
161778
178685
128010
377002
179754
187974
294521
308571
369605
151732
425839
106821
420229
167807
386053
285845
312422
222384
388807
409840
210912
235502
342398
392153
428693
389670
451695
119312
379575
406882
239536
114561
309575
274429
423316
129567
230953
205163
237685
352107
130006
115699
102722
135057
328176
119188
126345
326144
338835
192648
372111
102517
201857
174847
382008
376864
222293
294304
402392
132689
431523
107644
391828
330451
131345
282718
401418
152258
328093
424658
125816
360702
431330
126272
413158
322166
206357
233996
410608
287687
149356
267832
198582
230407
364126
452852
373954
103543
214649
138696
370926
300067
285113
389410
114845
205967
186409
121807
177756
103750
267099
379441
253377
367741
422744
210336
272736
211280
187619
425297
251854
427976
183300
429340
444399
112481
325447
367226
295308
160519
418333
427294
427481
210442
150863
220864
275732
429349
216106
163089
236596
137766
209237
385945
204490
300577
436084
447216
243749
312027
158951
426831
233663
225752
191245
229604
395675
316515
302796
383421
130249
438451
149344
153956
274267
200741
299479
429350
221370
395151
330023
372302
361691
176618
147041
268432
297800
271755
209160
374152
388387
121871
425820
349636
312913
285363
184466
213324
124190
113567
341011
431828
437598
319571
102559
253120
199612
335855
340382
248361
260921
156785
408532
127655
146067
409042
373368
166719
429660
147536
180154
140414
191527
299990
321943
158023
195514
411097
275113
328820
308061
148881
340389
409810
302564
290999
235659
451870
317755
283049
417280
255555
388813
450679
347654
222029
221337
335221
242085
328000
341599
109967
238774
297784
115771
178447
178897
287494
296223
155548
320385
313904
174106
156602
349998
235485
114722
257976
321586
443906
127391
200089
251456
360646
300718
264408
135376
337291
330503
280863
139696
408234
368510
143245
220712
285943
208916
257245
195619
220549
138027
329711
334676
404729
209674
279425
257128
409122
319830
383180
161002
176831
220561
250687
361227
206119
214254
389139
326611
179001
283911
310058
366372
125273
151794
228203
203440
233500
335194
241948
323392
113049
311042
323003
311926
393850
415884
212445
146625
209552
399771
414234
209842
370982
172369
343870
206256
242456
334965
430943
163885
211856
239271
372668
158607
118487
411686
293766
196982
419186
127546
382509
418255
261214
106838
338347
358081
156076
255785
227269
163428
183031
210037
171106
339737
441449
338302
152338
147275
383160
163919
385642
367450
306034
302576
265720
250871
303287
444593
284883
122813
290629
283949
167218
306555
442982
194838
349430
440474
122805
354785
405386
137273
288247
223395
289006
268931
316352
340381
147064
281345
109418
345943
264926
203516
227580
441486
353871
245583
189092
159839
434059
266409
154908
106707
435327
445643
352250
376581
244065
428450
392681
148457
180915
313427
185701
415629
173981
256550
381808
299378
197748
322755
228498
236200
380295
447770
169096
331335
236300
192609
177518
175728
353885
157161
379230
353212
127551
395645
199880
145057
291330
338992
122755
351944
356357
286730
161490
439885
286744
307139
322862
111915
400461
102025
264801
122466
119684
301672
279637
101153
355370
435583
110818
330815
431380
404820
157719
206243
416806
226174
385980
245412
158048
287671
100541
245597
453621
150236
284504
208475
288019
306790
184997
258936
119724
382071
421450
307391
355509
427354
173879
308996
347155
348405
434970
388634
251223
315544
120767
215232
356758
431091
216701
119136
258106
337219
302210
275381
222969
224224
151671
297848
426374
431808
318589
378370
371994
173997
313009
254276
355627
452075
174014
364580
434433
125006
339759
410575
230890
392620
451765
324065
116834
257061
221351
293242
286091
142357
433326
407171
201396
251098
343468
304880
419230
340673
170287
411632
189575
270193
397467
111784
210550
385086
393393
428160
167617
434092
113904
200583
418922
216229
187406
406359
297137
280533
435362
452303
424975
228953
270381
396535
218422
418870
442635
310819
300038
350241
270950
179671
198389
337991
198140
317540
418927
146361
307878
305105
429008
396482
341540
386846
316691
433402
323593
274454
455433
406594
286660
131154
448900
377340
387063
346930
441837
382371
147819
273975
330675
349381
182764
406071
143722
410343
215110
325989
113478
375522
229222
378889
292012
355062
141325
188066
404971
327658
308374
303747
379327
345452
254417
315469
124720
262344
135695
198993
414547
254049
438398
105059
190350
416993
214402
372045
393470
248072
127210
449904
123465
365933
178681
223599
215669
145762
303341
256576
296629
276652
302694
291260
117091
200877
109153
228523
407601
201511
300591
320367
191741
427429
128145
116943
333614
112860
367039
216321
180840
199819
216174
283054
322255
306272
255124
424125
121889
237941
336508
219008
314178
211886
157898
441039
181304
203473
263916
421183
164311
118100
384182
450909
277940
221354
363495
348028
366943
192621
171492
287844
138729
212569
190113
308710
216613
382377
203487
103555
411111
381292
354325
294895
239846
170472
161322
365303
231354
268678
128579
443521
140611
383136
385858
127394
409295
237738
410310
283260
422915
133049
349627
222495
101076
223323
412446
168905
118298
129940
359303
283841
244497
266583
130234
283172
438907
108502
167417
184229
448651
144279
371405
448679
346769
149960
267574
376601
432754
372389
317213
305250
144141
131449
390712
453552
375408
125243
215122
202598
439842
289227
257303
363746
153288
350704
353764
239095
131849
420432
403925
182719
112893
430324
219026
360495
215009
254442
155571
402586
292956
141807
231377
134378
317868
244721
144283
293951
317598
351705
434746
125081
213400
431345
300394
117724
240410
253846
408259
405248
374007
390158
282733
445209
125070
362683
203092
286123
231922
412212
297412
423682
120853
342016
173869
386261
267789
299524
333730
278570
354772
140643
108216
442120
401269
196599
143678
413133
235776
157351
376405
198514
377466
347012
319757
340749
337356
276933
401391
178900
414523
144929
325109
158875
125474
434256
370402
124415
444904
137244
142496
402353
330003
224385
444647
366027
278312
170166
194450
418702
268643
256047
389303
310178
204700
351972
356119
116567
400590
409370
182302
224957
400168
328936
205393
324337
337073
119498
305632
377920
199039
326676
196262
443642
149838
333637
354719
276427
110225
150496
181683
151923
352789
281928
156541
321201
158070
423575
246904
371762
326954
262353
178546
160239
354211
124298
437660
198147
356991
239787
284392
412825
211778
324098
233218
243429
410739
428150
113113
424162
455076
110485
113860
293285
232502
394899
292798
110990
242604
276220
294123
120286
385039
335456
121047
268156
164605
450365
328391
113060
223366
313013
398320
198838
447501
225215
292579
400718
373519
322072
284607
351450
293486
161747
137347
125812
244882
170496
201930
408914
391777
436929
251934
321232
321890
451573
442939
355641
127437
233771
256634
257637
389455
453305
429504
367930
135729
335979
333511
335135
305457
115113
378665
249815
369222
179252
436047
433001
272280
245762
362735
329814
242894
397981
395056
438236
380520
210230
408062
254561
190961
165526
380241
155702
355448
350936
252315
224821
187393
436625
121894
138121
308539
120147
150134
382085
137831
234483
244492
239915
322450
339036
217852
236740
428334
271517
235541
375258
165461
281283
338900
151034
224909
305273
352941
306435
357272
330590
451984
237403
428070
414572
351435
256184
275838
272584
447688
334268
218463
105261
347746
339946
355834
388359
216630
209742
262397
327049
373295
414070
363488
298979
451683
434113
338208
112952
379040
359762
428593
383390
354988
382981
429228
255050
331890
190192
425467
322554
367393
205005
231272
225708
455603
340251
294677
368710
428957
131787
336113
322387
135278
200783
360096
191234
164265
288751
279662
159331
449754
179891
358849
228109
344878
368735
290820
265830
399553
371418
448775
183149
229321
287906
429796
319804
450473
163794
101830
446394
429106
423197
433656
283963
339358
113359
454666
428762
358159
368769
444665
385960
299583
257726
436842
110741
319536
307214
252841
397449
404264
125186
146532
167221
227480
355568
119764
292318
265904
290544
434989
245805
249963
329141
119411
254649
239994
350019
188797
160975
289899
205040
327553
259437
340148
375796
280584
406587
360493
108046
227682
140273
302307
350418
103801
253764
127995
222504
379396
152041
261363
131378
117456
316345
327358
381026
124410
279356
280136
219727
239837
186596
402700
397220
207450
229892
204462
426791
390742
288714
233803
136980
211141
254922
145774
427476
249001
329506
327274
193728
210345
164407
427427
304948
212114
181027
208739
210034
395232
322094
380790
324198
126665
240982
267861
380767
205781
410873
223317
316537
353643
137887
144378
446335
388229
444762
214993
141614
454860
267427
136836
215041
153786
207816
178951
370942
197742
119408
149661
168371
224544
139594
102557
182561
332032
340874
414445
269831
406631
166339
241974
228702
453946
414005
166604
122282
147521
398176
266860
375179
300230
298555
341982
179672
429734
209418
296109
185199
148352
258650
113726
226063
130270
371339
147355
139548
318846
371461
136469
399395
361965
268588
304963
272437
202094
313581
167788
417754
121071
161809
426724
392487
157400
417017
134077
270314
225006
346401
275501
321624
289722
224850
382201
398325
272483
436702
366738
242098
167254
345004
334406
324991
211414
350413
275391
226445
289607
132897
429166
217645
302567
168832
443795
249750
453454
430320
350793
436739
114441
277430
407032
155433
287880
189375
242980
358332
243227
259027
275327
193928
369850
233875
428916
111160
153169
343073
204053
435420
207950
101929
409971
120542
371046
138495
175924
434827
140082
312516
401804
116205
381828
131309
284192
303810
236208
250689
113184
268010
245970
443923
112026
120063
180484
286358
293313
180149
140891
223533
111668
113641
250760
326312
196327
305577
274486
212005
311878
369635
150049
276387
114466
324506
205292
316936
447959
185346
428625
447910
424349
321878
300724
130629
152694
241579
401618
268431
411419
164491
406687
170110
156808
217678
160514
293292
183570
131071
303176
372913
138194
322916
241459
355069
328786
124090
412104
136886
241299
250121
322732
123631
441021
328109
112523
123840
227130
211942
119897
233264
364542
377591
361053
358625
259989
329795
200001
394677
354567
225263
390338
374811
347158
375848
441538
373527
358883
204397
368022
101855
221949
218822
272392
273815
401033
214124
110211
179957
307854
434764
432674
174878
308015
204248
114868
293918
397158
424699
399512
173293
215044
336070
181771
167424
225599
270213
370665
113778
304119
266263
308935
149087
109567
391708
116055
349309
144694
166539
152692
236917
220087
181920
258209
110099
363614
285663
410062
292344
274260
233916
222151
247413
454107
188484
257801
282462
394896
355926
389736
240751
368403
194824
271115
233678
275347
142891
286394
231929
397048
453077
142098
428341
212843
162043
418846
410640
294050
288774
372720
171574
327282
252467
193905
183158
172087
255984
186676
447350
250543
144557
307843
173559
276092
125161
341730
124275
243028
387913
216102
134228
433469
213605
107019
423360
172404
292636
448403
397531
251767
306304
135240
389681
416705
362846
203687
448478
146977
314558
188692
174344
170805
326368
341908
375309
270696
314109
150991
422509
326996
331766
192213
425303
404237
329272
200958
360876
216611
166173
182138
325399
138005
322876
370205
283681
131924
174170
424282
423576
424060
350532
244071
333506
361283
226237
107055
359850
214214
393044
454356
160110
174672
395574
392996
236554
247197
437379
374610
425045
449343
260629
115011
102074
186150
183639
126493
273743
221068
374750
170478
253380
145571
272831
260331
147617
377169
340707
335592
171104
102541
352588
448161
125799
167745
208489
158899
340287
249423
383328
383907
411367
254380
143563
376694
145235
373228
152718
150857
260878
135660
425100
289595
115045
133112
395656
313928
334015
236415
309174
246987
414744
312272
371911
412187
119355
121530
148446
390451
302015
271848
339801
329923
363774
387205
166637
429990
109605
327961
366869
224018
447863
172298
351729
148974
214950
235701
247148
164325
314466
425296
126200
166276
156671
443543
454956
200678
210451
396384
432685
247664
227152
253179
134902
238455
151995
359901
116065
143630
391458
222607
260816
360819
404273
132184
193016
221517
273666
388883
316375
311137
301764
254815
400344
398831
108886
164659
370574
119904
219874
211929
336180
209400
186535
176195
129085
396836
334462
244192
263704
183165
369277
336566
287086
300735
136516
349909
105117
420840
426270
345074
391674
219655
429030
174758
111920
452376
419858
416771
347496
440114
209184
172107
237204
429665
391470
113498
242010
278917
350470
108382
131517
180928
263777
382828
108077
172811
382689
274205
197151
141318
277036
110476
160602
265058
440325
104291
408023
121964
148973
418118
409882
333973
150300
305003
346650
234616
234113
248080
329680
356504
409933
354271
293434
414681
369694
350889
138347
363250
342090
205467
286301
450578
186274
122473
281149
113254
365892
119073
304727
345629
399445
416440
292658
434632
294407
135107
310149
162091
235263
117566
231676
150147
205499
382048
136391
216979
255680
314957
313826
381920
401577
174927
419214
138149
436770
283516
428969
454866
338637
283355
319098
340484
429762
123024
220801
287581
392758
145777
193856
280239
378920
151727
376570
302832
422097
416592
197504
207287
116722
129186
147191
178478
158907
134934
265318
344576
451842
207396
445883
350478
392955
382347
415213
274528
444961
254014
301312
392412
184303
149874
194729
174834
337636
192665
327469
358757
225731
397871
304211
420130
101829
419079
189446
128803
251005
297578
327166
203209
101569
420452
417153
342440
122831
397353
136221
183702
338995
318493
350996
363305
356798
278774
112969
331099
306786
222906
159173
304819
289140
184076
118839
409679
354695
439003
452001
315939
151579
393747
352293
131728
401578
297674
342904
323265
368669
119662
172774
170485
373733
442793
336834
413945
271968
111766
448994
372380
206261
170530
189802
126181
423331
282237
310542
278763
288392
222647
308194
259646
334810
175299
332847
285175
191872
323686
307191
364784
146715
213215
275025
408725
185033
420966
143298
374302
416933
398380
261330
447637
261158
228358
155380
213738
119478
334591
204710
346999
195101
410229
399965
201902
314521
239836
205531
204893
158056
443846
402325
135103
410610
174238
238861
117039
335628
280327
120442
169390
394074
404109
212273
167290
436173
228743
255264
381665
224229
255468
448099
228965
182663
282524
406119
124605
215926
447120
327668
374303
226644
130194
372948
225067
339746
220109
354794
285884
358143
251402
193723
238809
346439
283998
314677
181603
246144
179573
184700
145868
258718
102622
295890
395898
378143
105886
271133
446515
136721
270985
224536
357673
166674
308663
137903
397269
337941
431424
250727
379958
435521
125773
453364
167587
413453
182287
216918
114714
455856
352452
320279
322828
236991
301143
295117
450067
190213
398964
239870
283122
210668
298466
201973
226273
108008
273813
164480
202481
339458
179623
221690
340597
252955
301223
131110
303772
284853
367734
141195
424971
189593
252155
431265
216822
164870
201186
298254
248247
334778
387881
256547
262343
146668
412463
195106
137589
266460
442749
366579
386873
280756
154200
332073
453782
199110
375034
228181
152164
190867
318758
441367
311479
280727
119926
412589
420501
444671
415048
290894
166287
361046
207853
306763
255707
