335739
253803
391466
142880
433259
128930
313452
116796
375494
451939
226400
268374
383560
266181
228075
356616
261086
436450
379853
111640
273494
369426
454941
215773
118402
165241
289882
178460
299023
314924
349003
402455
124378
405357
204498
155917
393359
223322
414811
318608
350191
362398
408435
340013
173626
356990
154841
369410
157982
396521
340174
204915
150126
287661
208348
162901
401742
288744
274692
451296
357773
117821
245447
240487
188963
387267
140895
186703
260379
211912
283916
323603
337147
211651
314264
434513
175130
318633
433792
275532
430050
281493
289874
202076
288646
288796
412443
442437
247832
308106
137470
392008
281327
269132
102959
323500
415457
241353
388966
442228
211728
132472
148587
243820
106437
381487
189915
249850
113450
284621
205794
289468
432570
148133
455206
378579
330764
341694
360650
195798
249055
291976
126134
162976
149821
367430
153143
197195
440077
259907
292965
164989
282600
327655
428343
128897
169285
142897
402828
221503
435160
192428
261259
181250
146043
274082
173336
339045
186354
220888
336866
453787
201124
182112
374717
113125
208469
341776
190234
428660
199296
340517
182163
139797
373730
347085
391430
113328
327211
278270
119298
169437
227105
256595
387318
217515
199297
436316
308671
145421
350209
397521
237313
414817
316259
437855
139194
419761
171957
360198
336051
384252
455618
273733
193640
397424
246865
123569
382993
243595
134569
438499
386781
101430
101484
444023
321324
281771
214864
415647
108524
436293
423389
428289
181180
200980
130957
205442
289441
152778
400353
243444
347704
272125
269258
209861
293772
360168
394591
231441
341048
229626
211578
378686
252987
398002
105714
135471
358019
390640
337026
266894
264346
398300
188318
257870
381012
282269
429723
218533
333351
357401
363393
182723
366610
238737
101983
209698
427339
228368
447383
125617
231650
332357
121173
187349
236776
387515
172365
131589
138017
187084
345777
139855
450646
303242
329729
110788
394493
171770
385170
106036
104251
223757
349211
286109
249336
127525
371865
283744
439905
153955
164913
315215
272595
241607
284887
131225
200179
267609
172915
133542
226577
449596
336993
170365
283879
234299
391260
420401
266639
451001
343789
334451
145132
416397
121878
190209
131736
113637
396097
437620
340064
140785
308438
344177
319324
187940
338907
193014
189504
286860
177153
143931
411981
318923
382252
258868
129841
357837
367542
237943
414961
153717
306115
361419
423951
394945
134900
119358
368219
233742
334024
221473
190011
296080
427272
116599
130975
205933
180138
157659
187321
390852
397644
357688
379243
454949
372653
276866
277537
245512
105361
182672
421229
277136
384349
259546
100435
281883
112915
230491
230650
237757
204600
221103
423772
150362
389390
218905
185077
292051
248809
366050
172185
274563
327389
195797
109225
389583
152284
273362
194834
102235
304837
179133
431721
384079
140537
186137
151059
312246
393357
256528
394675
162797
288964
249884
271204
389233
123093
370374
407568
366357
380479
405920
428750
318350
277157
152322
227164
296200
361500
299902
120458
364912
449252
441454
229120
209312
360325
226663
443093
177578
439189
120787
363927
392037
397262
107592
308901
234341
276784
198591
283902
406196
183126
379231
380603
258752
431510
141224
135291
109865
349746
303444
233536
225186
372093
365729
153447
284532
114967
118250
150885
379399
208032
394987
408340
347636
296976
254119
158493
346464
390304
172313
230659
398697
448073
341847
140461
442252
101222
143315
337662
116050
315441
374453
356338
433582
174704
437205
240513
453920
328339
404167
215051
100808
104910
432096
405329
443288
145471
182319
224059
316560
166557
257680
163693
370034
261072
169419
335823
439493
177778
168337
391840
351323
149074
146371
181654
354171
441882
232639
156591
251741
360085
425569
341528
193934
203842
201276
323526
326414
372357
108650
396080
423667
187614
416965
317727
232801
321327
216643
256816
260698
106431
390596
288807
172118
241789
203277
186311
187488
359868
215776
340898
332036
308951
206162
368231
399993
152450
262973
211748
293533
348440
315314
158196
407440
363923
139913
326858
249193
253267
161039
286493
184887
118667
285064
205179
279398
108179
234896
190653
407912
445546
119480
254011
333587
359919
106432
300966
443785
435389
104041
443857
344281
135815
315692
243633
399367
327439
243311
238725
343461
243185
365324
155427
295061
327922
387876
199607
254054
288476
231560
344641
201576
144597
443717
321282
409952
237405
157172
127747
106213
351276
342810
172235
356275
376621
311339
246195
444073
225683
120505
208964
166074
297893
200389
287537
225506
357910
166864
438767
239389
440753
144347
280017
210395
113556
190049
158308
103593
108137
143949
314445
140487
169033
154944
422773
176115
224881
375849
276893
426865
320212
157340
384682
158853
275494
148161
300148
325198
218013
280496
153592
250600
388411
134420
433948
370580
270385
265903
149275
183894
310532
236099
386207
452510
130450
397276
253140
446368
412625
355306
300101
341718
198932
442373
197750
363434
324970
174657
328283
337787
414394
372512
376145
139605
394922
246920
378767
119933
370576
244101
431187
362018
434305
255091
140678
219879
336523
154288
339961
350769
126475
404089
263483
258359
403952
202205
360825
369402
244311
186795
448065
105921
258746
177859
215437
271613
313491
274756
173075
388135
437989
128453
268556
186451
377446
104489
335839
245701
204595
430972
393661
448296
339375
129847
190182
147877
302170
297884
321630
186051
204072
327029
419326
158548
366454
206170
106482
202341
454785
342731
382674
268063
317841
380411
177723
145274
105910
409326
440556
319834
299439
224035
328374
105115
411149
176364
349811
189461
270706
218304
131133
446333
111129
175859
322631
109694
435038
300924
456176
382959
285084
195568
105683
452031
419389
148513
416008
159455
365535
203925
426108
109900
246034
341711
361026
398108
179814
325704
337624
241302
301050
157254
405968
246378
184279
175466
354692
386784
128186
451943
373244
128643
307325
181652
391479
352137
250192
198339
204806
183075
416943
201888
196073
143010
167764
115411
391894
375954
107157
376234
152252
167925
331183
268669
199473
189274
285829
127954
314341
168565
188025
192155
277850
378513
329872
190440
143673
163203
181357
218338
221560
441710
116669
154273
336325
326313
208439
175954
408633
368651
440575
139474
197289
258480
407084
111583
313163
126588
334918
205385
146782
379699
442082
379791
258494
119055
245017
416530
108532
254574
425582
330198
178813
407670
401277
266946
441702
209662
315612
117783
123318
376680
295929
393687
221810
198158
407188
456100
255190
200824
135250
375042
388017
240727
112849
258149
212021
414637
350145
149683
186283
271612
108603
227098
177997
413715
120532
264064
318361
377747
370741
395120
225515
317174
216849
128188
451989
165512
451660
297766
396025
220677
455317
180704
102848
129967
407408
197905
291600
399377
183251
356543
250487
414027
307576
239635
135708
331318
137975
277276
309043
389354
376556
135062
332232
428869
174870
129564
163733
415559
161831
235936
192341
391460
361272
427393
163696
142524
276064
244231
311354
278467
271477
367923
187350
301786
195058
141720
411113
264915
285840
127307
288949
322548
120901
355596
179782
436101
111819
410490
238848
197778
242061
279965
339133
239450
139133
353700
261841
375621
110962
208458
265025
229872
150144
201274
189813
150893
240730
338614
177118
326757
397670
372919
136284
411297
415025
371407
388304
282245
284659
377989
379543
296137
133809
383638
182086
127369
178513
208173
420441
303876
128881
156012
253188
415145
184479
309523
123230
341947
383497
212647
292681
199958
230583
192137
349206
286414
185818
166254
165211
162463
100397
390033
140663
357659
401853
220802
358132
154448
426896
306958
173086
179214
107489
299263
168838
258596
296278
440361
263501
395122
387683
221096
132514
305553
453213
447256
448783
347632
267821
233042
266597
131437
363485
230993
420677
113589
193617
439677
226375
370101
286823
119035
434652
408133
398959
377263
385807
347695
411056
409238
390010
225344
449648
203059
104249
306038
127763
197349
342734
208599
306636
221102
450688
160477
404409
162675
434347
130918
398971
219921
332633
202458
316955
410792
408943
246156
262678
129109
374248
268949
442035
205586
326499
332374
379700
430185
106994
171008
170510
263038
160030
372054
290020
373955
204557
348561
283527
186715
340072
437828
242199
408687
359063
308113
397488
409402
360613
302592
259612
160851
326952
343353
215415
453833
227792
317492
431362
100690
165493
153944
104475
424990
205006
179911
180330
161702
413874
232958
226094
454982
125872
430873
178708
104347
287690
423059
365586
173979
248033
292404
339773
101982
118196
249375
388976
135676
122295
350702
394442
427350
214112
450571
423072
323873
125076
281030
346388
376175
141822
206975
154988
168101
430561
383373
312308
383635
357984
150805
397395
430296
444243
320860
251596
257412
308361
445704
435113
218419
171816
198495
339553
306298
347495
143318
158993
158559
441117
140794
417772
215330
307513
290283
235971
205759
150456
303049
314971
371990
209161
294484
280139
357427
290267
279910
400583
234482
146337
362095
378084
123050
302788
348215
311836
417526
228050
328739
227804
446122
203644
340585
326692
263267
296412
100601
270953
308563
348457
388282
117384
361412
347653
412819
106429
185601
400071
296746
343947
374415
411824
340565
430310
416595
223895
223632
171910
236080
351449
184889
393825
319591
148366
309262
417088
134759
149518
337133
148651
192302
433852
212068
170469
303041
427281
291759
253329
166123
343677
331838
200356
382217
350322
159169
261352
209408
319614
256571
377535
132226
441166
228690
168898
138185
288426
205721
145653
344461
454812
336432
359684
157602
247564
426319
189611
249965
338430
374645
142147
207090
207317
373183
341021
160130
344181
315897
389370
171481
366072
199789
208184
243179
172438
231901
160317
394938
416374
195385
331014
287598
195387
150942
157710
294629
130706
135405
423548
308867
267701
130781
352328
263931
263824
154932
327259
133621
368327
279738
189413
305760
102228
201439
373097
407496
293635
321614
296219
166942
435180
271622
389260
445158
227781
218588
193829
324344
430321
315203
148852
380207
105874
154045
330443
282626
416587
164443
191819
417490
112389
263219
254504
361945
434077
354247
139919
399900
418661
270145
345135
343131
247355
192895
141885
235609
180171
141044
209785
322978
456147
398403
268277
174799
432548
242218
151788
284762
174166
316006
289034
369129
314094
426853
286771
392677
283664
120239
415964
175644
416221
293129
102489
398632
163295
137957
135944
247120
151236
245557
165011
381331
218661
153872
160573
382261
389430
391485
274591
365485
417508
123557
367288
390367
441132
190839
117238
350844
429393
214235
115526
424170
213823
221285
301687
335114
228073
390529
354400
348424
127003
316034
206663
118206
340539
242578
184833
104989
438461
104116
326108
375540
212141
386231
440598
289584
186669
316203
314028
203666
340436
447164
264047
290186
189126
390804
164623
147194
247769
204100
332987
345668
265735
378088
415826
183474
296492
359880
454848
365512
402143
194849
281718
162973
455569
452915
282116
357538
169856
343766
295577
432846
208291
300039
311798
383662
151979
387532
127524
440458
393080
355923
194529
269921
241072
199906
312811
405636
185445
261393
308545
368750
194324
334152
363625
205132
397351
425308
105904
112477
184136
375031
306645
408324
403994
433621
127724
131646
414312
409119
133646
268330
233487
339225
234768
303822
205036
330887
172171
303773
421891
384813
397503
171088
331251
193497
330516
291443
219054
344291
327402
236621
307084
275716
169488
272054
222864
362461
229834
292857
368768
257435
263107
403418
211759
135616
299164
194131
396543
401704
297151
391128
291410
128714
281889
450864
376382
320473
158745
257370
235781
111001
214806
124198
252629
407490
297145
153489
378186
268115
127445
411202
224755
278213
325894
153837
423119
230784
160221
299676
337732
223274
182231
439068
307583
357555
146962
167903
389060
415846
299118
192260
414247
226431
366970
364386
405604
220065
228235
204089
348618
378445
347984
214860
445311
376819
156164
156369
188966
132678
164397
425256
436798
209261
247817
245894
216669
375320
434650
325633
301802
188237
413285
294727
220473
365436
340694
164943
396185
433737
187581
201835
174470
304783
251486
141441
293853
116411
405289
287234
411531
261212
373487
302714
369959
251113
135794
434432
269133
122843
144049
111878
321726
184952
122525
183727
346961
435993
433200
375801
249353
154642
325955
282637
402431
309239
233801
326348
188112
422158
162096
235629
143871
167635
101046
446187
130972
322365
259524
200792
170348
341998
146248
209719
395451
145900
299646
301928
314772
428909
107512
391964
107746
137459
216169
427346
261027
268134
445860
338079
438417
334147
384506
363390
149990
163641
115766
126019
287188
114891
262387
319720
436077
449712
356907
331445
399082
307965
275835
178232
161778
178685
359287
377002
179754
187974
294521
369605
151732
425839
420229
388853
216021
386053
285845
312422
222384
101360
388807
210912
235502
328785
342398
392153
389670
451695
152902
406882
239536
304145
114561
309575
274429
423316
129567
230953
400908
130006
115699
387693
102722
328176
126345
121705
326144
262978
338835
364951
372111
102517
201857
174847
382008
376864
222293
402392
132689
431523
107644
391828
330451
131345
312530
282718
152899
401418
328093
424658
304841
149121
125816
360702
431330
310886
276308
236992
413158
322166
233996
410608
287687
279611
149356
198582
230407
364126
215514
224894
452852
373954
103543
214649
138696
146913
300067
115505
302328
227273
205967
425234
186409
121807
103750
267099
145232
367741
422744
210336
272736
248042
211280
187619
289436
251854
183300
429340
444399
112481
224425
325447
295308
160519
418333
427294
427481
150863
220864
431407
275732
429349
216106
236596
137766
385945
300577
436084
152583
447216
243749
426831
233663
225752
191245
229604
395675
258228
255222
302796
383421
438451
274267
231419
200741
299479
286203
429350
395151
330023
401370
372302
176618
147041
268432
446037
453120
138242
156039
209160
388387
121871
299991
349636
285363
213324
124190
113567
341011
431828
213950
437598
319571
301116
102559
253120
377575
199612
340382
191439
260921
156785
408532
448709
127655
146067
434636
373368
203820
166719
429660
259914
368453
147536
180154
140414
191527
299990
321943
158023
195514
411097
275113
328820
308061
148881
340389
409810
290999
235659
451870
317755
283049
417280
255555
450679
347654
222029
221337
335221
242085
341599
109967
238774
163947
297784
139614
178447
178897
296223
155548
320385
313904
384188
174106
156602
349998
165282
235485
114722
257976
321586
443906
127391
168873
360646
264408
135376
337291
330503
280863
139696
408234
378459
368510
143245
220712
285943
208916
300923
257245
195619
329711
360740
406837
257128
319830
383180
161002
176831
220561
250687
361227
293478
214254
389139
222997
326611
179001
366372
125273
151794
286861
391739
203440
233500
275240
357719
241948
268518
190038
323392
113049
311042
323003
311926
393850
415884
220857
212445
146625
209552
399771
414234
209842
370982
373378
343870
206256
242456
194885
334965
430943
333288
376669
163885
211856
239271
445024
351438
287800
372668
118487
411686
293766
196982
419186
261214
106838
358081
349897
156076
183031
210037
171106
339737
338302
152338
163919
194723
306034
302576
265720
239107
341036
303287
444593
432764
284883
153003
290629
283949
167218
306555
194838
440474
122805
354785
421148
230601
405386
137273
288247
374728
289006
316352
340381
147064
109418
345943
103321
139318
442176
227580
192689
441486
355526
353871
305491
245583
189092
440789
116430
159839
154908
102809
106707
435327
376581
102117
428450
134723
320097
392681
148457
180915
313427
185701
415629
173981
256550
381808
299378
197748
322755
228498
236200
447770
169096
236300
174086
177518
175728
353885
157161
379230
353212
286659
158525
127551
395645
100896
199880
145057
291330
122755
351944
356357
286730
161490
439885
286744
307139
111915
400461
264801
122466
184445
119684
183287
301672
279637
101153
395034
355370
435583
406648
396095
389605
110818
330815
431380
404820
157719
226174
385980
121748
149721
245412
109916
287671
100541
245597
433422
453621
150236
208475
288019
306790
258936
382071
421450
307391
427354
173879
308996
347155
348405
434970
388634
203765
214132
411919
315544
215232
356758
216701
146508
119136
380623
337219
302210
180645
222969
151671
278852
455072
297848
426374
121907
378370
132335
371994
173997
313009
254276
355627
452075
174014
364580
434433
185434
125006
339759
230890
392620
451765
184628
324065
395825
116834
199118
212539
287176
407171
201396
251098
304880
409742
340673
411632
424621
270193
397467
111784
210550
436405
137982
130238
283337
393393
428160
167617
198347
414282
434092
113904
208540
200583
418922
216229
406359
280533
435362
452303
424975
228953
396535
218422
418870
310819
300038
118663
407794
270950
198389
426165
337991
198140
317540
418927
146361
307878
380061
305105
429008
396482
386846
316691
244369
433402
323593
274454
406594
286660
377340
387063
346930
382371
147819
273975
349381
410343
325989
113478
375522
229222
378889
292012
163878
355062
387894
141325
188066
196547
404971
327658
308374
303747
379327
392750
315469
112540
262344
135695
198993
254049
183815
438398
335693
204775
156518
190350
416993
214402
316151
319479
393470
248072
127210
421425
365933
212769
223599
215669
145762
371422
201426
303341
256576
296629
208130
291260
117091
108356
200877
109153
228523
407601
201511
300591
320367
191741
427429
116943
214766
333614
388778
112860
367039
216321
180840
199819
230051
283054
322255
178193
425261
255124
362503
121889
237941
336508
219008
211886
157898
181304
203473
263916
421183
118100
384182
450909
221354
144924
336789
366943
246100
192621
171492
222131
138729
396281
190113
308710
216613
382377
203487
103555
381292
354325
304423
294895
239846
365303
231354
268678
283832
443521
214327
383136
409295
237738
410310
283260
422915
349627
222495
101076
173907
223323
412446
255105
118298
129940
359303
283841
244497
289552
266583
283172
147951
438907
108502
167417
184229
419118
448651
144279
448679
149960
267574
350761
376601
372389
317213
305250
144141
131449
453552
375408
125243
401298
439842
257303
153288
350704
353764
236154
131849
420432
403925
314955
389935
112893
430324
360495
254442
155571
402586
292956
318148
317868
244721
317598
351705
434746
310337
125081
213400
295660
419314
405248
282733
377338
445209
125070
362683
203092
350611
286123
312477
166290
412212
423682
342016
386261
267789
278570
140643
371030
442120
337770
455919
196599
413133
262709
235776
428667
376405
377466
413358
347012
340749
276933
178900
144929
325109
158875
125474
370402
124415
137244
142496
402353
330003
410623
444647
217721
115104
370479
366027
278312
170166
294012
158029
268643
256047
326134
389303
310178
449715
204700
351972
356119
116567
176106
400590
409370
182302
224957
271529
400168
173914
324337
304416
337073
269150
305632
199039
326676
196262
443642
149838
333637
121710
354719
276427
110225
150496
181683
151923
352789
156541
321201
158070
169268
423575
322720
371762
135313
326954
178546
124298
198147
201102
166885
235371
284392
328073
412825
324098
233218
410739
346570
292912
428150
113113
424162
204723
110485
113860
293285
232502
394899
242604
276220
294123
120286
385039
121047
268156
164605
450365
192842
328391
326730
113060
223366
398320
198838
447501
225215
292579
400718
373519
322072
446190
284607
404793
293486
161747
238891
170496
201930
408914
391777
436929
321232
321890
451573
442939
355641
250496
127437
233771
257637
301527
389455
453305
429504
135729
333511
335135
305457
115113
378665
249815
369222
247457
179252
371756
436047
353521
433001
362735
329814
371386
397981
121342
395056
438236
380520
429325
254561
190961
165526
177894
380241
155702
350936
252315
224821
187393
436625
121894
308539
120147
150134
413331
137831
234483
244492
164984
239915
339036
381043
236740
428334
271517
235541
375258
289612
281283
151034
305273
352941
306435
322866
357272
138266
330590
451984
428070
351435
190622
272584
447688
420076
334268
105261
355834
388359
305394
216630
194253
262397
446640
327049
373295
318457
363488
451683
434113
257092
112952
359762
428593
354988
382981
190636
429228
331890
322554
367393
205005
231272
225708
234324
455603
340251
294677
428957
322387
200783
360096
191234
164265
288751
159331
449754
179891
358849
228109
344878
236257
368735
399553
448775
229321
287906
234569
429796
319804
450473
163794
120322
101830
446394
429106
433656
283963
113359
454666
428762
358159
368769
444665
305441
257726
436842
110741
319536
252841
262536
397449
404264
146532
167221
293484
275053
119764
292318
208638
265904
290544
434989
124015
245805
119411
254649
239994
186212
298112
188797
238468
289899
268991
149109
259437
340148
375796
280584
406587
233402
360493
227682
449201
140273
302307
350418
103801
253764
127995
222504
152041
309538
131378
327358
124410
280136
239837
402700
207450
229892
204462
426791
370550
390742
288714
233803
136980
244757
254922
427476
249001
388711
329506
403894
164407
427427
360044
156993
127822
421221
304948
212114
181027
208739
210034
395232
322094
380790
296970
324198
126665
289902
205854
240982
267861
452629
205781
410873
298543
351114
252998
316537
415277
454022
353643
137887
144378
388229
444762
214993
447508
136836
153786
207816
178951
370942
197742
119408
375885
168371
366584
178210
224544
139594
102557
332032
340874
414445
269831
225022
412018
406631
166339
241974
173627
228702
453946
414005
263115
166604
331419
147521
266860
447829
375179
341982
296109
185199
148352
258650
113726
226063
139103
139548
318846
371461
136469
188976
361965
268588
292353
304963
441816
272437
202094
313581
417754
161809
426724
390028
392487
157400
417017
134077
225006
187943
346401
321624
289722
224850
382201
174402
366738
242098
167254
251792
233366
413309
167309
290673
334406
324991
211414
350413
275391
374100
114568
226445
289607
429166
217645
168832
443795
249750
149383
430320
350793
111111
341200
267909
114441
277430
407032
336305
155433
287880
189375
243227
127963
178791
233875
428916
273549
111160
153169
343073
204053
435420
331874
101929
409971
120542
371046
231479
138495
434827
116205
381828
131309
284192
303810
236208
250689
113184
268010
262497
443923
367213
112026
286358
180149
140891
223533
111668
113641
250760
326312
305577
274486
212005
311878
369635
150049
276387
347317
219814
324506
205292
316936
447959
185346
428625
447910
243194
321878
300724
130629
152694
241579
401618
268431
411419
164491
367886
233809
406687
190099
315195
170110
156808
217678
160514
293292
200805
449276
330909
183570
131071
303176
140189
251030
372913
138194
322916
241459
355069
429949
328786
124090
412104
275632
250121
123631
370334
441021
240816
112523
191202
227130
137943
211942
119897
259301
364542
377591
361053
358625
259989
308959
329795
200001
394677
354567
225263
390338
374811
347158
375848
250309
441538
150787
373527
358883
204397
455788
101855
221949
218822
272392
451608
273815
316818
110211
179957
307854
434764
174878
395782
308015
283530
114868
293918
397158
424699
399512
336070
181771
225599
279099
270213
370665
113778
374675
304119
266263
149087
109567
122457
391708
349309
144694
166539
220087
210479
181920
258209
110099
289736
363614
193936
285663
298731
410062
292344
274260
233916
222151
247413
398855
165542
455473
454107
188484
282462
394896
355926
217268
389736
240751
194824
271115
307370
142891
286394
231929
397048
453077
403545
142098
428341
212843
162043
418846
410640
269238
288774
355433
372720
171574
193905
424931
172087
419997
233231
255984
447350
250543
173559
276092
125161
341730
243028
423131
387913
216102
134228
433469
170463
107019
423360
172404
397531
251767
306304
389681
416705
284604
358141
362846
337297
203687
448478
146977
190506
174344
130243
170805
326368
341908
375309
270696
130976
150991
292063
225567
240633
331766
192213
425303
404237
329272
259462
200958
360876
129588
216611
279603
370236
166173
226219
292413
182138
175570
325399
138005
132542
217879
283681
131924
174170
424282
423576
424060
244071
361283
226237
188517
309291
359850
214214
393044
454356
160110
174672
266397
395574
292635
392996
395289
236554
273737
102574
449343
260629
115011
379572
270804
102074
354131
183639
427582
126493
273743
221068
374750
170478
253380
414761
145571
272831
260331
147617
242838
138059
377169
238742
340707
171104
352588
178051
448161
220442
125799
208489
158899
340287
249423
183324
383328
194049
383907
411367
254380
143563
280589
175940
145235
373228
152718
150857
260878
135660
425100
289595
429997
115045
133112
395656
450916
313928
334015
218932
309174
264778
170830
199974
414744
312272
267664
371911
412187
119355
305664
121530
148446
302015
271848
339801
363774
331553
387205
166637
429990
382475
228202
327961
191355
366869
447863
334236
172298
351729
148974
235701
247148
126200
265563
316730
166276
156671
443543
176054
131841
454956
200678
210451
426313
254610
396384
432685
247664
134902
198392
151995
359901
116065
143630
164614
146563
260816
130324
360819
404273
193016
273666
388883
438340
204549
249765
316375
311137
301764
398831
164659
119904
219874
336180
209400
292112
176195
129085
454712
229910
334462
132239
263704
369277
336566
287086
378318
136516
420840
345074
391674
219655
429030
408451
111920
116255
256594
419858
199986
416771
449169
331280
347496
440114
209184
172107
237204
262071
391470
212852
113498
278917
350470
108382
131517
180928
194873
263777
256180
382828
108077
141318
277036
110476
440325
408023
418118
409882
430880
333973
192850
186671
214614
346650
234616
248080
329680
409933
296372
243067
347507
369694
443017
138347
363250
342090
207013
205467
450578
122473
281149
113254
419203
119073
304727
345629
416440
292658
434632
294407
157780
310149
162091
235263
150147
317170
205499
382048
430138
216979
255680
117861
313826
381920
403121
419214
121746
258996
436770
428969
454866
338637
283355
261224
319098
202909
429762
387135
123024
220801
287581
392758
162362
201921
202394
193856
280239
378920
125994
151727
376570
374497
312161
422097
256964
416592
197504
120497
207287
116722
129186
178478
158907
265318
451842
207396
445883
350478
167899
392955
362411
441199
382347
274528
221002
254014
142048
184303
149874
107100
214285
128775
186720
174834
337636
192665
327469
225731
420130
101829
419079
279651
189446
128803
327166
203209
101569
420452
417153
342440
351433
368997
273763
122831
441930
136221
338995
304468
318493
350996
271097
356798
278774
112969
331099
306786
122534
159173
304819
289140
184076
206946
118839
409679
439003
452001
315939
151579
352293
131728
401578
297674
243887
342904
323265
119662
170485
373733
442793
336834
241619
413945
104407
271968
111766
448994
206261
170530
189802
126181
413438
423331
430478
282237
278763
209525
288392
112962
222647
214372
308194
334810
175299
332847
285175
112840
191872
249123
426841
323686
307191
146715
213215
408725
418183
185033
420966
143298
374302
416933
406849
363925
261330
447637
261158
228358
105263
155380
334591
346999
134602
410229
370954
260396
399965
201902
314521
239836
205531
204893
158056
443846
247796
135103
410610
174238
297058
253916
238861
117039
352276
120442
404109
212273
167290
436173
228743
381665
224229
255468
448099
182663
282524
406119
215926
447120
327668
226644
130194
295540
225067
220109
354794
285884
251402
238809
346439
283998
328953
181603
246144
179573
184700
135537
258718
332588
295890
395898
294576
378143
271133
136721
270985
224536
166674
137903
397269
337941
431424
250727
336270
278789
125773
453364
167587
413453
182287
225081
216918
415228
150290
114714
455856
320279
322828
236991
301143
295117
450067
398964
239870
283122
210668
399336
298466
201973
108008
273813
202481
339458
179623
246404
340597
301223
286224
326282
309996
131110
367734
141195
434992
398382
431265
216822
164870
185805
139385
201186
248247
449656
387881
256547
262343
146668
444392
137589
451601
266460
442749
366579
280756
422261
154200
453782
199110
375034
240389
132320
318758
441367
311479
119926
420501
444671
415048
361046
207853
306763
255707
290848
