225706
408304
359857
293891
358868
216545
151893
262465
452323
297933
142324
304665
151177
273775
313743
265580
449655
124139
315530
223168
240332
329683
370290
229855
405046
256481
247188
413317
414724
389957
221965
184522
163938
201721
433364
347009
126477
127684
407786
203653
354246
234629
209750
454973
323304
310435
217914
218946
113817
144532
261341
370166
336649
128045
276384
434145
302748
276335
316905
248386
120515
161842
168812
175276
438823
134722
232594
312978
292982
253926
391987
342551
235731
400381
281071
401170
321266
108447
259907
235578
236409
389858
285324
259367
125906
348856
380943
424188
179209
368684
198168
266031
254053
164543
202083
116347
217523
204145
255700
216757
286291
365927
282894
354585
317370
374761
288358
301556
104589
453487
246439
206106
279358
124077
214795
173445
242347
368157
298943
167417
265302
134706
211403
155365
424776
142831
123733
149446
265082
313554
388467
139945
138630
245209
344791
350993
206538
376333
338629
215075
381053
149994
330340
103217
448658
200035
163993
313164
249981
317624
166465
167154
125812
104973
192689
133927
282700
279818
302130
102938
169705
285330
269753
224531
367687
409376
277738
254099
145690
368912
276023
439052
183559
407428
368227
184301
355698
346427
310450
201840
243316
391525
305176
421857
329857
390123
133625
343098
156987
246895
357040
171856
199132
448718
259115
318872
129496
306149
141121
192516
224042
200310
132823
207870
219844
385820
271715
343489
368682
105286
374944
265332
102893
364388
222388
162323
180151
231170
214392
349064
340433
447966
432270
154592
327946
318215
396190
439246
246553
130503
110172
110295
126534
189423
182172
146550
410231
421618
281850
264008
416118
141766
332158
126704
251365
259292
140538
426277
181751
154560
327690
113237
110867
430362
437361
333851
189824
389119
290824
347131
238491
123406
123060
181232
359195
397390
322866
446020
344796
127091
425514
243169
397070
337354
344993
119026
455937
430373
378853
386755
175415
267694
137283
143201
231232
248704
432207
271524
229933
217047
382881
389123
258572
187458
452761
282274
232774
367503
131334
313664
420726
294544
137734
157175
249354
197019
110715
130810
168835
308113
245098
415025
232840
189584
181784
380698
166809
191572
128202
138941
225292
222541
224564
221972
274309
215821
133521
274179
303542
204979
368556
184478
429868
452629
183796
200292
435950
146465
418888
290327
120901
194917
375020
365103
210797
247065
144801
425241
151401
299522
400098
233425
334583
443977
408217
447725
241219
178875
196176
418649
127509
154708
157929
416859
400029
395541
231328
141214
422691
429205
212202
204592
206676
233283
369508
267497
361818
112475
277408
301564
335576
416504
174667
115890
367464
408551
435481
276410
175092
190567
221843
447041
365813
117301
229360
204401
372555
221473
245434
316603
421724
380307
321201
248899
431735
125345
398405
297222
304693
171225
190622
406161
145159
416412
339444
270452
408102
139671
253305
176317
429123
421213
430543
404502
391868
146660
411788
323503
289582
251888
411147
318745
373266
443591
320296
143659
225186
164214
333730
327625
425669
354518
408224
120057
185862
339109
397698
142373
311317
243883
450557
201923
442011
232307
383876
103222
157303
108221
224834
335837
192191
170569
418721
104863
346140
215220
252908
142413
170725
396684
250266
104015
431647
389693
101573
226016
110838
227792
365715
136780
396755
244948
370480
449238
240582
204229
103166
385097
435855
211328
397523
351011
115584
161020
138388
331643
378177
161192
356310
245916
327288
261339
143372
388495
396011
119750
188278
210738
443176
423619
357953
257684
432056
199451
210818
143426
439044
249700
223304
244209
281975
204248
133281
138931
214276
194884
126405
283031
456038
446814
258953
402239
158156
365812
242597
116570
303703
242774
237461
225467
227661
311456
124833
135624
202875
456053
255722
352993
390543
178696
288509
129149
416221
283172
319204
424540
362031
231466
272069
283907
242819
170185
277084
213284
374574
266706
270289
220599
348838
243429
387716
416182
197660
312911
328004
240273
110589
205419
416110
383023
185159
110464
392072
356516
101896
239492
214849
311762
285899
174338
235475
103245
158204
231717
205767
376883
251548
337544
354968
302731
340207
420404
146475
135702
218935
314462
437136
163990
141379
212708
103719
290040
305873
130465
355427
362473
119307
423642
106048
225696
337434
275852
449787
139114
418710
194206
376026
185907
139156
318431
378769
450852
201915
204845
252413
262669
441694
314540
113632
122825
239916
175643
449327
212043
279869
296106
108984
230313
232577
285558
230660
196620
152056
214822
235465
140447
275589
196155
144492
111426
127167
328927
296608
153684
187492
385934
289549
138633
224062
263878
298224
415141
271916
145095
153361
249730
263902
241842
336145
111188
150788
280041
441955
248783
248952
368914
331714
428029
305609
275039
169221
146085
144126
378552
287256
205422
368710
243078
363977
206053
330689
445902
205333
398717
392969
447186
195202
278143
137566
177484
151816
226305
450112
155419
398213
150260
151977
362425
229408
356349
294654
158358
298472
414901
438131
199220
201912
154317
329233
203232
349462
320450
101013
290558
333413
220274
274707
372897
143057
252178
107678
136005
427230
161826
273400
146828
137155
446965
448348
277164
375717
349354
357207
336320
143915
347202
119668
355430
236090
194690
330230
135860
445158
131182
212093
243357
307626
308392
445651
145236
304632
154051
411766
342328
425126
352022
312386
134607
439821
121976
197391
243772
127359
395228
333660
124982
116714
104577
358017
152189
418288
262268
386911
152118
292398
262991
289824
288610
184168
208692
388626
212756
115525
324132
394114
221196
151772
395482
422474
298511
314191
412783
279824
230761
282409
225099
368917
260811
359715
361688
268259
284321
204078
105527
205250
336718
113367
130650
358222
435715
276885
436158
132252
290875
313529
429233
173200
310199
243486
116769
338388
264804
234313
403908
415795
425316
413289
371404
220518
272017
226017
288220
274340
332933
160943
317229
172952
342508
432144
259294
124568
160560
454190
176633
283423
235667
197385
174755
156665
313549
383834
402936
371589
155867
342876
175717
336203
256510
193330
192266
342114
171562
379640
169542
210153
216404
127637
203931
365572
334988
293289
364557
166956
420904
350930
328725
286478
166735
146845
195513
180750
348425
455317
326930
357049
206231
340152
177655
425580
337493
101239
222622
199769
210442
296375
360195
329845
427707
259666
194489
400139
214020
236338
316886
185996
300682
360902
271609
444299
293133
321456
151205
210435
248498
136652
202276
125931
259472
244454
256623
236310
248796
260445
163466
388004
201063
233025
410080
388378
382869
454320
401981
372240
190165
360357
373525
350611
376383
437347
406357
148822
190011
186618
228267
220301
126350
201613
165873
368915
164394
143704
181328
382176
287338
368409
126605
433265
426931
314088
142677
429819
339066
121565
429686
227079
103681
340434
138887
217951
207861
404710
343586
388541
172185
153607
234392
154414
386323
178389
368474
143689
361168
388638
256942
283723
246391
403068
280780
242027
418064
339012
287540
234712
454086
239280
121511
279340
342013
423028
102297
109641
351835
183329
390012
314057
264166
147123
157568
362234
413372
292190
196661
420049
364083
323414
307516
223355
110327
330823
144733
216235
345456
338918
356103
416927
109077
165163
153158
338721
278231
236883
378662
314456
103189
341657
251585
394555
418254
167483
183870
430494
369687
178124
382955
144931
356126
296410
281236
224744
398531
146672
249983
212111
191017
216883
312759
381378
180605
230753
433834
449567
331973
219210
407996
429888
179002
373090
407529
118833
359919
174642
249679
208630
341981
148391
396961
319218
133304
446351
340136
203824
122270
111075
263451
284534
301171
229895
346097
296368
159536
250906
139066
411338
114810
356197
428248
180548
103140
187311
378929
152990
295735
251456
455896
379835
185525
157477
136324
413855
331403
448904
398620
323274
111138
116595
232589
120363
382308
131186
303640
205316
117254
170131
272729
384446
307518
221756
192699
349042
345380
129390
190086
165249
382501
184178
225729
335578
363378
265692
448863
391611
258212
286284
251734
175421
445171
147778
235861
162665
414523
228167
442141
130219
320309
375655
197599
363055
447885
314037
375643
159330
209405
118559
407769
199733
108198
374873
137893
243846
416601
130646
129364
353230
109914
424434
335285
364459
204819
108111
136271
339085
226376
234390
216491
398549
243490
101052
138636
253036
163623
425599
277402
175218
348924
255168
345725
190130
195872
213147
115876
265003
352321
168545
146493
413106
181134
361844
257683
186051
216506
128449
229440
258921
348284
373980
454820
430159
187688
173958
308358
200920
160686
419962
214226
435522
142788
242701
373200
133820
394035
158092
278135
103414
428075
289954
166354
382982
193163
117986
344976
231816
210448
314764
118099
176977
450020
136621
367156
108400
354094
402623
157897
343573
113892
395613
284852
420325
118844
222924
390178
190797
232352
408745
162091
330774
353357
300987
263655
401272
261775
157295
373679
296819
405170
310264
322822
381208
280728
175852
132954
127894
393612
165285
339278
118959
263491
145081
200109
120261
362133
256832
115637
106992
450829
377359
168103
423472
318836
356878
165038
359423
376822
196542
124765
238726
393801
364275
227381
320406
104908
280333
403469
422178
246713
451909
189829
226157
372961
252973
431671
106908
145611
195196
273071
267626
252086
184620
125577
217140
216875
411149
231855
173775
268042
359193
324463
269103
245102
214339
306387
310377
217545
395871
149953
255071
396748
196380
298809
356359
397499
338369
283819
417036
299580
194179
225769
354026
165506
316299
332499
142019
370131
306358
133859
420518
453126
329322
447283
260935
228575
294680
385226
232830
311448
405420
217066
233337
226673
168099
435692
308783
309575
165319
224201
455781
404785
383512
422726
448956
363025
315157
192447
121465
309542
314304
115859
130203
344745
448648
160645
229587
102539
130296
242462
167814
184437
306793
172753
247184
254231
303627
285054
112508
260523
195735
452631
280129
360044
413398
448921
187839
450502
138705
311292
178528
309284
422969
260612
344463
332193
309524
168904
223624
327353
169311
235624
424303
114495
192248
426613
290269
320240
417601
448655
136743
181391
140884
260327
365556
303333
433023
180384
257945
215541
343585
130897
213463
232770
186149
235600
297446
193061
385461
427310
280640
129856
171443
201037
453998
264948
233989
392101
271755
345022
177928
289326
416092
117438
232617
202598
255274
266166
353387
307349
324306
356751
109310
191467
322761
220925
214351
413029
400665
303983
287982
356047
236011
407099
300700
273783
320405
287078
332477
223026
114704
249980
307883
116117
372648
443946
422807
161236
203049
180676
181164
143210
333958
323774
379755
428417
247936
254690
198093
140169
228221
389137
380948
337763
413247
218402
330792
106420
315407
377540
276457
303187
138473
352130
369710
423275
133549
374767
341382
245750
303153
149359
353291
123390
133529
121894
347740
104614
301237
138989
307778
267281
180284
201455
407182
442784
453636
318941
411696
202579
220687
179159
275724
178650
142083
441631
170826
123568
208344
390134
153860
136437
282097
103623
346556
236111
348963
131805
114249
176120
282520
171257
110991
278801
160007
335932
217827
160238
371866
198492
408971
208005
246088
168364
388749
155134
259120
382688
235315
376574
190397
263790
369340
242666
342310
201788
440407
412209
357112
437661
246328
109420
258813
246063
261817
127574
290611
427375
285898
448558
239014
164046
332766
372447
300149
280461
352476
313206
184360
358014
424632
102911
170553
445269
378753
169577
373522
203393
194463
391395
355967
197800
259197
268846
436200
349005
203418
261685
232179
108832
445297
317662
201112
252945
423551
305226
178762
308400
223289
200314
100143
355012
419261
233029
215203
377542
425738
397933
188743
276598
159891
300884
269923
207311
211875
307336
201142
100361
168895
294659
360477
188083
331766
212003
216246
336458
154422
235033
269467
453384
179056
201570
300168
294619
162599
126376
434189
440194
412963
135646
320393
419460
401083
282617
319378
389429
276413
126989
330748
202903
276871
234080
224224
366276
302220
246684
429786
427351
277461
380482
128817
402046
431453
344719
102678
374588
265536
364287
132294
147592
436999
237695
181607
275645
362698
286381
296718
214244
386218
200431
367845
187016
181176
329218
285592
251589
168829
179015
371772
137239
298983
248044
414319
302995
429608
430417
155764
168557
440500
147176
428169
364652
280883
452395
219187
193312
253091
304366
136596
338485
160314
277204
439035
220945
364052
324994
143056
182628
300763
447334
194925
104163
132487
174258
202909
180290
343705
255110
304307
415586
411548
230157
336769
347603
144840
243743
147478
317519
323699
262694
162277
191294
160960
294808
426003
217321
345075
451149
253165
453536
386855
311919
178482
289884
434203
390306
274858
357053
175700
266180
407158
184212
392822
264534
198785
166519
317531
179844
394654
397358
360172
258217
430179
319146
181091
386661
192310
442657
218559
157616
193985
265089
241053
372482
106518
392354
264892
257962
311879
240580
240557
150480
312589
327769
169906
283460
274469
109805
388327
369252
205269
234041
116547
169031
324328
197703
173917
199672
132507
125527
228133
140134
225564
213605
345874
195109
369199
169747
103978
375066
343172
230822
363064
234535
189733
229814
188392
107202
192834
385676
287195
419388
255940
274120
409548
257841
406633
387914
335752
194440
330139
276670
342189
128665
366956
179414
430041
118323
412823
213433
165331
167665
454957
440453
237484
233778
189384
447245
189654
383799
187531
222147
453355
416718
200165
408732
229542
172118
192019
432109
432089
339210
371290
353517
175051
145614
382030
109868
427743
333719
429927
280237
352786
386801
257305
436633
375374
263448
308031
363564
253565
193581
153239
382564
200816
301841
455466
280377
256668
175898
260660
210224
311843
278565
306719
333225
204768
211274
198892
408535
305419
107135
390786
111574
138828
262745
311581
257170
254018
380395
304888
386007
105038
142782
246248
118169
206382
220059
374242
138656
121982
200803
121524
178002
168538
418571
381269
232528
456136
218128
335743
303830
433647
256243
380267
190746
350534
237616
138346
279405
377593
214123
242063
353489
339516
381513
384162
290771
204634
271179
264374
187733
101597
306617
178162
103242
124104
369023
394849
377407
369281
293269
304963
444684
138836
151178
101781
225411
282849
148523
336934
123461
354983
269398
168509
146894
180561
331042
446334
210617
123791
375305
146497
417713
346485
259273
106818
282365
454759
316927
381731
388335
352187
417788
338192
317823
227519
310271
178003
252160
154062
102036
400570
132758
141046
175289
198610
179381
283831
140758
292522
364517
168017
267268
388792
416521
216093
226036
147023
397833
261932
260376
116545
290825
139245
210496
276984
338234
320155
141111
327190
192733
238962
261766
202983
295689
352606
418557
452118
307900
303896
116531
144170
162558
131777
319529
123152
170512
268589
324698
314556
116556
190625
371928
341351
193129
313819
138101
207540
115838
432796
236501
107548
423946
253102
346608
402833
297652
143203
167722
428803
122666
306123
354519
257908
267463
451309
265537
321177
348861
128686
390277
241664
123721
246920
275410
438872
265812
162625
392124
127372
190490
319632
109254
211628
282764
264137
340907
265906
455758
395364
438138
422301
392361
417272
174279
407449
229075
245215
156251
434715
422697
349618
296437
120309
129519
169447
166005
150218
272051
320423
188894
172388
372191
229022
420992
128828
452088
344272
207815
366066
143444
327015
147811
446697
191235
432184
378196
382515
285620
130542
275144
431475
236098
437069
354520
398710
263716
231977
287112
355960
455478
255550
295674
311855
339657
339921
394482
287814
344165
334661
259515
378309
102429
342752
382291
108139
250122
350839
191563
157813
265004
171100
438530
298645
326242
306344
186733
319164
206431
236811
323487
373255
133865
250804
235211
226753
212164
284082
176311
347043
231140
133642
132606
411156
401779
144060
413012
282940
151658
389468
393297
349762
280894
202243
192121
260036
444938
192267
144713
157198
284714
236553
146701
220174
311824
405450
362143
210308
441601
255393
419241
122153
120365
219217
180636
206193
417777
201861
148513
249958
133944
364691
308656
132205
279825
196690
420406
364416
384717
291537
149917
435554
409702
411034
445444
278766
437442
149911
115486
384888
131745
239838
119832
418986
104210
236424
251695
451023
303767
427712
260282
259142
372769
296838
305487
199615
224367
221312
189020
366950
263314
337503
249017
240518
402673
306195
235882
206304
243045
435055
158772
301056
417156
451830
170616
110831
243098
250238
446345
419096
364579
118566
234073
352878
345192
333560
427343
289962
174786
138774
189013
318888
381206
165638
287504
314652
119606
301425
117839
289866
224446
298237
148470
348220
252142
262703
144871
317943
318230
141058
242581
147703
212158
106076
435602
229773
132847
250973
212406
181330
416931
350786
183186
128947
276511
204209
153011
428337
185248
409908
398108
387715
303878
100825
210928
347717
206993
136365
325463
320615
141069
227466
209978
440271
226278
380510
161365
150904
115544
280884
407504
156902
184055
351497
376268
119960
222949
317685
388133
280169
279420
202265
178615
375867
439862
339137
100838
153130
445031
174695
186823
138058
431108
206364
422006
163303
187714
308263
384256
455409
135654
339946
407483
296268
297567
174071
254517
258470
377864
372681
364331
289330
364943
147618
102857
274969
158669
410630
325467
340931
100912
200822
448792
377341
345147
279995
172322
282619
418586
454627
247788
410584
121127
367539
332365
171602
262270
435775
444202
287721
374934
335984
334239
448357
370285
297732
156713
168741
154464
249867
317254
144332
131644
404648
415888
401663
205101
408754
279920
314783
185244
252560
334768
290900
251880
220239
398321
312611
176413
128363
242223
168159
217654
200761
398415
389710
435901
176599
140856
227988
162008
267217
253633
156889
447803
426171
135732
170096
119291
339724
257808
256158
429110
397923
355699
110023
301038
433809
129828
321423
327561
243796
367543
260654
272491
412908
322727
175327
352934
162239
308668
413412
123651
316968
409573
429330
139758
227180
357236
152349
142271
196033
447964
110712
251191
411413
206726
416246
317359
445844
231883
181734
156790
324137
282864
238751
147059
386342
370108
158067
404746
193710
273103
232772
382970
245684
453596
193017
226279
427286
378499
402163
181530
270539
159216
180359
164709
351693
121521
432939
327426
343725
217555
188250
431284
427576
347345
334289
394043
375767
289801
361686
314747
125550
394944
280173
213798
107489
455208
369014
161364
351764
280766
205557
351144
123194
186691
230493
384050
399868
356709
122587
358671
295768
110077
139458
220025
368375
166579
111563
443284
201685
286828
122426
240680
257831
254479
378888
104950
258512
330512
352964
210480
118213
122202
266163
141659
205644
277751
206100
334704
225670
244220
193081
376663
336018
176211
425779
333260
336883
329518
214738
125855
350517
357085
118749
342718
362591
177467
251155
128621
366793
156514
283734
203577
115934
331067
262156
339527
343946
284383
239285
181942
356437
421792
316586
370789
438234
100571
321571
416121
361618
134847
178272
199102
226476
413715
167085
349508
277101
181198
178412
342346
222877
117122
391563
174595
122310
432996
112938
369618
357980
360131
359109
308125
131605
360497
287465
391294
123512
302260
286135
298652
135769
252263
451028
272269
128153
421384
163859
216790
299751
279495
343966
184430
149849
424795
100114
221835
416698
392433
154769
214891
329862
159238
348601
115084
142058
353133
367669
236746
166709
412915
313792
308598
400827
409657
406716
239073
360913
232748
425544
438370
115529
305017
321037
363484
168312
326441
100269
447163
232102
136759
112987
141105
217459
344284
168018
173542
267669
133795
307497
166624
258628
284531
274925
240802
352367
360457
111285
176963
425851
244381
244075
324198
358495
182300
220332
423285
363510
307843
239268
347839
282341
425257
247110
442556
422741
420641
197372
287404
339547
182619
359877
210068
251371
264149
421220
400216
301599
410150
152354
321903
149186
301245
320132
435917
106517
313945
214024
363868
207089
140274
108520
282440
118808
145472
210773
153560
267040
231879
109993
198864
395816
433570
172435
266841
129237
178163
334545
442610
160051
110678
181935
322115
391402
238060
370875
196640
452153
252520
173272
381905
121864
334342
330885
361215
359737
259074
429433
245205
107664
205961
349075
253458
200888
375154
314998
151923
135103
130914
432794
281478
123840
193598
383217
278979
174752
114792
290133
407007
419627
392048
285229
235650
136313
140572
179690
104449
403136
401231
141053
107733
224977
135533
320131
316782
121206
445279
325998
303712
165629
322506
258160
316260
170105
348101
103429
105959
199894
297066
361036
379567
150037
327677
375287
255402
369635
426374
146954
328897
287934
371515
171005
389630
306102
218744
346564
262004
286026
296956
412716
436949
176216
298325
131175
439118
203422
244550
425363
297996
294855
213330
276340
123749
414224
376544
350538
449624
272705
141927
429225
414261
237573
390580
214300
400269
276914
340697
286318
417100
447728
296377
264649
350849
160216
274527
135463
346327
417287
130225
324205
363719
410449
138168
165129
237482
187322
200940
425502
319854
348594
333663
244332
100462
407285
246690
334926
137327
116098
300343
184135
156467
437145
325015
228823
193147
262403
263896
346228
449370
330976
319148
387723
201250
127128
360797
426099
256503
270294
237893
336485
100055
270139
360139
335151
106113
338777
378815
105126
404244
410946
382307
228742
315829
167168
296655
317444
364593
209589
242592
166483
169084
319629
178563
240276
281641
236817
106052
293398
272412
420323
193721
424867
107631
222573
343689
275300
392075
184412
443681
222000
178886
387216
401750
233731
193989
281289
386123
144369
157339
157031
173683
263168
166851
365419
289748
432106
181109
337489
221449
428666
280090
177957
148696
179961
297942
376014
159126
305313
265495
212229
337471
263700
448694
115631
422629
404387
224703
372944
105830
176103
398013
350192
199440
424172
137402
435936
135763
398891
363449
396822
241823
218563
223748
375959
251698
325504
187853
219104
201562
300193
213722
248822
340080
240399
137563
146134
212363
118734
208194
344505
379561
426908
295746
318501
213003
412771
383325
409309
390362
145804
446339
179794
294294
157549
231436
430273
199006
183570
322905
200050
341219
357086
223069
157918
315666
204818
145221
213917
236178
208244
358062
166756
188595
381840
158691
261333
314443
379157
374833
264024
225177
431455
118741
274083
341249
408858
233618
286187
100225
165668
410168
236255
325951
286523
227098
200941
198386
353493
231164
183108
450876
219182
313951
109146
313685
214653
213613
227063
186722
307705
431833
140724
109394
438209
251670
272394
280370
172565
115741
194111
332230
147190
365459
329793
434668
312043
139698
341762
239521
261020
291367
333116
452257
262413
288584
447058
310052
102921
162985
284792
423065
333308
338214
140933
197052
291413
440367
242643
348656
109498
119584
308672
140036
331097
242095
433084
216068
353896
195251
173920
306843
219296
382336
188611
377884
319588
110959
175181
165579
106957
202906
320658
409966
119036
140517
115240
208807
332293
205007
170451
380388
350159
288300
165922
149719
434315
163870
101373
255617
402412
430531
177998
190836
348699
363682
398627
149621
124835
235847
389922
215687
354448
301840
141669
378820
395827
315363
354491
119315
286637
177355
341784
162597
307059
338625
123121
254488
171204
364463
441224
105762
194977
447560
290067
337666
382022
410601
416379
333099
224765
209357
269896
335868
258266
402007
421971
250635
290203
312780
243183
353116
168240
180321
369628
123508
358912
241299
173898
396215
347468
238510
445886
353206
387665
227042
306703
415201
138013
237914
114271
406692
316662
241591
353741
169954
307576
292375
419643
328399
302363
368356
302943
374648
140044
370099
225155
428719
392142
332960
338243
425111
435365
425063
397660
253575
204091
322976
398015
356924
349097
271018
229862
216643
370933
172850
103826
139489
266907
279345
395569
190186
161036
333425
353559
295478
205691
360529
148907
377446
213410
138221
323440
455883
373759
166840
207637
438780
349619
135223
314965
240850
430329
110132
108725
451254
355478
155137
109742
313598
448398
214489
437527
455358
121376
377647
314051
321146
269825
179028
436084
358365
160724
431060
421234
397164
299268
294739
286415
326591
394309
205240
135101
276909
157274
387188
422229
168552
193584
340707
442238
283950
246934
139417
342998
381943
322951
138442
416932
330185
261181
304754
190950
414600
134366
401647
341359
369468
413326
116513
299381
434561
378839
334369
203047
110068
197407
323651
448483
397977
295066
298240
352433
164182
108764
130537
287380
331597
117885
440675
441773
201074
311689
215144
293346
223260
451401
151810
270932
401736
411316
237366
284094
449452
241637
238086
301074
282818
134299
208828
258394
207624
430898
339312
381390
100216
120514
206297
398228
368307
362812
186035
194613
451064
226032
394793
175318
435660
271092
139073
359303
180585
300582
370680
317867
186181
290290
420754
418752
131353
212502
217671
312602
117314
440134
369575
130764
136082
411068
328367
303031
207236
114558
109209
112571
110301
290124
188304
215290
259921
359508
388696
330722
204914
120319
402605
362403
151671
367943
201496
201326
106299
267010
302079
174387
244235
198746
454571
296030
440466
406270
421520
416359
184241
238710
181103
255757
190835
427013
185671
192505
326604
347949
328541
107316
134156
188419
170465
242799
384042
181646
358509
127617
141232
254610
143418
107799
346875
298144
236899
409618
193219
288213
131915
323950
161529
133421
237736
421743
261270
146619
112560
218193
150888
342338
292932
150198
208599
245198
291700
300215
152285
405723
213806
167493
450516
190656
301099
425671
313704
204213
196911
316140
445912
218348
204747
391872
411122
146430
151869
193137
386766
257158
114947
156481
416527
234275
340766
242686
450774
385598
366421
225316
422970
153133
424953
147751
196710
435088
151116
353458
381596
184949
280003
270602
440265
254965
163733
349434
160816
266747
210661
344868
455049
355185
358441
318700
342075
280749
272210
220709
232651
375757
296791
353743
283331
141179
361681
299263
419771
112657
255249
143684
274264
399290
277141
338662
321554
346626
126371
218102
100375
390320
281038
237217
364752
241186
366752
199271
258510
100757
346517
213615
206435
311147
133999
404178
222429
315964
225087
168714
377438
160739
107282
427876
445055
154466
314536
112220
218808
390652
171745
138657
389260
436087
211208
374683
145572
178158
105423
312457
320178
154855
263442
442611
268594
418506
107666
121650
312046
198115
109795
290089
293735
267988
210495
180797
328728
126115
429088
313089
378933
257691
362888
107667
173051
191882
372920
155257
335734
345760
156520
110361
202931
157826
359913
123773
343644
443701
389680
361274
388125
278789
174765
365899
453700
205915
404537
134859
409238
373325
212627
235392
192251
222207
257914
161789
144854
385523
110356
453004
208912
275024
356167
183926
213602
226801
394460
252052
386133
306482
365762
341804
238484
286524
106482
237400
115696
334441
393341
268804
406298
349591
360114
205266
298794
409236
181730
237758
195743
169391
339534
154729
214670
121880
324746
253213
341955
390502
455993
270124
231724
225993
106343
203512
216671
180682
366005
216730
373602
304937
443372
307617
328149
333075
404188
314922
258649
224170
434723
250787
347157
443581
244752
337643
237548
316873
212467
421433
335774
424598
144674
117584
176993
358142
369129
195914
250014
151633
260431
137120
417105
377550
401049
421151
343384
425226
350156
223063
157717
227609
271342
452853
406025
210408
404209
329279
107067
335286
226402
159143
218424
160326
401104
167046
294171
170184
206225
227623
134767
305850
119723
192894
332344
218066
314272
431727
149628
384241
382345
419675
429782
191987
279640
174996
130241
248215
365289
375716
305016
335631
213474
214907
121712
