225706
408304
124572
358868
216545
132096
151893
262465
452323
280151
297933
304665
151177
273775
313743
444579
265580
124139
315530
223168
329683
370290
229855
405046
256481
278687
413317
237004
389957
221965
184522
163938
201721
433364
347009
126477
415685
155942
127684
138149
203653
354246
234629
233786
454973
217914
113817
144532
268557
242620
154782
261341
370166
336649
128045
276384
434145
131822
302748
368839
125062
276335
383746
316905
248386
120515
161842
307571
168812
404354
334549
438823
232594
432295
312978
292982
253926
391987
394818
342551
428193
235731
400381
281071
401170
108447
235578
236409
285324
200866
259367
125906
348856
380943
424188
179209
368684
198168
254053
164543
202083
116347
255700
216757
286291
250240
365927
282894
354585
317370
288358
104589
349958
453487
206106
279358
124077
214795
242347
368157
314570
238261
445664
167417
265302
134706
211403
390451
199674
142831
191401
163806
265082
313554
403112
388467
139945
138630
389381
141256
344791
350993
217666
308078
206538
376333
338629
338070
215075
381053
330340
448658
190946
200035
163993
313164
249981
317624
167154
125812
212475
104973
192689
133927
282700
279818
102938
169705
285330
224531
367687
425848
410987
409376
440736
287631
277738
254099
368912
439052
183559
407428
368227
184301
355698
346427
310450
201840
243316
391525
305176
421857
329857
390123
133625
111029
343098
278661
156987
428171
246895
385270
357040
171856
199132
448718
259115
318872
306149
141121
368989
198243
224042
102155
367400
132823
219844
385820
417486
438810
271715
368682
294190
374944
135017
364388
180151
307901
231170
349064
340433
447966
154592
318215
396190
439246
246553
130503
110295
126534
189423
182172
295268
353739
428150
146550
410231
162207
281850
416118
332158
126704
103351
363629
251365
259292
352235
279750
140538
426277
238141
358200
327690
113237
430362
333851
189824
389119
290824
347131
238491
123406
123060
181232
397390
394675
196288
446020
371463
240421
127091
243169
397070
237112
337354
294448
119026
263385
378853
386755
175415
391714
137283
143201
186666
231232
415030
248704
229933
258301
314553
389123
258572
187458
452761
282274
232774
367503
131334
272743
313664
294544
428099
137734
157175
249354
175091
197019
110715
130810
308113
409992
415025
232840
125523
380698
191572
128202
138941
225292
222541
224564
409621
196109
215821
133521
274179
303542
204979
368556
184478
429868
206334
452629
183796
200292
146465
340867
418888
290327
120901
194917
375020
210797
247065
144801
425241
151401
118912
400098
334583
443977
394198
408217
172969
447725
270305
178875
196176
418649
117505
154708
397420
268223
416859
395541
248538
231328
452683
429205
204592
206676
119892
233283
267497
361818
112475
277408
301564
335576
416504
115890
398358
408551
437718
435481
276410
175092
190567
221843
447041
365813
117301
204401
372555
221473
245434
316603
421724
192281
380307
321201
248899
431735
125345
398405
297222
304693
316579
171225
369924
190622
327831
406161
145159
339444
139671
253305
176317
194361
429123
430543
444620
438597
404502
411788
231388
365350
124729
252953
411147
318745
443591
143659
225186
170653
333730
397254
208919
146832
354518
408224
120057
185862
400581
142373
450557
201923
173443
442011
232307
383876
108221
224834
192191
170569
418721
104863
180155
181297
437696
365127
440418
346140
369076
215220
252908
142413
170725
396684
250266
263143
104015
208811
444443
255961
431647
389693
101573
226016
110838
320952
295682
227792
365715
401087
136780
370480
449238
147165
249014
240582
204229
103166
106657
205265
385097
104619
435855
211328
397523
351011
115584
299046
161020
295781
138388
331643
161192
117261
245916
302337
299364
330135
327288
261339
326819
143372
388495
396011
119750
188278
379218
210738
423619
110137
357953
257684
432056
429181
199451
226204
210818
143426
265699
439044
249700
223304
244209
204248
133281
138931
214276
194884
126405
456038
258953
139154
158156
365812
116570
437947
237461
225467
175797
227661
311456
124833
370712
135624
202875
254243
456053
440381
255722
376778
352993
178696
288509
416221
283172
319204
444237
424540
362031
260864
242819
315255
390700
170185
277084
374574
266706
270289
220599
348838
387716
416182
312911
251721
328004
205419
416110
277890
185159
184533
356516
278772
239492
214849
235475
103245
158204
198308
231717
376883
251548
354968
302731
340207
420404
402750
146475
135702
218935
388652
410481
314462
437136
163990
141379
212708
246552
290040
305873
130465
355427
363692
362473
119307
106048
225696
404427
337434
275852
449787
139114
194206
376026
214063
185907
139156
318431
261780
450852
319813
252413
441694
314540
113632
122825
239916
167248
226947
212043
279869
108984
230313
232577
285558
230660
196620
152056
214822
235465
140447
275589
116799
196155
144492
127167
328927
296608
187492
385934
289549
138633
224062
263878
298224
415141
271916
145095
153361
249730
263902
241842
336145
386996
111188
280041
441955
248783
248952
230955
331714
428029
275039
387240
169221
144126
378552
287256
205422
243078
363977
145273
132168
215172
330689
445902
398717
392969
447186
195202
181781
354169
137566
177484
151816
226305
190292
155419
398213
151977
430109
173480
294654
158358
298472
222962
414901
301520
438131
201912
154317
329233
203232
349462
320450
101013
356364
333413
143057
249785
168616
252178
353786
404465
276858
161826
146828
137155
446965
277164
375717
349354
436187
336320
143915
347202
295206
119668
355430
234547
190850
194690
135860
114662
445158
131182
212093
243357
308392
445651
355774
145236
304632
154051
411766
342077
259972
425126
106319
312386
134607
439821
121976
197391
243772
127359
395228
124982
449588
116714
221778
362353
104577
358017
244712
152189
103543
418288
262268
386911
417008
152118
348326
262991
288610
208692
329795
388626
212756
115525
324132
394114
221196
151772
395482
306583
106396
422474
298511
314191
316738
412783
279824
230761
282409
225099
122484
368917
260811
359715
132173
187807
284321
204078
205250
113367
130650
358222
250600
436158
290875
429233
336170
167038
173200
138355
310199
412044
168686
301668
243486
338388
264804
403908
415795
401173
425316
413289
371404
202334
220518
244494
272017
226017
288220
274340
358114
332933
317229
172952
432144
259294
328786
182082
160560
283321
454190
176633
283423
235667
380885
197385
174755
313549
383834
402936
371589
286228
155867
372464
256510
125828
193330
449752
192266
342114
171562
379640
169542
210153
216404
320508
333996
127637
203931
334988
234702
293289
364557
166956
350930
343186
383111
286478
166735
104310
146845
195513
180750
348425
326930
340152
177655
337493
101239
301786
448043
199769
210442
296375
360195
329845
309120
427707
259666
194489
400139
214020
454936
236338
316886
185996
226878
300682
360902
271609
316884
444299
293133
210435
248498
136652
202276
407397
259472
134294
244454
256623
236310
248796
260445
163466
201063
151702
233025
388378
454290
382869
454320
401981
372240
190165
360357
373525
157440
350611
376383
437347
406357
148822
190011
228267
220301
126350
368915
164394
181328
382176
255967
287338
126605
210185
314088
142677
429819
339066
121565
429686
143907
103681
340434
138887
217951
207861
404710
343586
388541
172185
406745
195696
153607
212383
234392
154414
386323
368474
143689
361168
388638
256942
125564
283723
246391
306200
403068
280780
418064
339012
271842
287540
234712
454086
152576
218274
311107
121511
279340
342013
423028
345414
102297
351835
183329
264166
147123
157568
362234
191312
196661
420049
207531
299218
364083
323414
307516
394583
223355
140107
110327
330823
144733
216235
345456
356103
416927
109077
165163
153158
377118
338721
378662
103189
341657
271404
251585
418254
183870
253276
430494
369687
405162
178124
382955
144931
356126
296410
281236
224744
398531
146672
212111
191017
216883
312759
140209
381378
109040
180605
433834
449567
331973
219210
429888
373090
118833
359919
148134
174642
249679
208630
138027
341981
396961
319218
133304
134304
446351
136678
203824
262085
122270
111075
209520
284534
257847
354938
301171
229895
296368
159536
250906
411338
269319
356197
428248
383784
103140
187311
378929
152990
317984
295735
455896
185525
131176
136324
413855
331403
448904
398620
168035
116595
232589
120363
131186
303640
205316
396061
117254
170131
384446
307518
221756
192699
349042
129390
184178
225729
110162
363378
265692
226312
448863
393553
391611
258212
286284
251734
175421
255552
445171
147778
175666
156083
352757
235861
162665
414523
228167
442141
130219
375655
126063
363055
180565
364460
447885
314037
411878
234674
375643
159330
118559
430772
199733
374873
243846
228149
130646
353230
119254
109914
335285
364459
204819
361908
339085
226376
234390
216491
224312
398549
155472
434665
243490
101052
284339
138636
208440
418184
253036
163623
425599
353092
336441
175218
348924
255168
345725
195872
448866
213147
115876
265003
168545
146493
291395
413106
181134
361844
257683
186051
128449
229440
258921
348284
373980
430159
187688
113900
110671
173958
308358
193186
200920
160686
419962
435522
364196
242701
133820
158092
278135
103414
428075
166354
382982
108646
346665
193163
231816
210448
314764
118099
176977
136621
108400
435977
354094
402623
384485
343573
113892
122353
420325
118844
190407
222924
390178
190797
386424
396799
408745
220097
375465
162091
300987
263655
253871
401272
157295
171489
373679
296819
405170
249064
310264
280728
175852
132954
148838
127894
448303
339278
315213
214876
263491
145081
388475
200109
120261
256832
115637
261035
450829
377359
168103
423472
165038
359423
196542
393801
364275
180930
320406
104908
280333
403469
422178
226157
372961
252973
431671
174363
106908
145611
195196
273071
252086
184620
125577
217140
216875
411149
231855
268042
192895
359193
324463
269103
245102
214339
306387
310377
217545
149953
255071
163462
396748
345823
298809
356359
397499
338369
411276
417036
299580
194179
354026
301822
176094
316299
370131
306358
384070
366562
453126
280475
447283
228575
294680
385226
338880
232830
311448
405420
419997
233337
359951
226673
118119
435692
268916
308783
300076
424086
165319
224201
455781
404785
383512
237920
448956
315157
309542
115859
130203
344745
448648
160645
277152
263668
229587
102539
130296
242462
167814
184437
172753
330351
247184
303627
167585
322265
285054
112508
260523
195735
452631
202575
360044
413398
448921
187839
450502
446039
138705
311292
345158
137474
422969
260612
344463
309524
108757
168904
223624
185426
169311
235624
259028
393220
114495
192248
426613
290269
439398
354240
320240
153131
417601
448655
136743
181391
140884
260327
433023
180384
257945
215541
343585
130897
213463
232770
114374
186149
297446
193061
385461
427310
146568
171162
280640
245805
129856
171443
201037
453998
366089
264948
233989
421637
392101
345022
416092
232617
255274
266166
260354
307349
320819
324306
153698
356751
109310
191467
322761
214351
171429
413029
400665
287982
289657
356047
146875
407099
300700
273783
129252
320405
238920
287078
332477
223026
114704
249980
335390
307883
116117
372648
443946
422807
161236
126394
113166
203049
417568
143210
323774
379755
250435
428417
247936
354629
254690
198093
140169
228221
389137
127301
380948
337763
341923
413247
218402
330792
106420
186176
377540
276457
345177
250729
138473
352130
369710
133549
374767
245750
303153
149359
123390
449563
133529
121894
347740
104614
295419
301237
138989
307778
195950
187790
180284
442784
318941
411696
202579
220687
287683
275724
178650
107773
248285
170826
208344
390134
153860
136437
103623
236111
348963
408948
131805
114249
176120
297394
282520
171257
345389
160007
335932
217827
160238
371866
408971
208005
246088
168364
388749
155134
382688
235315
376574
190397
263790
369340
242666
342310
440407
412209
357112
437661
246328
109420
258813
261817
127574
290611
285898
448558
111679
239014
164046
332766
372447
300149
280461
352476
184360
402812
424632
102911
403952
170553
445269
378753
169577
373522
203393
257733
194463
391395
355967
197800
259197
268846
436200
349005
261685
232179
108832
420266
445297
317662
201112
252945
423551
355600
178762
223289
200314
100143
355012
419261
233029
215203
377542
394889
425738
274303
397933
188743
276598
159891
300884
269923
251878
207311
211875
307336
201142
100361
168895
294659
360477
145934
188083
331766
216246
154422
414113
235033
215693
168679
427217
430798
269467
453384
179056
201570
300168
294619
259504
126376
440194
412963
135646
165941
320393
419460
401083
282617
130981
436186
319378
389429
202903
276871
234080
224224
366276
302220
246684
429786
427351
277461
128817
402046
226313
115418
431453
344719
102678
374588
265536
132294
147592
436999
281769
181607
275645
362698
286381
270361
296718
209321
386218
200431
367845
131566
187016
352978
329218
251589
277661
168829
232992
169736
179015
330369
371772
137239
248044
451535
118243
414319
302995
429608
425596
430417
168557
123469
428169
280883
452395
219187
193312
173000
253091
304366
136596
338485
160314
277204
318736
364052
182628
143906
300763
161991
455039
202909
324164
237865
180290
343705
255110
304307
415586
411548
230157
336769
347603
144840
243743
423044
147478
191756
398151
394570
306028
323699
262694
162277
191294
294808
201473
451149
253165
453536
386855
298767
203093
178482
366017
289884
434203
274858
357053
175700
266180
392822
198785
166519
281797
317531
217631
179844
424964
394654
397358
360172
258217
140123
430179
401527
171991
181091
264583
303414
195854
192310
442657
143008
355791
218559
193985
265089
106518
392354
276063
405235
257962
169865
311879
240580
240557
150480
312589
327769
169906
283460
109805
205269
234041
291549
105610
115661
169031
197703
173917
199672
132507
125527
228133
368676
140134
213605
345874
195109
357076
169747
103978
375066
104260
230822
363064
234535
204262
248064
189733
229814
159406
278929
107202
371226
192834
385676
287195
419388
255940
274120
409548
257841
269393
406633
387914
335752
194440
330139
266528
276670
342189
128665
443093
294534
366956
179414
430041
118323
412823
270882
213433
165331
454957
440453
237484
233778
189384
447245
189654
248938
331050
113681
187531
222147
416718
200165
408732
229542
173610
279520
192019
432109
432089
252477
353517
333719
429927
280237
352786
386801
436633
375374
263448
308031
232204
146151
421773
363564
180780
193581
153239
382564
200816
455466
179811
280377
256668
175898
260660
322667
311843
278565
221125
306719
333225
204768
384495
198892
408535
107135
390786
111574
138828
262745
257170
339044
254018
380395
304888
151885
386007
105038
142782
246248
385029
118169
290582
206382
220059
374242
200803
178002
109178
168538
418571
381269
232528
456136
288880
335743
303830
433647
256243
380267
350534
410414
138346
279405
377593
176629
214123
242063
353489
288575
339516
381513
384162
290771
204634
271179
305073
101597
306617
178162
103242
369023
394849
245814
377407
369281
230207
293269
304963
444684
151178
394609
420228
101781
137678
225411
282849
148523
336934
374193
424991
269398
168509
146894
180561
220137
331042
386058
446334
210617
123791
417713
346485
259273
106818
282365
316927
388335
352187
417788
338192
317823
227519
310271
178003
374884
252160
154062
102036
141046
175289
268596
179381
283831
140758
292522
364517
267268
388792
416521
216093
226036
147023
397833
127998
171450
233768
274792
232414
260376
409295
116545
290825
139245
210496
276984
338234
386985
141111
447622
327190
238962
261766
421095
202983
295689
319152
352606
452118
307900
303896
116531
144170
162558
131777
319529
123152
170512
128877
324698
314556
116556
341351
348416
138101
207540
115838
432796
236501
419667
107548
423946
165083
253102
450934
297652
428803
122666
306123
354519
257908
267463
451309
265537
321177
410990
128686
390277
246920
438872
265812
162625
392124
190692
127372
319632
109254
211628
209829
282764
340907
141139
455758
349747
395364
438138
422301
417272
174279
407449
229075
245215
419911
156251
434715
422697
349618
296437
320776
350325
120309
129519
166005
272051
188894
172388
422179
229022
420992
452088
344272
144706
187147
366066
143444
327015
446697
191235
432184
378196
382515
285620
130542
275144
431475
235127
437069
263716
350565
231977
287112
355960
389269
132513
455478
285223
169459
402060
255550
295674
311855
339921
394482
287814
344165
380221
378309
102429
348591
342752
382291
152512
108139
250122
157813
274056
265004
171100
438530
298645
326242
319164
206431
236811
323487
325964
359103
133865
399699
235211
226753
284082
176311
231140
133642
132606
415440
411156
401779
144060
413012
151658
422417
393297
349762
280894
344069
202243
192121
260036
444938
119356
192267
144713
157198
186810
236553
247740
146701
220174
129272
442257
405450
285499
362143
134586
210308
441601
255393
419241
249260
122153
219217
201861
362879
245658
417957
367371
249958
311406
138191
364691
349080
132205
205483
196690
149917
409702
411034
135176
278766
437442
149911
115486
149089
384888
134837
239838
119832
306737
418986
135197
435599
236424
451023
303767
260282
259142
372769
296838
305487
199615
206929
224367
221312
189020
263314
249017
303049
402673
206304
445061
186577
301056
417156
451830
170616
110831
243098
250238
446345
364579
118566
234073
330233
261993
352878
447592
230555
345192
333560
289962
174786
189013
165638
287504
314652
119606
301425
117839
289866
392223
237680
224446
298237
148470
348220
295343
252142
262703
317943
318230
407490
219823
141058
242581
147703
212158
435602
229773
132847
250973
274612
235590
145584
416931
183186
128947
276511
204209
153011
247916
428337
185248
359510
398108
387715
303878
100825
347717
118979
325463
320615
289744
230790
141069
209978
440271
226278
380510
150904
115544
280884
407504
300332
351497
370225
287099
376268
119960
222949
230977
299544
388133
280169
178615
439862
339137
220788
100838
153130
357495
445031
174695
186823
138058
424978
431108
206364
422006
214672
308263
384256
368734
455409
135654
407483
373847
296268
130094
174071
254517
258470
372681
364331
289330
364943
328961
401320
147618
102857
349258
274969
158669
410630
325467
340931
100912
200822
210948
448792
377341
345147
172322
206852
282619
418586
454627
247788
410584
367539
332365
171602
444202
287721
374934
335984
334239
448357
370285
156713
249867
317254
144332
131644
404648
415888
401663
205101
408754
279920
314783
185244
285025
334768
251880
307855
220239
398321
351083
312611
128363
242223
168159
160485
217654
200761
389710
435901
220361
176599
140856
245197
227988
162008
267217
156889
426171
170096
119291
339724
257808
256158
238977
397923
273388
308810
106182
395684
110023
220730
433809
129828
321423
327561
243796
294675
367543
260654
344886
322727
175327
162239
102761
316968
409573
429330
227180
357236
152349
120283
142271
196033
447964
110712
411413
206726
418564
445844
181734
156790
324137
282864
295989
147059
386342
422439
263635
288147
370108
349061
404746
273103
232772
382970
245684
327111
453596
288309
193017
226279
427286
127134
271015
216499
372601
132248
105796
378499
402163
350536
270539
159216
180359
164709
307012
121521
358817
205314
125319
327426
343725
217555
427576
155722
394043
289801
361686
439162
204018
125550
213798
107489
455208
369014
161364
172037
351764
380157
280766
205557
351144
123194
194467
406026
230493
384050
399868
444131
179656
220320
240688
170110
356709
122587
268499
203543
200155
358671
110077
232249
139458
220025
368375
166579
111563
443284
201685
240680
286475
257831
254479
104950
326421
375470
258512
302776
330512
352964
205644
277751
109861
260093
176328
244220
193081
333260
336883
329518
214738
357085
118749
120121
342718
397733
448649
177467
128621
366793
156514
203577
331067
197371
288092
408782
339527
169585
284383
239285
181942
154210
370789
438234
100571
426642
279914
151856
134847
178272
199102
413715
167085
349508
386626
178412
171946
117122
174595
329548
271804
357021
432996
369618
345650
357980
308125
123512
302260
286135
298652
135769
272269
128153
254849
163859
216790
299751
279495
343966
412989
184430
356511
424795
188146
221835
416698
392433
268534
329862
159238
115084
353133
236746
166709
412915
313792
308598
400827
409657
406716
239073
157161
360913
265354
232748
379017
438370
115529
321037
357492
197313
168312
326441
100269
447163
232102
136759
112987
226139
184905
141105
344284
168018
125603
173542
267669
133795
395609
301774
307497
399320
258628
284531
274925
240802
352367
360457
111285
176963
425851
244381
244075
358495
182300
214146
423285
190867
307843
239268
347839
282341
425257
247110
141397
440512
420641
197372
339547
182619
359877
210068
251371
264149
207403
431627
284765
400216
301599
152354
321903
149186
301245
320132
435917
214024
363868
307969
207089
140274
378093
282440
372941
118808
210773
116888
153560
267040
231879
109993
198864
433570
266841
400692
129237
178163
334545
442610
160051
180964
131674
110678
181935
302459
322115
391402
238060
370875
196640
285818
452153
252520
362950
173272
381905
121864
334342
330885
361215
414881
359737
245205
246593
107664
205961
349075
253458
200888
375154
314998
319972
151923
135103
130914
432794
193598
383217
278979
174752
294495
290133
392048
285229
235650
136313
140572
412958
179690
104449
141053
107733
224977
135533
316782
121206
303712
165629
322506
258160
170105
242704
199894
398637
361036
150037
204986
327677
255402
369635
328897
287934
371515
171005
414264
389630
306102
223053
193355
346564
424206
262004
412716
154964
298325
131175
201312
439118
203422
132872
425363
294855
321004
161272
123749
414224
376544
272705
141927
429225
414261
237573
390580
214300
276914
340697
286318
296377
264649
361076
350849
160216
274527
135463
346327
417287
130225
324205
410449
138168
165129
237482
264521
187322
200940
155404
425502
319854
348594
333663
244332
100462
407285
246690
334926
137327
116098
300343
184135
156467
325015
371902
228823
207298
193147
263896
346228
330976
319148
387723
201250
127128
360797
426099
256503
400307
237893
336485
100055
270139
360139
335151
106113
338777
186849
372372
404244
382307
228742
179370
315829
167168
296655
317444
364593
209589
242592
166483
178563
240276
281641
236817
106052
293398
272412
265240
193721
189427
330267
403053
424867
107631
222573
343689
275300
392075
184412
377262
222000
178886
387216
401750
233731
193989
281289
297713
386123
144369
157339
173683
263168
166851
305793
365419
289748
273522
432106
181109
337489
402207
428666
280090
177957
409517
100347
148696
179961
284181
297942
376014
303596
385406
355676
354010
159126
265495
212229
337471
263700
448694
422629
404387
372944
176103
160419
372892
350192
199440
424172
137402
435936
135763
398891
396822
321833
142154
241823
271795
175099
218563
227278
418748
251698
325504
187853
282289
219104
201562
416803
213722
248822
340080
240399
137563
208194
344505
196591
379561
426908
295746
318501
412771
383325
409309
446339
179794
294294
157549
430273
183570
200050
341219
223069
157918
315666
145221
230731
213917
236178
442899
208244
358062
166756
188595
126955
339525
381840
158691
261333
374833
264024
427389
285445
118741
274083
341249
408858
233618
286187
100225
188822
165668
410168
325951
286523
200941
198386
231164
183108
450876
219182
109146
313685
214653
213613
415739
227063
307705
288776
109394
251670
200719
161668
420557
334738
171252
108158
356313
280370
172565
115741
439872
194111
332230
147190
329793
266270
434668
318309
271773
139698
341762
239521
261020
259945
291367
333116
452257
295707
447058
310052
102921
162985
284792
423065
338214
215228
140933
197052
291413
242643
348656
351522
304547
109498
119584
308672
331097
285828
242095
116563
122463
441469
433084
216068
418478
342929
216037
195251
173920
322536
276218
219296
382336
188611
377884
319588
228263
165579
106957
272408
202906
376871
320658
409966
119036
357480
140517
115240
205007
170451
350159
194285
202526
165922
149719
434315
304247
397945
255617
402412
430531
137273
402194
348699
363682
398627
434932
149621
235847
215687
354448
156831
395827
138258
315363
181128
119315
307059
338625
123121
129381
418645
171204
279647
364463
441224
285638
249890
447560
271705
248437
239442
337666
382022
416379
269896
335868
438275
320771
296342
258266
242226
402007
421971
410156
250635
290203
312780
243183
180321
311307
123508
241299
347468
445886
353206
227042
242900
167866
298733
178429
415201
138013
237914
114271
406692
316662
277960
241591
169954
307576
124760
380889
419643
328399
302363
426061
368356
334784
374648
140044
225155
428719
392142
374925
161143
435365
425063
397660
253575
164565
147108
322976
223315
398015
356924
349097
271018
216643
103826
139489
266907
279345
395569
190186
353559
295478
205691
393761
264017
237278
414649
377446
323440
405458
373759
166840
207637
248885
438780
284078
349942
314965
110132
108725
138821
109742
313598
214489
437527
455358
377647
314051
179028
358365
160724
431060
421234
299268
294739
439623
394309
401453
205240
135101
266011
157274
387188
422229
108556
168552
193584
340707
291760
283950
246934
139417
153848
342998
381943
322951
138442
330185
261181
216632
399413
258699
304754
190950
414600
134366
401647
341359
369468
398154
175365
413326
102908
378839
334369
326319
203047
196886
110068
197407
323651
397977
295066
130537
287380
331597
112922
355196
440675
223813
441773
201074
311689
215144
293346
223260
451401
270932
137625
401736
411316
237366
241637
238086
301074
282818
134299
208828
339312
381390
206297
311488
368307
157893
317015
362812
186035
194613
192768
226032
175318
435660
271092
139073
359303
180585
300582
317867
290290
420754
217671
312602
111073
440134
265196
369575
220095
136082
218841
303031
207236
430716
243074
114558
109209
112571
193305
110301
290124
215290
123754
359508
388696
330722
333025
204914
120319
402605
362403
100612
201496
201326
106299
267010
109028
174387
138231
244235
198746
296030
440466
406270
421520
416359
184241
238710
181103
427013
455335
239824
333679
328541
319757
134156
197817
311510
188419
152578
242799
384042
358509
127617
153904
269407
141232
254610
143418
272074
346875
298144
236899
409618
131915
323950
161529
183126
133421
237736
421743
451597
398225
426932
218193
150888
292932
150198
208599
291700
300215
152285
405723
213806
450516
425671
204213
196911
204747
411122
146430
133988
151869
193137
257158
344962
156481
164368
416527
234275
340766
242686
450774
116230
310330
366421
225316
397771
338797
422970
153133
241906
424953
147751
377777
363294
349676
381596
184949
280003
270602
440265
254965
108202
349434
160816
266747
346096
210661
455049
355185
358441
342075
280749
272210
220709
232651
455624
296791
353743
283331
335409
141179
172631
299263
439679
112657
255249
143684
225256
399290
156361
338662
321554
126371
454501
218102
100375
252557
237217
241186
366752
229281
199271
254838
258510
127420
278040
346517
213615
206435
133999
404178
222429
315964
225087
246125
205008
101121
107282
384034
445055
383067
314536
112220
390652
138657
389260
436087
211208
374683
246119
145572
178158
105423
312457
263442
268594
350128
418506
323258
121650
312046
198115
109795
435037
290089
293735
180797
328728
126115
313089
378933
362888
107667
173051
191882
392294
218588
155257
335734
345760
156520
110361
202931
166512
359913
123773
188750
389680
361274
278789
291934
365899
453700
404537
134859
409238
235392
439308
222207
283454
161789
406679
144854
162826
453004
208912
356167
101914
213602
226801
136962
394460
252052
306482
365762
286524
106482
237400
334441
393341
406298
276752
349591
289213
360114
205266
298794
194504
409236
181730
195743
169391
339534
154729
214670
187578
121880
324746
341955
455993
270124
106343
203512
216671
366005
216730
373602
208756
266952
443372
417190
120833
203842
307617
328149
333075
404188
314922
303957
413309
434723
347157
397340
337643
316873
204263
212467
421433
335774
424598
219025
144674
117584
360069
184063
176993
358142
369129
226035
163046
195914
250014
151633
137120
417105
377550
401049
183947
421151
343384
425226
223063
227609
271342
452853
310024
210408
178562
404209
329279
107067
335286
159143
221192
218424
160326
168851
262923
401104
380146
294171
151243
227623
134767
305850
368725
332344
218066
431727
149628
384241
382345
312058
429782
279640
174996
130241
374476
248215
136833
335631
188093
214907
161187
121712
