225706
359857
293891
124572
358868
216545
132096
151893
280151
297933
142324
304665
151177
273775
444579
449655
124139
315530
223168
240332
229855
405046
256481
247188
278687
414724
237004
163938
201721
126477
415685
155942
127684
407786
138149
203653
354246
234629
209750
233786
454973
323304
310435
217914
218946
113817
268557
242620
154782
261341
370166
276384
434145
131822
302748
368839
125062
383746
316905
161842
307571
168812
404354
175276
334549
438823
134722
232594
432295
312978
292982
391987
394818
342551
428193
235731
400381
401170
321266
108447
259907
236409
389858
285324
200866
125906
348856
380943
424188
179209
198168
266031
254053
164543
116347
217523
204145
255700
216757
286291
250240
365927
282894
317370
374761
301556
104589
349958
453487
246439
206106
279358
173445
368157
314570
238261
445664
298943
167417
134706
211403
390451
199674
155365
424776
142831
123733
191401
163806
149446
313554
403112
138630
389381
245209
141256
344791
350993
217666
308078
206538
376333
338629
338070
381053
149994
103217
448658
190946
200035
249981
317624
166465
125812
212475
104973
133927
282700
302130
285330
269753
224531
367687
425848
410987
409376
440736
287631
254099
145690
276023
183559
368227
184301
355698
346427
201840
243316
329857
390123
133625
111029
278661
156987
428171
246895
385270
357040
171856
199132
448718
129496
141121
368989
192516
198243
224042
200310
102155
367400
132823
207870
385820
417486
438810
343489
105286
294190
374944
135017
265332
102893
364388
222388
162323
307901
214392
349064
340433
447966
432270
327946
318215
396190
439246
110172
126534
189423
182172
295268
353739
428150
146550
410231
162207
421618
264008
416118
141766
332158
103351
363629
352235
279750
426277
181751
238141
154560
358200
113237
110867
430362
437361
333851
189824
389119
347131
238491
181232
359195
397390
322866
394675
196288
371463
344796
240421
425514
397070
237112
337354
344993
294448
119026
455937
263385
430373
378853
386755
175415
391714
267694
143201
186666
231232
415030
248704
432207
271524
229933
217047
258301
382881
314553
389123
258572
187458
232774
367503
131334
272743
313664
420726
294544
428099
157175
249354
175091
197019
110715
168835
409992
245098
415025
232840
125523
189584
181784
166809
191572
128202
138941
225292
224564
221972
274309
409621
196109
215821
274179
303542
368556
429868
206334
452629
183796
200292
435950
146465
340867
418888
194917
375020
365103
210797
247065
151401
299522
118912
400098
233425
334583
394198
172969
447725
241219
270305
178875
196176
117505
127509
154708
157929
397420
268223
416859
400029
248538
231328
452683
141214
422691
429205
212202
204592
206676
119892
233283
369508
267497
361818
301564
416504
174667
398358
367464
408551
437718
435481
276410
175092
221843
447041
229360
204401
421724
192281
380307
321201
248899
431735
297222
304693
316579
369924
327831
406161
145159
416412
270452
408102
176317
194361
429123
421213
430543
444620
438597
404502
391868
146660
411788
231388
323503
365350
289582
124729
252953
251888
411147
373266
320296
143659
164214
170653
333730
327625
397254
208919
146832
425669
354518
408224
120057
185862
339109
400581
397698
142373
311317
243883
450557
201923
173443
232307
103222
157303
224834
335837
192191
170569
418721
104863
180155
181297
437696
365127
440418
346140
369076
215220
142413
170725
396684
263143
104015
208811
444443
255961
431647
226016
110838
320952
295682
227792
401087
396755
244948
370480
147165
249014
240582
103166
106657
205265
385097
104619
351011
299046
161020
295781
138388
378177
161192
117261
356310
245916
302337
299364
330135
327288
326819
143372
388495
396011
188278
379218
443176
110137
357953
257684
432056
429181
199451
226204
210818
143426
265699
439044
249700
244209
281975
204248
133281
138931
214276
194884
126405
283031
456038
446814
139154
402239
365812
242597
303703
437947
242774
175797
311456
124833
370712
135624
254243
456053
440381
255722
376778
352993
390543
178696
129149
416221
283172
319204
444237
424540
231466
272069
260864
283907
242819
315255
390700
170185
277084
213284
374574
266706
270289
220599
348838
243429
387716
416182
197660
312911
251721
328004
240273
110589
205419
416110
383023
277890
110464
184533
392072
356516
278772
101896
239492
311762
285899
174338
103245
158204
198308
205767
376883
251548
337544
302731
340207
402750
135702
218935
388652
410481
314462
163990
141379
212708
246552
103719
290040
130465
363692
362473
119307
423642
106048
404427
337434
449787
139114
418710
194206
376026
214063
185907
318431
378769
261780
450852
201915
204845
319813
252413
262669
314540
113632
122825
239916
175643
449327
167248
226947
212043
296106
108984
230313
285558
230660
152056
235465
275589
116799
111426
127167
328927
296608
153684
187492
385934
289549
224062
263878
415141
271916
153361
249730
263902
241842
386996
111188
150788
280041
441955
248783
368914
230955
331714
428029
305609
387240
146085
144126
378552
287256
205422
368710
243078
363977
145273
132168
206053
215172
205333
447186
195202
181781
354169
278143
137566
226305
450112
190292
155419
398213
150260
362425
430109
229408
356349
173480
294654
298472
222962
301520
199220
154317
329233
203232
349462
101013
290558
356364
333413
220274
274707
372897
143057
249785
168616
252178
107678
136005
427230
353786
404465
276858
161826
273400
137155
448348
436187
357207
336320
295206
355430
236090
234547
190850
194690
330230
135860
114662
131182
307626
308392
445651
355774
304632
154051
342077
342328
259972
106319
352022
134607
439821
121976
197391
243772
395228
333660
124982
449588
116714
221778
362353
104577
358017
244712
152189
103543
418288
417008
152118
348326
292398
289824
184168
208692
329795
388626
212756
115525
221196
306583
106396
422474
314191
316738
412783
279824
230761
282409
225099
122484
368917
260811
359715
361688
132173
187807
268259
284321
204078
105527
205250
336718
113367
130650
358222
250600
435715
276885
436158
132252
290875
313529
336170
167038
173200
138355
412044
168686
301668
243486
116769
338388
234313
403908
415795
401173
425316
413289
371404
202334
244494
272017
226017
288220
358114
332933
160943
317229
172952
342508
432144
259294
328786
124568
182082
160560
283321
176633
235667
380885
197385
156665
313549
402936
371589
286228
155867
342876
175717
336203
372464
256510
125828
193330
449752
192266
342114
169542
320508
333996
127637
203931
365572
334988
234702
364557
420904
350930
328725
343186
383111
286478
166735
104310
146845
195513
348425
455317
357049
206231
340152
177655
425580
337493
101239
301786
222622
448043
199769
329845
309120
427707
259666
194489
400139
454936
316886
185996
226878
360902
316884
444299
293133
321456
151205
210435
248498
136652
202276
125931
407397
259472
134294
256623
236310
248796
260445
163466
388004
201063
151702
233025
410080
388378
454290
454320
372240
190165
373525
157440
437347
186618
220301
201613
165873
164394
143704
382176
255967
368409
126605
210185
433265
426931
142677
429819
121565
429686
143907
227079
340434
138887
217951
207861
404710
388541
406745
195696
153607
212383
234392
154414
386323
178389
368474
143689
361168
388638
256942
125564
283723
246391
306200
403068
280780
242027
271842
234712
454086
152576
218274
239280
311107
121511
279340
342013
345414
102297
109641
351835
183329
390012
314057
147123
157568
362234
413372
191312
292190
420049
207531
299218
364083
307516
394583
140107
330823
144733
216235
338918
356103
109077
153158
377118
278231
236883
378662
314456
271404
251585
394555
167483
183870
253276
369687
405162
178124
382955
144931
356126
398531
146672
249983
212111
191017
312759
140209
381378
109040
180605
230753
433834
331973
219210
407996
429888
179002
373090
407529
359919
148134
174642
249679
138027
341981
148391
319218
133304
134304
136678
340136
203824
262085
122270
111075
209520
263451
284534
257847
354938
301171
229895
346097
296368
139066
269319
114810
356197
428248
180548
383784
103140
187311
378929
152990
317984
251456
379835
185525
131176
157477
136324
448904
323274
168035
111138
116595
232589
120363
382308
303640
205316
396061
117254
170131
272729
384446
307518
221756
192699
345380
129390
190086
165249
382501
225729
335578
110162
363378
265692
226312
393553
391611
286284
251734
255552
147778
175666
156083
352757
235861
162665
414523
130219
320309
126063
197599
363055
180565
364460
447885
411878
234674
375643
159330
209405
118559
430772
407769
199733
108198
374873
137893
243846
416601
228149
130646
129364
119254
424434
335285
204819
108111
136271
361908
226376
234390
216491
224312
398549
155472
434665
243490
284339
208440
418184
253036
425599
353092
336441
277402
175218
348924
255168
190130
195872
448866
213147
115876
352321
168545
146493
291395
413106
361844
257683
216506
229440
258921
348284
454820
430159
113900
110671
173958
193186
419962
214226
364196
142788
242701
373200
394035
158092
278135
103414
289954
166354
382982
108646
346665
193163
117986
344976
231816
210448
314764
176977
450020
136621
367156
108400
435977
354094
384485
157897
395613
122353
284852
420325
118844
190407
390178
386424
396799
232352
408745
220097
375465
330774
353357
300987
263655
253871
401272
261775
157295
171489
373679
296819
405170
249064
310264
322822
381208
280728
132954
148838
448303
393612
165285
339278
118959
315213
214876
388475
200109
362133
115637
261035
106992
450829
377359
168103
318836
356878
165038
359423
376822
196542
124765
238726
393801
227381
180930
320406
403469
422178
246713
451909
189829
372961
252973
431671
174363
106908
145611
195196
273071
267626
252086
184620
125577
411149
231855
173775
192895
359193
324463
214339
306387
310377
395871
149953
255071
163462
396748
345823
196380
298809
356359
397499
338369
283819
411276
299580
194179
225769
354026
301822
176094
165506
316299
332499
142019
306358
133859
384070
366562
420518
453126
329322
280475
447283
260935
228575
294680
385226
338880
311448
405420
419997
217066
233337
359951
118119
168099
435692
268916
300076
424086
309575
224201
455781
404785
422726
237920
448956
363025
315157
192447
121465
309542
314304
115859
344745
448648
160645
277152
263668
102539
130296
242462
184437
306793
172753
330351
254231
167585
322265
112508
260523
195735
452631
280129
202575
450502
446039
138705
311292
345158
178528
137474
309284
422969
260612
344463
332193
309524
108757
168904
223624
327353
185426
169311
259028
424303
393220
114495
192248
426613
439398
354240
320240
153131
417601
136743
181391
365556
303333
180384
257945
215541
343585
130897
213463
114374
186149
235600
193061
385461
146568
171162
280640
245805
129856
201037
453998
366089
264948
421637
392101
271755
345022
177928
289326
416092
117438
232617
202598
255274
266166
353387
260354
307349
320819
153698
356751
109310
220925
214351
171429
413029
400665
303983
287982
289657
236011
146875
407099
300700
273783
129252
320405
238920
223026
114704
249980
335390
307883
443946
126394
113166
203049
180676
417568
181164
333958
379755
250435
354629
198093
228221
389137
127301
380948
337763
341923
218402
106420
186176
315407
377540
276457
303187
345177
250729
138473
352130
423275
133549
374767
341382
245750
303153
149359
353291
123390
449563
133529
347740
295419
301237
307778
267281
195950
187790
201455
407182
442784
453636
318941
411696
202579
220687
287683
179159
275724
178650
142083
107773
441631
248285
123568
390134
136437
282097
103623
346556
408948
131805
297394
282520
345389
110991
278801
160007
217827
160238
371866
198492
408971
208005
246088
388749
155134
259120
369340
242666
201788
412209
246328
109420
246063
261817
290611
427375
285898
448558
111679
239014
332766
372447
280461
352476
313206
184360
402812
358014
424632
102911
403952
170553
445269
169577
203393
257733
194463
391395
355967
197800
259197
268846
436200
349005
203418
261685
232179
420266
445297
317662
201112
252945
423551
355600
305226
178762
308400
355012
233029
394889
425738
274303
397933
276598
159891
300884
251878
207311
201142
168895
294659
360477
145934
331766
212003
216246
336458
154422
414113
235033
215693
168679
427217
430798
269467
453384
294619
259504
162599
126376
434189
440194
412963
135646
165941
320393
419460
282617
130981
436186
319378
276413
126989
330748
202903
276871
234080
302220
246684
427351
277461
380482
128817
226313
115418
431453
344719
102678
364287
132294
147592
281769
237695
181607
275645
362698
286381
270361
296718
214244
209321
386218
131566
187016
352978
181176
329218
285592
251589
277661
232992
169736
330369
298983
248044
451535
118243
414319
429608
425596
155764
440500
147176
123469
364652
219187
193312
173000
304366
338485
160314
318736
439035
220945
324994
143056
182628
143906
300763
161991
447334
455039
194925
104163
132487
174258
202909
324164
237865
180290
304307
415586
411548
336769
347603
144840
243743
423044
147478
191756
398151
394570
306028
317519
162277
191294
160960
201473
426003
217321
345075
253165
453536
386855
298767
311919
203093
178482
366017
434203
390306
274858
357053
175700
266180
407158
184212
264534
166519
281797
317531
217631
424964
394654
397358
360172
258217
140123
430179
401527
319146
171991
386661
264583
303414
195854
442657
143008
355791
157616
265089
241053
372482
106518
264892
276063
405235
169865
311879
240580
240557
150480
312589
283460
274469
109805
388327
369252
205269
234041
291549
116547
105610
115661
169031
324328
199672
132507
125527
368676
140134
225564
213605
345874
195109
369199
357076
169747
375066
104260
343172
230822
234535
204262
248064
159406
278929
188392
107202
371226
192834
385676
287195
419388
255940
274120
409548
269393
335752
194440
330139
266528
342189
128665
443093
294534
430041
270882
213433
165331
167665
454957
237484
233778
447245
248938
331050
113681
383799
187531
222147
453355
416718
408732
229542
172118
173610
279520
192019
432109
432089
339210
252477
371290
353517
175051
145614
382030
109868
427743
333719
257305
263448
308031
232204
146151
421773
363564
253565
180780
193581
153239
382564
200816
301841
455466
179811
280377
256668
175898
260660
210224
322667
311843
278565
221125
306719
333225
384495
211274
408535
305419
107135
111574
311581
257170
339044
254018
151885
246248
385029
118169
290582
374242
138656
121982
200803
121524
178002
109178
418571
381269
232528
456136
218128
288880
433647
256243
190746
350534
237616
410414
138346
377593
176629
214123
242063
353489
288575
339516
381513
384162
290771
204634
271179
264374
187733
305073
101597
306617
103242
124104
245814
377407
369281
230207
293269
304963
444684
138836
151178
394609
420228
101781
137678
225411
148523
336934
123461
354983
374193
424991
269398
146894
180561
220137
331042
386058
446334
210617
123791
375305
146497
346485
454759
316927
381731
388335
352187
417788
317823
227519
178003
374884
154062
102036
400570
132758
141046
175289
268596
198610
283831
140758
292522
364517
168017
267268
226036
147023
397833
127998
171450
233768
274792
232414
261932
409295
338234
386985
320155
141111
447622
192733
261766
421095
319152
352606
418557
452118
116531
162558
131777
319529
123152
170512
268589
128877
324698
314556
116556
190625
371928
341351
193129
348416
313819
138101
432796
236501
419667
107548
423946
165083
346608
450934
402833
297652
143203
167722
428803
122666
306123
354519
257908
267463
451309
265537
321177
348861
410990
390277
241664
123721
275410
438872
265812
162625
392124
190692
127372
190490
319632
109254
211628
209829
282764
264137
340907
141139
265906
455758
349747
395364
438138
422301
392361
417272
229075
419911
422697
349618
320776
350325
129519
169447
150218
320423
188894
172388
422179
372191
229022
420992
128828
207815
144706
187147
143444
147811
446697
191235
432184
378196
382515
285620
130542
275144
431475
235127
236098
437069
354520
398710
350565
231977
287112
355960
389269
132513
455478
285223
169459
402060
255550
295674
311855
339657
287814
334661
380221
259515
378309
348591
342752
152512
250122
350839
191563
157813
274056
265004
171100
438530
326242
306344
186733
319164
206431
323487
325964
373255
359103
133865
399699
250804
235211
226753
212164
284082
176311
347043
231140
133642
415440
401779
144060
413012
282940
389468
422417
393297
280894
344069
202243
260036
119356
192267
157198
284714
186810
247740
146701
129272
442257
311824
285499
362143
134586
210308
441601
255393
249260
122153
120365
219217
180636
206193
417777
201861
362879
245658
417957
367371
148513
311406
133944
138191
349080
308656
205483
279825
196690
420406
364416
384717
291537
149917
435554
409702
445444
135176
278766
437442
115486
149089
134837
131745
119832
306737
135197
104210
435599
236424
251695
303767
427712
260282
259142
372769
296838
305487
199615
206929
224367
189020
366950
337503
249017
240518
303049
402673
306195
235882
206304
243045
445061
186577
435055
158772
301056
110831
419096
118566
234073
330233
261993
352878
447592
230555
345192
427343
289962
174786
138774
318888
381206
165638
287504
119606
289866
392223
237680
224446
148470
295343
262703
144871
317943
318230
407490
219823
147703
212158
106076
132847
250973
274612
212406
235590
145584
181330
416931
350786
128947
276511
247916
185248
359510
409908
398108
387715
303878
100825
210928
347717
206993
118979
136365
289744
230790
141069
227466
440271
226278
380510
161365
115544
280884
407504
156902
184055
300332
370225
287099
376268
119960
230977
317685
299544
280169
279420
202265
178615
375867
439862
339137
220788
153130
357495
445031
174695
186823
138058
424978
431108
206364
422006
163303
187714
214672
308263
368734
455409
135654
339946
407483
373847
296268
130094
297567
254517
377864
372681
289330
364943
328961
401320
147618
102857
349258
274969
158669
210948
448792
377341
345147
279995
206852
121127
367539
332365
171602
262270
435775
444202
287721
374934
335984
334239
448357
370285
297732
156713
168741
154464
317254
144332
131644
404648
401663
205101
279920
185244
285025
252560
334768
290900
251880
307855
220239
351083
312611
176413
128363
242223
168159
160485
217654
200761
398415
389710
435901
220361
176599
245197
162008
253633
447803
426171
135732
170096
119291
339724
257808
256158
238977
429110
397923
273388
308810
106182
395684
355699
220730
301038
433809
321423
327561
243796
294675
367543
260654
272491
412908
344886
322727
175327
352934
162239
308668
413412
123651
102761
409573
139758
227180
357236
152349
120283
142271
196033
447964
110712
251191
411413
206726
418564
416246
317359
445844
231883
156790
324137
282864
238751
295989
147059
422439
263635
288147
349061
158067
404746
193710
273103
232772
382970
327111
288309
193017
427286
127134
271015
216499
372601
132248
105796
378499
402163
181530
350536
270539
180359
164709
351693
307012
121521
358817
205314
125319
432939
327426
343725
188250
431284
427576
155722
347345
334289
394043
375767
289801
439162
204018
314747
125550
394944
280173
213798
107489
455208
369014
172037
351764
380157
280766
205557
123194
186691
194467
406026
230493
444131
179656
220320
240688
170110
122587
268499
203543
200155
358671
295768
110077
232249
139458
166579
111563
201685
286828
122426
240680
286475
257831
254479
378888
104950
326421
375470
258512
302776
330512
210480
118213
122202
266163
141659
205644
277751
206100
109861
334704
260093
176328
225670
376663
336018
176211
425779
214738
125855
350517
357085
118749
120121
342718
397733
448649
362591
251155
128621
156514
283734
203577
115934
331067
197371
288092
408782
262156
339527
343946
169585
284383
239285
356437
421792
154210
316586
438234
426642
279914
321571
416121
151856
361618
134847
178272
226476
167085
386626
277101
181198
178412
342346
171946
222877
117122
391563
174595
329548
271804
357021
122310
432996
112938
369618
345650
357980
360131
359109
308125
131605
360497
287465
391294
302260
286135
298652
252263
451028
272269
254849
421384
163859
216790
299751
279495
343966
412989
184430
356511
149849
424795
100114
188146
416698
392433
154769
268534
214891
329862
159238
348601
142058
367669
166709
313792
409657
157161
265354
425544
379017
438370
305017
321037
363484
357492
197313
326441
447163
112987
226139
184905
141105
217459
344284
168018
125603
267669
133795
395609
301774
307497
399320
166624
258628
284531
352367
111285
425851
244075
324198
182300
214146
220332
363510
190867
307843
239268
347839
282341
425257
141397
440512
442556
422741
420641
287404
339547
182619
359877
210068
264149
207403
431627
284765
421220
400216
410150
152354
149186
301245
320132
106517
313945
214024
363868
307969
108520
378093
372941
118808
145472
210773
116888
153560
231879
109993
198864
395816
433570
172435
400692
129237
178163
334545
442610
180964
131674
181935
302459
322115
370875
285818
452153
362950
121864
330885
361215
414881
259074
429433
246593
205961
349075
253458
319972
432794
281478
123840
193598
174752
294495
114792
290133
407007
419627
285229
235650
140572
412958
179690
403136
401231
107733
224977
320131
316782
121206
445279
325998
165629
322506
316260
242704
348101
103429
105959
199894
297066
398637
379567
150037
204986
327677
375287
255402
426374
146954
287934
171005
414264
389630
306102
223053
218744
193355
424206
262004
286026
296956
436949
176216
154964
131175
201312
203422
132872
244550
297996
294855
213330
321004
161272
276340
123749
350538
449624
429225
414261
400269
276914
340697
417100
447728
296377
264649
361076
350849
160216
274527
135463
346327
417287
130225
363719
138168
165129
237482
264521
187322
155404
425502
319854
333663
407285
246690
334926
137327
116098
300343
156467
437145
325015
371902
228823
207298
262403
263896
449370
330976
319148
201250
360797
426099
256503
270294
400307
237893
336485
100055
270139
360139
106113
186849
378815
372372
105126
410946
382307
179370
315829
296655
317444
242592
166483
169084
319629
178563
240276
293398
420323
265240
193721
189427
330267
403053
222573
343689
275300
184412
443681
377262
401750
233731
281289
297713
386123
157339
157031
173683
263168
166851
305793
289748
273522
432106
181109
337489
221449
402207
428666
280090
177957
409517
100347
148696
284181
297942
376014
303596
385406
355676
354010
305313
265495
212229
337471
263700
115631
404387
224703
105830
176103
398013
160419
372892
350192
199440
424172
137402
435936
135763
398891
363449
321833
142154
241823
271795
175099
218563
227278
223748
375959
418748
251698
325504
187853
282289
219104
201562
416803
300193
248822
240399
146134
212363
118734
208194
344505
196591
379561
426908
318501
213003
412771
409309
390362
145804
446339
294294
157549
231436
430273
199006
183570
322905
200050
341219
357086
157918
315666
204818
230731
236178
442899
208244
166756
126955
339525
158691
261333
314443
379157
264024
427389
225177
285445
431455
118741
274083
408858
100225
188822
165668
410168
236255
227098
353493
183108
450876
313951
109146
313685
214653
213613
415739
227063
186722
431833
140724
288776
438209
251670
200719
161668
420557
334738
171252
108158
356313
272394
172565
115741
439872
194111
332230
147190
365459
329793
266270
318309
312043
271773
139698
341762
239521
261020
259945
291367
452257
262413
295707
288584
447058
310052
102921
284792
333308
338214
215228
140933
197052
440367
242643
348656
351522
304547
109498
140036
285828
242095
116563
122463
441469
216068
418478
353896
342929
216037
195251
322536
276218
306843
219296
382336
377884
110959
175181
228263
165579
106957
272408
202906
376871
320658
409966
119036
357480
115240
208807
332293
170451
380388
350159
194285
288300
202526
165922
149719
163870
304247
101373
397945
255617
402412
177998
190836
137273
402194
348699
363682
434932
149621
124835
235847
389922
215687
354448
301840
141669
156831
378820
395827
138258
315363
181128
354491
286637
177355
341784
162597
338625
123121
129381
254488
418645
171204
279647
364463
441224
285638
105762
249890
194977
447560
271705
248437
239442
290067
337666
382022
410601
416379
333099
224765
209357
269896
335868
438275
320771
296342
258266
242226
421971
410156
250635
290203
243183
353116
168240
180321
311307
369628
358912
173898
396215
347468
238510
445886
353206
387665
227042
242900
167866
306703
298733
178429
237914
406692
277960
353741
169954
124760
292375
380889
302363
426061
368356
302943
334784
374648
370099
332960
338243
374925
425111
161143
435365
425063
397660
164565
147108
204091
322976
223315
398015
271018
229862
216643
370933
172850
139489
279345
190186
161036
333425
353559
295478
393761
264017
237278
360529
414649
148907
377446
213410
138221
405458
455883
373759
166840
207637
248885
438780
284078
349619
135223
349942
314965
240850
430329
110132
108725
451254
138821
355478
155137
313598
448398
455358
121376
377647
314051
321146
269825
179028
436084
160724
431060
421234
397164
286415
326591
439623
394309
401453
205240
135101
276909
266011
422229
108556
168552
193584
340707
291760
442238
246934
139417
153848
381943
322951
138442
416932
330185
261181
216632
399413
258699
304754
190950
401647
398154
175365
116513
299381
434561
102908
334369
326319
203047
196886
197407
323651
448483
295066
298240
352433
164182
108764
130537
287380
331597
112922
117885
355196
440675
223813
201074
311689
215144
223260
151810
270932
137625
401736
411316
237366
284094
449452
241637
238086
301074
282818
134299
208828
258394
207624
430898
339312
381390
100216
120514
206297
311488
398228
157893
317015
362812
194613
192768
451064
226032
394793
175318
435660
139073
359303
180585
300582
370680
186181
290290
420754
418752
131353
212502
117314
111073
440134
265196
369575
130764
220095
411068
328367
218841
303031
207236
430716
243074
112571
193305
290124
188304
123754
259921
359508
330722
333025
204914
402605
362403
151671
100612
367943
201496
201326
106299
302079
109028
138231
454571
440466
421520
416359
184241
181103
255757
190835
427013
185671
455335
192505
326604
239824
333679
347949
328541
319757
107316
197817
311510
188419
152578
170465
242799
181646
127617
153904
269407
141232
107799
272074
298144
236899
193219
288213
323950
161529
183126
421743
451597
261270
398225
426932
146619
112560
218193
150888
342338
292932
150198
245198
300215
405723
213806
167493
450516
190656
301099
425671
313704
316140
445912
218348
204747
391872
411122
146430
133988
151869
386766
344962
114947
156481
164368
416527
234275
340766
242686
450774
385598
116230
310330
397771
338797
241906
147751
377777
363294
196710
349676
435088
151116
353458
184949
280003
440265
254965
163733
108202
346096
210661
344868
455049
355185
358441
318700
342075
272210
375757
455624
296791
353743
283331
335409
172631
361681
419771
439679
255249
143684
225256
274264
399290
156361
277141
346626
126371
454501
218102
100375
252557
390320
281038
364752
241186
366752
229281
199271
254838
127420
278040
100757
213615
206435
311147
404178
222429
315964
225087
168714
246125
377438
205008
101121
160739
107282
384034
427876
445055
383067
154466
314536
112220
218808
390652
171745
389260
436087
374683
246119
145572
105423
320178
154855
442611
268594
350128
418506
107666
323258
198115
109795
435037
293735
267988
210495
180797
328728
126115
429088
313089
257691
107667
392294
218588
372920
335734
156520
110361
202931
157826
166512
359913
123773
343644
443701
188750
389680
361274
388125
278789
174765
291934
365899
453700
205915
134859
409238
373325
212627
235392
439308
192251
222207
283454
257914
161789
406679
385523
162826
110356
453004
208912
275024
356167
183926
101914
226801
136962
252052
386133
365762
341804
238484
286524
106482
115696
268804
406298
276752
289213
360114
205266
194504
409236
181730
237758
195743
169391
339534
187578
324746
253213
341955
390502
455993
270124
231724
225993
106343
203512
216671
180682
366005
216730
208756
304937
266952
443372
417190
120833
203842
307617
328149
404188
314922
258649
224170
303957
413309
250787
347157
443581
397340
244752
337643
237548
204263
212467
421433
335774
424598
219025
117584
360069
184063
358142
369129
226035
163046
195914
250014
260431
137120
417105
377550
183947
421151
425226
350156
223063
157717
271342
452853
406025
310024
178562
404209
329279
107067
335286
226402
159143
221192
218424
160326
168851
262923
401104
167046
380146
170184
206225
151243
227623
134767
305850
119723
192894
368725
332344
218066
314272
431727
149628
382345
312058
419675
191987
279640
174996
130241
374476
248215
136833
365289
375716
305016
188093
213474
161187
121712
