110007
156387
294181
274002
221428
416789
439159
398605
255908
206906
142950
258584
323175
135108
339250
361944
307869
420163
240393
202023
250748
282113
176784
445407
305614
328476
294192
206159
123660
417697
379741
404543
432496
140240
163762
422233
225578
199255
160638
357051
308409
299901
157993
159665
305589
154682
279855
224099
229585
348063
364829
235257
357029
108315
172709
178653
363884
361771
141917
275477
164421
106396
184708
128310
199439
171995
112972
377747
158826
436620
259082
392834
107869
428684
383222
146412
251834
202978
411575
251216
335757
395303
353597
158577
123228
310207
237063
140856
137835
277534
455084
293231
394638
452738
285590
395641
120419
444915
183190
258922
456245
232295
394610
117885
182131
352641
225148
229957
250766
420152
330401
112146
128969
192035
184436
357829
128817
175636
356730
190883
359271
447872
309801
381587
272437
154781
247295
293216
401200
188230
254864
354966
200254
308607
397009
172195
122584
155057
179360
147000
435876
173210
404130
318833
342488
133894
306200
165297
138014
438840
272053
431326
255614
134517
178524
378858
185073
124305
336405
254936
