305495
322915
156387
274002
416789
439159
398605
255908
206906
142950
346033
216507
323175
401782
339250
277440
361944
307869
202023
331831
250748
282113
176784
301519
305614
328476
294192
206159
123660
417697
379741
432496
140240
163762
422233
225578
117827
160638
357051
330267
354207
299901
157993
325164
269299
159665
305589
154682
279855
224099
232650
229585
348063
364829
235257
357029
108315
178653
363884
361771
143155
141917
275477
106396
184708
128310
199439
377747
259082
392834
107869
428684
383222
251216
146123
335757
353597
158577
422496
310207
227121
128791
140856
175041
137835
455084
293231
285590
395641
120419
444915
449337
258922
170767
456245
232295
113912
394610
182131
364285
453050
352641
207842
229957
250766
231640
330401
112146
128969
252842
192035
184436
357829
128817
175636
356730
190883
359271
447872
309801
381587
280179
154781
293216
163709
401200
254864
354966
283877
182041
200254
251173
308607
343410
248919
172195
122584
229426
155057
179360
435876
173210
404130
318833
130238
452989
165297
138014
438840
272053
431326
299000
134517
178524
369916
378858
185073
124305
336405
254936
