305495
110007
322915
294181
221428
416789
439159
398605
255908
346033
216507
258584
323175
135108
401782
277440
361944
307869
420163
240393
331831
282113
176784
301519
445407
328476
294192
123660
417697
379741
404543
432496
422233
225578
199255
117827
160638
330267
354207
308409
299901
157993
325164
269299
159665
305589
154682
279855
224099
232650
229585
348063
364829
235257
108315
172709
361771
143155
164421
106396
184708
128310
199439
171995
112972
377747
158826
436620
259082
392834
428684
383222
146412
251834
202978
411575
251216
146123
395303
353597
158577
123228
422496
310207
227121
128791
237063
140856
175041
137835
277534
455084
293231
394638
452738
449337
183190
170767
456245
232295
113912
117885
182131
364285
453050
352641
207842
225148
229957
231640
420152
330401
112146
128969
252842
184436
357829
190883
359271
309801
381587
280179
272437
154781
247295
293216
163709
401200
188230
254864
354966
283877
182041
251173
308607
397009
343410
248919
122584
229426
155057
179360
147000
435876
173210
404130
318833
130238
452989
342488
133894
306200
438840
299000
255614
134517
178524
369916
185073
336405
