411986
385589
449125
352794
314775
354594
104075
257693
350380
115263
183012
404746
295614
374689
430640
430781
388417
451776
122727
107103
409585
288732
101642
246901
232457
247827
311906
317090
229733
309126
285707
288050
434420
416817
333666
193345
286435
140914
364974
288544
209213
299221
306370
186167
373471
204031
188361
100546
303735
374327
310465
370950
275543
416756
103677
232904
438813
222233
240590
454388
329821
124661
295638
427904
456143
138826
442957
429771
189401
215950
105385
438135
336842
333619
187406
167348
187729
387757
173501
217446
363370
199745
111400
398627
428376
256952
184572
148755
264155
148541
400818
248929
114087
347125
245007
248372
332264
124262
307784
344847
435403
396491
162065
339045
312999
121999
378198
435201
104852
221755
250341
174169
154282
378013
408373
165438
192543
272401
109794
304156
200683
226606
125440
172222
204743
406804
407281
215550
420741
227547
440084
328389
324386
379806
427539
447859
161305
160600
452078
203115
201605
136608
374860
164936
433194
266803
232960
415029
163435
434565
426998
307650
306762
189710
290521
121004
217888
192847
147874
394867
246024
373610
406322
266876
324780
125685
152352
230601
275196
407641
111298
315604
389588
383975
274557
405086
287377
265579
157940
439939
368149
118512
193253
375145
443322
131919
196460
380264
329679
279254
176671
182153
260502
152558
134282
281398
381327
258177
342910
454189
176393
296073
423078
319109
437555
277973
313404
137725
238847
262876
387535
251799
448098
180805
303488
327805
152124
271342
353791
166504
253675
385582
450323
354859
392206
288288
446027
432040
241206
142583
201765
306882
192609
187839
309277
397291
309046
289399
318231
117566
405007
143259
147209
157957
453647
107053
301013
395709
124112
306558
387791
315758
278396
133167
438335
143527
368669
136651
438796
155354
181979
417152
203285
379853
343168
449217
115762
247975
424688
230337
161135
390930
142910
279206
274232
298477
356672
291352
231095
344539
438661
328765
272105
419040
379403
136354
286794
133695
137538
302677
209283
207938
132214
435339
162676
150664
439394
244050
363617
160344
228302
310680
169568
384654
162835
143412
151911
412737
283916
403323
263145
332494
292005
172185
421482
129888
149953
259524
182561
322399
