317796
385589
449125
352794
314775
159864
191299
269235
354594
104075
257693
429688
350380
418170
115263
451676
262319
359228
156873
295614
374689
430640
430781
122727
107103
288732
246901
294683
311906
317090
164745
229733
309126
406517
130803
285707
288050
416817
333666
365478
193345
286435
140914
364974
214860
288544
209213
299221
186167
373471
100546
419548
148554
303735
374327
310465
277698
174165
275543
416756
146158
103677
222233
240590
346425
454388
390072
329821
124661
153077
295638
427904
138826
284829
189401
215950
394168
105385
438135
134098
129624
113425
336842
187406
167348
187729
387757
363370
199745
111400
398627
428376
256952
184572
148755
264155
148541
174345
400818
320262
248929
347125
245007
224385
248372
332264
124262
307784
435403
396491
326233
162065
339045
312999
121999
181702
378198
300298
104852
221755
250341
174169
442943
154282
378013
408373
192543
304156
200683
401903
440226
125440
172222
348618
204743
330961
156224
406804
407281
420741
440084
328389
324386
379806
427539
161305
226242
452078
203115
201605
136608
433194
266803
232960
415029
163435
434565
426998
307650
306762
163899
162311
290521
121004
217888
192847
147874
246024
402805
406322
266876
324780
230601
373270
275196
199838
407641
169912
111298
315604
389588
383975
274557
157940
439939
368149
118512
193253
211778
443322
131919
196460
380264
279254
176671
129567
260502
152558
233004
235126
134282
258177
348194
324350
176393
296073
423078
319109
437555
277973
313404
357490
107455
238847
251799
247689
448098
180805
303488
327805
151551
152124
118161
353791
166504
253675
385582
450323
392206
288288
206357
432040
241206
142583
306882
192609
187839
309277
437711
438373
309046
289399
318231
405007
143259
147209
287236
328376
453647
301013
306558
387791
189365
315758
278396
133167
432090
368669
442279
438796
155354
181979
417152
203285
132011
379853
131016
206081
449217
247975
424688
230337
161135
390930
142910
279206
274232
298477
356672
129246
291352
231095
344539
328765
272105
419040
379403
286794
137538
209283
207938
132214
439783
184321
162676
150664
317252
439394
113792
363617
197617
160344
181894
169568
384654
162835
143412
151911
267560
412737
403323
315368
263145
451459
332494
292005
172185
129888
149953
322399
