317796
411986
385589
449125
314775
159864
191299
269235
104075
257693
429688
350380
418170
115263
451676
183012
262319
359228
404746
156873
295614
374689
388417
451776
107103
409585
288732
101642
246901
294683
232457
247827
311906
317090
164745
229733
309126
406517
130803
288050
434420
416817
365478
193345
286435
140914
364974
214860
306370
204031
188361
419548
148554
374327
277698
370950
174165
275543
416756
146158
232904
438813
346425
454388
390072
329821
124661
153077
295638
427904
456143
138826
284829
442957
429771
215950
394168
438135
134098
129624
113425
336842
333619
187406
173501
217446
363370
199745
111400
398627
428376
148541
174345
400818
320262
114087
245007
224385
248372
332264
124262
307784
344847
396491
326233
339045
312999
121999
181702
378198
435201
300298
104852
221755
174169
442943
378013
408373
165438
272401
109794
200683
226606
401903
440226
125440
172222
348618
204743
330961
156224
406804
407281
215550
420741
227547
440084
324386
379806
447859
161305
226242
160600
452078
201605
374860
164936
433194
266803
232960
415029
163435
426998
307650
306762
163899
162311
189710
290521
192847
394867
402805
373610
406322
324780
125685
152352
230601
373270
199838
169912
111298
315604
389588
383975
274557
405086
287377
265579
157940
439939
118512
211778
375145
131919
196460
329679
279254
176671
129567
182153
260502
152558
233004
235126
134282
281398
381327
348194
324350
342910
454189
176393
296073
319109
277973
313404
357490
107455
137725
238847
262876
387535
251799
247689
448098
303488
327805
151551
152124
118161
271342
353791
253675
385582
450323
354859
392206
206357
446027
142583
201765
306882
187839
309277
397291
437711
438373
309046
289399
318231
117566
405007
157957
287236
328376
453647
107053
395709
124112
387791
189365
315758
278396
438335
432090
143527
368669
442279
136651
438796
155354
181979
417152
203285
132011
379853
131016
206081
343168
449217
115762
424688
161135
390930
142910
274232
298477
129246
291352
344539
438661
328765
272105
379403
136354
286794
133695
137538
302677
209283
207938
132214
439783
435339
184321
162676
150664
317252
439394
113792
244050
363617
197617
160344
228302
181894
310680
169568
384654
162835
267560
412737
283916
403323
315368
451459
421482
259524
182561
