317796
411986
449125
352794
314775
159864
191299
269235
354594
104075
429688
350380
418170
115263
451676
183012
262319
359228
404746
156873
430640
430781
388417
451776
122727
107103
409585
101642
294683
232457
247827
311906
164745
229733
309126
406517
130803
285707
434420
416817
333666
365478
193345
140914
364974
214860
288544
209213
299221
306370
186167
373471
204031
188361
100546
419548
148554
303735
374327
310465
277698
370950
174165
146158
103677
232904
438813
222233
240590
346425
454388
390072
329821
124661
153077
427904
456143
138826
284829
442957
429771
189401
215950
394168
105385
134098
129624
113425
333619
167348
187729
387757
173501
217446
111400
398627
256952
184572
148755
264155
148541
174345
400818
320262
248929
114087
347125
245007
224385
248372
332264
344847
435403
396491
326233
162065
339045
312999
121999
181702
378198
435201
300298
104852
250341
174169
442943
154282
408373
165438
192543
272401
109794
304156
226606
401903
440226
125440
172222
348618
330961
156224
215550
227547
328389
324386
427539
447859
226242
160600
203115
136608
374860
164936
232960
163435
434565
163899
162311
189710
121004
217888
192847
147874
394867
246024
402805
373610
266876
125685
152352
373270
275196
199838
407641
169912
315604
389588
383975
405086
287377
265579
157940
368149
118512
193253
211778
375145
443322
196460
380264
329679
176671
129567
182153
233004
235126
134282
281398
381327
258177
348194
324350
342910
454189
423078
319109
437555
357490
107455
137725
238847
262876
387535
251799
247689
448098
180805
327805
151551
118161
271342
166504
253675
354859
392206
288288
206357
446027
432040
241206
142583
201765
192609
187839
397291
437711
438373
289399
117566
143259
147209
157957
287236
328376
453647
107053
301013
395709
124112
306558
387791
189365
315758
278396
133167
438335
432090
143527
442279
136651
155354
203285
132011
131016
206081
343168
449217
115762
247975
424688
230337
390930
279206
274232
298477
356672
129246
291352
231095
344539
438661
328765
272105
419040
136354
133695
302677
209283
207938
439783
435339
184321
150664
317252
439394
113792
244050
363617
197617
228302
181894
310680
143412
151911
267560
283916
403323
315368
263145
451459
332494
292005
172185
421482
129888
149953
259524
182561
322399
