319409
122024
221606
312463
363660
116494
344567
178583
197499
149871
451778
323641
284293
290321
272601
252677
341879
354423
396500
426512
170922
276893
256410
431871
422404
375105
361346
374858
450750
163700
340869
411383
363240
123174
112073
273120
201328
162463
288647
276308
354651
131899
218532
297977
102800
312552
196610
124148
442664
153070
161731
263592
399668
272199
198126
411235
435471
314604
332470
127233
153807
215312
260928
231317
355469
407982
208448
186086
379995
255956
220717
187312
110916
171683
371070
151658
348098
321693
135179
450834
455338
361749
196176
142452
174653
364654
296975
306639
295407
187860
169090
381936
370775
359909
163427
109991
132632
223619
198361
254003
113239
183689
306192
198324
119375
190391
155319
396451
231705
279554
118551
286049
410265
104224
327052
304988
116913
144929
245554
147815
132788
110130
319324
292165
190459
325348
312218
151707
422510
382388
249761
336930
421417
315324
419929
226067
218949
386632
199994
184912
421947
280751
188395
211723
221191
149092
260326
234894
434255
185064
242323
116355
175077
124571
162591
229156
351426
213388
154532
121421
