319409
221606
312463
145047
363660
116494
344567
455103
166094
197499
149871
377002
188379
284293
272601
164313
252677
354423
433772
396500
125840
170922
276893
256410
422404
375105
361346
378565
291266
259695
163700
295824
123174
112073
162463
378807
288647
276308
354651
426851
131899
218532
102800
234209
312552
196610
124148
442664
161731
399668
272199
198126
411235
435471
314604
194853
332470
153807
215312
260928
231317
355469
407982
208448
186086
204711
379995
255956
220717
136901
187312
110916
449552
290877
171683
130741
151658
376310
135179
210423
335348
455338
361749
196176
142452
174653
364654
306639
139026
295407
364691
187860
169090
370775
359909
322502
163427
109991
223619
198361
189061
276948
173298
183689
170826
123406
306192
119375
190391
155319
396451
279554
118551
286049
410265
104224
327052
101455
304988
116913
144929
245554
147815
132788
110130
319324
190459
420755
325348
312218
151707
234310
422510
382388
182975
421417
419929
386632
199994
421947
358953
188395
211723
221191
260326
130845
234894
434255
185064
378557
242323
116355
425207
175077
124571
229156
351426
213388
154532
121421
