122024
221606
312463
145047
363660
178583
455103
166094
197499
149871
377002
451778
188379
323641
290321
272601
164313
252677
341879
354423
433772
396500
426512
125840
256410
431871
375105
361346
378565
374858
291266
259695
450750
295824
340869
411383
363240
273120
201328
162463
378807
288647
354651
426851
131899
297977
102800
234209
312552
196610
442664
153070
161731
263592
399668
272199
198126
435471
314604
194853
332470
127233
153807
260928
231317
355469
204711
220717
136901
187312
449552
290877
130741
371070
151658
348098
321693
376310
450834
210423
335348
196176
142452
174653
364654
296975
139026
295407
364691
187860
169090
381936
370775
359909
322502
109991
132632
223619
254003
189061
276948
173298
113239
183689
170826
123406
306192
198324
190391
396451
231705
118551
286049
104224
101455
304988
116913
144929
245554
147815
319324
292165
190459
420755
312218
151707
234310
422510
382388
182975
249761
336930
421417
315324
419929
226067
218949
386632
184912
421947
358953
280751
188395
211723
149092
260326
130845
234894
434255
185064
378557
242323
116355
425207
175077
162591
229156
213388
154532
121421
