319409
122024
221606
145047
363660
116494
344567
178583
455103
166094
149871
377002
451778
188379
323641
284293
290321
164313
341879
433772
396500
426512
125840
170922
276893
256410
431871
422404
375105
361346
378565
374858
291266
259695
450750
163700
295824
340869
411383
363240
123174
112073
273120
201328
162463
378807
276308
354651
426851
218532
297977
102800
234209
312552
196610
124148
442664
153070
263592
399668
198126
411235
435471
194853
127233
153807
215312
355469
407982
208448
186086
204711
379995
255956
136901
110916
449552
290877
171683
130741
371070
151658
348098
321693
376310
135179
450834
210423
335348
455338
361749
196176
296975
306639
139026
364691
187860
169090
381936
322502
163427
109991
132632
198361
254003
189061
276948
173298
113239
183689
170826
123406
198324
119375
190391
155319
396451
231705
279554
410265
104224
327052
101455
144929
245554
132788
110130
292165
190459
420755
325348
151707
234310
422510
382388
182975
249761
336930
315324
419929
226067
218949
199994
184912
421947
358953
280751
188395
211723
221191
149092
260326
130845
234894
378557
425207
175077
124571
162591
351426
