319409
122024
312463
145047
116494
344567
178583
455103
166094
197499
377002
451778
188379
323641
284293
290321
272601
164313
252677
341879
354423
433772
426512
125840
170922
276893
431871
422404
378565
374858
291266
259695
450750
163700
295824
340869
411383
363240
123174
112073
273120
201328
378807
288647
276308
426851
131899
218532
297977
234209
124148
153070
161731
263592
272199
411235
314604
194853
332470
127233
215312
260928
231317
407982
208448
186086
204711
379995
255956
220717
136901
187312
110916
449552
290877
171683
130741
371070
348098
321693
376310
135179
450834
210423
335348
455338
361749
142452
174653
364654
296975
306639
139026
295407
364691
381936
370775
359909
322502
163427
132632
223619
198361
254003
189061
276948
173298
113239
170826
123406
306192
198324
119375
155319
231705
279554
118551
286049
410265
327052
101455
304988
116913
147815
132788
110130
319324
292165
420755
325348
312218
234310
182975
249761
336930
421417
315324
226067
218949
386632
199994
184912
358953
280751
221191
149092
130845
434255
185064
378557
242323
116355
425207
124571
162591
229156
351426
213388
154532
121421
