310528
381706
257351
337621
369021
319054
232875
208218
409119
449723
171513
368022
390224
383160
106052
109688
436773
372108
287779
202382
390800
361029
407201
334771
386558
447421
271759
137734
231269
373564
206858
300710
363625
447034
256018
439498
175852
275811
120550
129542
138445
214689
281883
106836
252053
397076
410171
252156
334147
194138
169375
354017
450094
239184
139537
182138
197804
435543
392289
231860
286256
159520
131860
255692
267735
358017
313483
290308
206677
132542
318788
110230
175247
161865
401804
112849
449544
439669
147275
219996
403898
344187
169211
417092
254964
446357
433040
243901
263242
368504
363368
233972
405564
183638
374037
217726
130309
162183
405782
289738
156826
403142
108536
319284
428851
132001
406088
147405
179373
337604
330031
134725
112518
375808
142286
302996
425999
393383
154520
301027
421085
365469
425169
329595
190104
189593
186591
394980
271477
117277
199591
273754
386159
126149
295039
119464
172637
377629
198039
268743
304553
436891
386624
375463
111644
335521
186646
370394
233557
293624
417769
445422
359751
335135
234495
296894
222486
403676
151465
263170
105633
150569
202995
315712
126334
334654
328936
322084
436039
126201
308141
130362
419002
386208
186311
204399
450986
213188
349177
263249
272797
130956
173871
287794
361162
140683
280352
422984
226708
103059
258053
426514
174022
118612
338830
378951
196710
264425
103148
137320
247208
259114
368644
268842
113281
407408
288078
358290
180197
298596
261902
187816
268617
286601
391533
332281
182973
344992
139947
137338
335633
389874
401427
205404
391651
375725
235267
103060
412400
333016
264336
215767
264305
222066
147724
203981
426412
198620
116019
343488
266267
453719
178893
413522
249196
174359
251912
267465
211156
362823
104970
109919
346097
438772
382233
140225
175093
187181
438857
349383
136519
334480
214891
375408
200583
333756
382453
279789
129150
423064
177440
269944
396523
369010
172788
330614
350375
331527
244879
114246
347626
427020
248129
290520
192839
140015
267834
378981
131753
120666
276061
265238
363958
286060
206794
329561
400822
455886
181957
292981
334714
307040
213611
310840
316839
280907
289018
186026
328247
101142
429333
109386
318013
397049
327541
455445
113024
447590
146013
175676
393308
214492
146077
394770
391495
294545
371545
133680
247878
141370
190820
138675
122685
186454
316512
256111
245312
327325
309239
238033
192108
145026
203857
342057
172826
277734
452703
312645
298037
420331
271035
132804
289431
390934
111259
255355
272111
378469
374563
220531
310724
221703
320951
313552
395494
226431
240618
147407
109571
396881
156901
243005
361894
254787
192100
316949
113778
217890
232960
249552
306358
113311
146638
431985
193652
119950
171828
380416
226076
435498
390097
138352
194805
108721
311246
160340
197558
295558
349551
305559
285716
404665
382559
210499
261702
222461
419219
268113
116426
444452
300496
455813
152178
315442
355159
388648
213944
124417
271983
156114
415321
255603
426562
450045
102133
276971
196559
286184
230374
352802
326511
243587
392815
268841
136163
358957
216057
428216
130351
388813
148280
367844
155219
444766
221920
260376
255580
131019
259591
307926
193473
248915
243343
108733
365337
218441
174681
226158
225418
330268
411056
148284
366084
263457
202367
170531
170634
443393
367724
359310
218932
264838
444171
226911
204513
249111
245899
147090
236099
237507
316115
320368
332280
350663
332143
169419
138235
378608
172851
237730
383855
190907
404505
301966
292770
124930
133048
254657
348618
370257
253739
124420
350181
361692
423776
169325
423016
105963
139250
280860
128695
106903
194181
254592
104488
135618
392108
231445
232055
185933
358702
416722
294663
316430
396348
255688
361621
429312
139036
269239
223095
300896
109436
161645
288531
177176
325253
382999
377051
346254
363489
123228
199297
304859
120902
425814
142507
128855
251066
129654
401606
232583
253461
449471
280411
114195
172646
375530
373332
177523
212570
397356
446106
355906
392396
224357
315457
393496
321273
254085
363711
439161
216712
185737
181593
134256
372195
305127
388325
278912
100585
334672
150261
339797
250822
188315
176775
347636
315023
158611
364113
117659
175140
318698
401293
278241
291210
106741
273943
135621
100896
452531
380447
396592
386903
271079
316030
342235
385183
268116
296992
236710
363910
306830
307656
422979
453712
398470
143737
297628
285152
411807
155093
453946
351576
332058
182659
247318
405810
404702
419413
299915
207829
344263
117678
164631
439864
200929
375728
164905
267648
377519
345255
340431
275780
425891
324488
351570
147391
349286
196661
378032
403291
200139
157140
100855
168510
130400
450048
161039
379265
439965
384844
229558
372990
175008
107128
261426
261158
104513
208568
254636
168087
102795
416754
214742
119893
247128
157557
256654
218789
433206
450839
170597
140948
131178
147372
193173
185579
436761
179130
445321
368926
371974
234049
317045
288238
304522
251136
339712
125402
290185
324878
288744
419005
394490
118971
256301
398889
230620
437929
158450
352931
126021
318715
162935
219854
305418
320127
275793
158493
338298
442061
277876
190300
217641
270801
292579
357366
426552
284784
193617
204046
212856
291623
210163
177633
272702
255171
128817
347095
344767
297062
183727
438903
273608
174034
230778
218380
244074
244788
118626
384061
230117
353912
272140
246780
254533
291423
200972
344795
185792
407018
417112
354849
301152
242131
107736
424276
128353
212539
337471
183624
255836
344341
443386
167379
306505
200771
249494
236044
393161
243969
169173
434708
323000
361760
324563
193257
216313
343417
306143
233884
357173
359544
130087
299825
185513
151081
158024
274537
237685
328039
278548
149115
212634
112378
339883
453211
289911
366565
395506
422382
112559
282135
370592
154738
111784
266534
183862
131220
108647
305169
401688
448754
316341
446964
256468
331259
384498
111302
258749
133408
440726
159576
255174
342124
211984
319900
189504
431130
128616
169937
353021
447429
264236
309894
211847
141696
134870
121207
234899
338681
446262
192949
353072
291410
209105
308902
229823
359154
336631
439706
222612
396336
451127
260093
159849
224754
145092
228731
217559
447355
193338
319676
290241
229985
106573
411900
386142
396079
176409
333346
359393
422902
195650
278333
347769
275708
308942
321888
454230
422185
237007
167279
430634
381939
183185
411813
405778
161413
171389
108443
364533
201972
428250
308206
175238
181339
344012
348886
184113
268229
164666
122412
264523
429990
262353
278789
184763
344655
225866
182630
274569
314445
231834
118199
230162
272989
417465
272483
456177
221879
132830
251109
382253
126223
355334
127073
419947
200142
148819
131924
291191
280094
296703
253353
218443
421992
187910
229642
276000
416107
107425
338858
130121
438415
323597
329774
234420
225533
446927
188623
362256
232010
108730
285697
190045
281110
161809
377918
201374
283894
189832
354588
209576
218838
105847
298912
304826
189566
340482
426245
155874
353102
279833
130168
391104
158058
114365
290790
113204
433415
389961
181478
216892
374422
365135
132051
258517
