310528
381706
257351
369021
232875
208218
409119
449723
171513
453745
368022
383160
285884
109688
372108
287779
390800
332267
361029
407201
334771
386558
447421
271759
231269
373564
363625
447034
311902
256018
114530
408754
439498
175852
275811
120550
138445
281883
106836
252053
256354
397076
410171
420784
334147
198188
333359
228397
169375
354017
433487
239184
139537
182138
435543
392289
231860
448388
159520
255692
267735
313483
290308
206677
318788
110230
108321
401804
112849
449544
439669
403092
403898
344187
169211
445146
225593
254964
393110
433040
243901
419516
263242
139400
388905
363368
233972
182180
405564
183638
203819
328073
162183
405782
156826
415846
108536
138617
132001
406088
193834
147405
370992
179373
330031
134725
112518
375808
419603
142286
302996
425999
393383
154520
301027
116834
421085
308951
425169
190104
189593
186591
432681
271477
158312
199591
273754
203632
440515
386159
126149
295039
119464
172637
377629
194703
268743
436891
386624
375463
363995
379982
438047
335521
370394
233557
293624
225964
110489
417769
301473
445422
335135
234495
296894
222486
306396
302300
403676
151465
263170
203687
105633
150569
202995
315712
373590
126334
334654
322084
436039
419002
186311
325011
204399
213188
272797
173871
307909
287794
361162
280352
422984
226708
103059
426514
174022
118612
356455
338830
196710
264425
103148
137320
247208
368644
268842
113281
407408
288078
358290
180197
298596
187816
394730
268617
286601
391533
206874
182973
139947
374821
389874
321311
401427
391651
235267
103060
412400
333016
215767
264305
222066
147724
203981
426412
108115
198620
343488
234001
395106
266267
362199
453719
178893
249196
174359
251912
178619
267465
211156
375770
362823
104970
109919
274752
346097
139694
438772
287609
187181
438857
214891
375408
200583
333756
382453
279789
129150
423064
177440
269944
369010
422434
172788
164249
330614
347041
274352
377702
365869
350375
331527
114246
347626
248129
325804
304508
140015
267834
378981
149455
131753
120666
106219
276061
265238
363958
104777
286060
329561
455886
181957
292981
334714
307040
213611
310840
218587
280907
339664
415867
415598
289018
319173
429333
109386
318013
327541
455445
113024
447590
308368
146013
175676
393308
373092
382363
119189
214492
146077
394770
361486
236502
391495
294545
371545
308710
133680
247878
141370
456218
190820
138675
251741
186454
316512
384421
374019
296531
199317
361970
327325
309239
238033
192108
203857
349084
342057
172826
277734
452703
312645
120639
298037
420331
227829
271035
132804
289431
255355
272111
254312
374563
220531
204798
310724
221703
356489
320951
434770
298314
313552
296031
395494
226431
240618
147407
109571
122913
156901
243005
361894
192100
145581
316949
402476
244101
217890
215356
231377
232960
249552
150776
447499
306358
113311
220024
146638
431985
163126
193652
119950
171828
226076
390097
432813
194805
108721
374259
305559
404665
382559
210499
222461
419219
268113
116426
444452
455813
152178
315442
355159
388648
124417
271983
156114
415321
405815
345466
255603
426562
450045
102133
286184
155399
230374
305527
239821
326511
243587
392815
268841
296521
136163
318941
216057
428216
130351
209637
370347
388813
148280
143881
235763
155219
444766
118076
338079
235383
131019
259591
307926
152281
193473
248915
243343
218441
447214
136269
174681
226158
225418
350227
330268
411056
153489
202367
170531
443393
367724
264838
433074
329084
444171
226911
203474
249111
231318
236099
237507
316115
320368
332280
350663
169419
285671
138235
386781
415365
378608
172851
383855
404505
301966
292770
124930
133048
348618
253739
124420
423776
423016
139250
128695
162770
276427
191689
194181
254592
278757
104488
231445
232055
185933
358702
416722
199190
294663
153552
316430
255688
127014
361621
429312
139036
428121
103716
198463
269239
385234
223095
451042
300896
109436
161645
288531
177176
325253
382999
346254
363489
277406
222395
304859
120902
335888
425814
142507
401606
232583
253461
126862
449471
280411
136276
114195
375530
373332
247411
212570
397356
270626
286051
160148
446106
392396
224357
393496
254085
439161
216712
185737
181593
134256
372195
390059
278912
261323
100585
411468
334672
250822
398108
188315
109918
347636
315023
158611
364113
247784
117659
175140
318698
401293
278241
273943
135621
100896
452531
380447
151658
449031
316030
342235
385183
432207
339832
164227
296992
363910
306830
307656
422979
453712
398470
143737
261727
297628
411807
155093
395056
351576
332058
182659
153232
303750
224630
270500
247318
288785
405810
404702
419413
299915
207829
344263
117678
164631
439864
200929
184232
375728
267648
340431
185020
324488
147391
349286
196661
378032
403291
200139
157140
100855
257539
444311
168510
244086
333355
130400
450048
148154
161039
379265
439965
384844
341500
372990
175008
107128
104513
208568
254636
168087
102795
214742
247128
260826
408112
256654
218789
280336
450839
170597
131178
147372
193173
185579
436761
179130
378568
368926
190703
446796
317045
288238
275894
339712
125402
343711
290185
324878
427719
419005
394490
333678
398889
230620
192248
437929
158450
352931
126021
318715
143366
162935
159309
219854
305418
320127
275793
158493
338298
192756
442061
277876
375665
241579
190300
217641
270801
292579
212393
357366
284784
204046
291623
210163
266464
347994
272702
255171
347095
387758
344767
183727
447232
273608
174034
230778
244074
244788
118626
384061
230117
353912
272140
246780
254533
291423
200972
344795
273236
185792
417112
354849
301152
443774
107736
448437
272548
249164
128353
337471
255836
344341
443386
167379
306505
344557
200771
249494
236044
393161
169173
434708
323000
193257
306143
357173
359544
130087
299825
151081
158024
274537
362422
237685
252714
278548
149115
112378
453211
388329
289911
112559
282135
370592
154738
266534
183862
131220
108647
401688
448754
446964
331259
384498
146893
111302
258749
133408
440726
159576
255174
342124
240864
231588
211984
189504
431130
128616
169937
221522
353021
447429
264236
309894
211847
141696
134870
121207
234899
338681
446262
353072
291410
209105
359154
336631
439706
222612
396336
451127
260093
159849
224754
145092
217559
447355
193338
319676
290241
229985
106573
411900
386142
396079
176409
233035
371228
294415
359393
422902
195650
347769
275708
321888
157154
422185
237007
430634
381939
183185
411813
405778
161413
171389
439507
364533
428250
308206
175238
181339
344012
348886
184113
185762
268229
122412
264523
248922
429990
103793
262353
278789
184763
173679
344655
450679
225866
255284
221994
231834
118199
230162
272989
268574
417465
456177
221879
152765
132830
126223
355334
101617
419947
311958
200142
148819
280094
224898
296703
344107
253353
421992
229642
112477
416107
157973
130121
438415
329774
211593
234420
231765
225533
446927
155576
188623
362256
232010
108730
285697
390351
281110
300174
161809
377918
201374
129151
189832
354588
328581
209576
218838
105847
298912
304826
189566
340482
453717
426245
155874
353102
279833
391104
158058
114365
113204
433415
389961
181478
170319
216892
291991
365135
132051
258517
