337621
369021
319054
232875
208218
171513
453745
390224
383160
106052
285884
109688
436773
372108
287779
202382
390800
332267
407201
386558
447421
271759
137734
373564
206858
300710
363625
447034
311902
114530
408754
439498
175852
120550
129542
138445
214689
281883
252053
256354
397076
410171
420784
252156
334147
194138
198188
333359
228397
169375
354017
450094
433487
239184
139537
182138
197804
435543
392289
448388
286256
159520
131860
267735
358017
313483
206677
132542
110230
175247
161865
108321
401804
449544
439669
403092
147275
219996
403898
344187
169211
445146
417092
225593
254964
393110
446357
433040
243901
419516
263242
139400
368504
388905
363368
182180
405564
183638
374037
203819
328073
217726
130309
289738
156826
403142
415846
319284
428851
138617
132001
193834
147405
370992
179373
337604
330031
112518
375808
419603
142286
302996
425999
393383
154520
301027
116834
421085
365469
308951
425169
329595
190104
189593
186591
432681
394980
158312
117277
199591
273754
203632
440515
119464
172637
377629
194703
198039
304553
436891
375463
363995
379982
111644
438047
335521
186646
370394
233557
225964
110489
301473
445422
359751
335135
234495
296894
306396
302300
403676
151465
263170
203687
105633
202995
315712
373590
126334
334654
328936
436039
126201
308141
130362
419002
386208
325011
204399
450986
213188
349177
263249
272797
130956
173871
307909
287794
361162
140683
280352
226708
103059
258053
174022
118612
356455
338830
378951
264425
103148
137320
247208
259114
268842
358290
298596
261902
394730
391533
332281
206874
182973
344992
374821
137338
335633
389874
321311
205404
391651
375725
235267
103060
412400
333016
264336
215767
222066
147724
203981
426412
108115
198620
116019
234001
395106
266267
362199
178893
413522
174359
178619
267465
375770
362823
274752
139694
438772
382233
287609
140225
175093
187181
438857
349383
136519
334480
214891
375408
333756
382453
279789
129150
177440
396523
422434
164249
330614
347041
274352
377702
365869
331527
244879
427020
248129
325804
290520
192839
304508
140015
267834
378981
149455
131753
120666
106219
265238
363958
104777
206794
329561
400822
455886
181957
307040
213611
310840
218587
316839
280907
339664
415867
415598
186026
328247
101142
319173
429333
318013
397049
327541
113024
447590
308368
146013
175676
373092
382363
119189
214492
146077
394770
361486
236502
294545
371545
308710
133680
456218
122685
251741
186454
316512
256111
384421
374019
296531
245312
199317
361970
309239
238033
192108
145026
203857
349084
172826
277734
452703
120639
420331
227829
271035
289431
390934
111259
272111
378469
254312
220531
204798
221703
356489
434770
298314
313552
296031
395494
240618
147407
109571
122913
396881
243005
254787
192100
145581
316949
402476
113778
244101
215356
231377
232960
150776
447499
113311
220024
431985
163126
193652
171828
380416
435498
390097
138352
432813
108721
311246
374259
160340
197558
295558
349551
285716
404665
382559
210499
261702
222461
419219
268113
300496
455813
315442
213944
271983
156114
415321
405815
345466
450045
102133
276971
196559
286184
155399
230374
305527
239821
352802
326511
243587
392815
268841
296521
136163
318941
358957
216057
428216
130351
209637
370347
143881
235763
367844
444766
118076
221920
260376
255580
338079
235383
131019
307926
152281
193473
248915
243343
108733
365337
447214
136269
174681
226158
225418
350227
153489
148284
366084
263457
202367
170531
170634
443393
367724
359310
218932
264838
433074
329084
444171
226911
203474
204513
245899
231318
147090
316115
320368
332280
332143
169419
285671
138235
386781
415365
237730
383855
190907
404505
301966
124930
133048
254657
348618
370257
253739
124420
350181
361692
169325
423016
105963
139250
280860
128695
106903
162770
276427
191689
194181
254592
278757
104488
135618
392108
231445
185933
358702
416722
199190
294663
153552
316430
396348
255688
127014
361621
429312
428121
103716
198463
269239
385234
451042
300896
109436
161645
177176
325253
382999
377051
363489
123228
277406
199297
222395
304859
120902
335888
128855
251066
129654
401606
232583
253461
126862
449471
136276
172646
375530
177523
247411
212570
397356
270626
286051
160148
355906
392396
224357
315457
393496
321273
363711
439161
185737
372195
305127
390059
388325
278912
261323
100585
411468
334672
150261
339797
250822
398108
109918
176775
347636
315023
158611
247784
117659
318698
401293
291210
106741
273943
135621
380447
396592
151658
386903
449031
271079
316030
432207
339832
164227
268116
296992
236710
363910
306830
422979
453712
398470
261727
297628
285152
411807
453946
395056
182659
153232
303750
224630
270500
247318
288785
404702
419413
207829
344263
164631
200929
184232
375728
164905
377519
345255
340431
275780
185020
425891
351570
349286
196661
100855
257539
444311
168510
244086
333355
450048
148154
161039
379265
439965
384844
229558
341500
107128
261426
261158
208568
254636
102795
416754
119893
260826
408112
157557
256654
433206
280336
450839
140948
131178
147372
436761
445321
378568
371974
234049
190703
446796
288238
304522
275894
251136
339712
125402
343711
290185
324878
288744
427719
394490
333678
118971
256301
230620
192248
437929
158450
126021
143366
162935
159309
219854
305418
320127
275793
158493
192756
442061
375665
241579
212393
426552
193617
204046
212856
177633
266464
347994
272702
255171
128817
387758
344767
297062
183727
438903
447232
273608
174034
218380
244788
118626
230117
353912
272140
246780
254533
291423
200972
344795
273236
185792
407018
417112
354849
301152
443774
242131
107736
448437
424276
272548
249164
128353
212539
337471
183624
255836
344341
443386
167379
344557
200771
249494
236044
393161
243969
169173
434708
323000
361760
324563
193257
216313
343417
306143
233884
357173
359544
299825
185513
158024
274537
362422
252714
328039
278548
212634
339883
453211
388329
289911
366565
395506
422382
282135
111784
266534
183862
108647
305169
401688
316341
446964
256468
331259
384498
146893
258749
440726
159576
255174
342124
240864
231588
211984
319900
189504
431130
221522
211847
141696
134870
121207
234899
338681
192949
353072
291410
308902
229823
359154
439706
396336
451127
260093
224754
145092
228731
217559
319676
290241
106573
411900
176409
233035
371228
333346
294415
278333
275708
308942
321888
454230
157154
422185
237007
167279
183185
405778
161413
171389
108443
439507
364533
201972
428250
308206
175238
181339
344012
348886
184113
185762
268229
164666
248922
429990
103793
262353
278789
184763
173679
450679
182630
255284
274569
314445
221994
231834
230162
272989
268574
417465
272483
221879
152765
132830
251109
382253
355334
101617
127073
419947
311958
200142
148819
131924
291191
224898
296703
344107
253353
218443
187910
229642
112477
276000
107425
157973
338858
130121
323597
211593
234420
231765
446927
155576
188623
362256
190045
390351
281110
300174
161809
283894
129151
189832
354588
328581
209576
218838
105847
298912
189566
340482
453717
426245
353102
279833
130168
391104
158058
114365
290790
113204
433415
389961
181478
170319
291991
374422
132051
258517
