310528
381706
257351
337621
319054
232875
208218
409119
449723
171513
453745
368022
390224
383160
106052
285884
109688
436773
372108
202382
390800
332267
361029
334771
137734
231269
206858
300710
363625
311902
256018
114530
408754
439498
175852
275811
129542
214689
281883
106836
252053
256354
420784
252156
334147
194138
198188
333359
228397
169375
354017
450094
433487
139537
182138
197804
435543
392289
231860
448388
286256
159520
131860
255692
267735
358017
290308
132542
318788
175247
161865
108321
112849
449544
439669
403092
147275
219996
344187
445146
417092
225593
393110
446357
433040
419516
139400
368504
388905
363368
233972
182180
405564
374037
203819
328073
217726
130309
162183
405782
289738
156826
403142
415846
108536
319284
428851
138617
406088
193834
147405
370992
179373
337604
330031
134725
112518
375808
419603
142286
301027
116834
365469
308951
425169
329595
189593
432681
394980
271477
158312
117277
203632
440515
386159
126149
295039
119464
172637
194703
198039
268743
304553
436891
386624
375463
363995
379982
111644
438047
186646
233557
293624
225964
110489
417769
301473
445422
359751
335135
234495
296894
222486
306396
302300
403676
203687
150569
202995
373590
126334
328936
322084
126201
308141
130362
386208
186311
325011
204399
450986
213188
349177
263249
130956
307909
287794
361162
140683
280352
422984
226708
258053
426514
356455
378951
196710
259114
368644
113281
407408
288078
180197
261902
187816
394730
268617
286601
332281
206874
182973
344992
139947
374821
137338
335633
389874
321311
401427
205404
375725
235267
103060
264336
264305
222066
108115
198620
116019
343488
234001
395106
266267
362199
453719
413522
249196
251912
178619
211156
375770
104970
109919
274752
346097
139694
438772
382233
287609
140225
175093
187181
438857
349383
136519
334480
200583
333756
382453
423064
177440
269944
396523
369010
422434
172788
164249
347041
274352
377702
365869
350375
331527
244879
114246
347626
427020
248129
325804
290520
192839
304508
140015
149455
106219
276061
265238
104777
286060
206794
329561
400822
292981
334714
310840
218587
316839
339664
415867
415598
289018
186026
328247
101142
319173
109386
397049
455445
447590
308368
146013
175676
393308
373092
382363
119189
214492
146077
361486
236502
391495
294545
371545
308710
133680
247878
141370
456218
190820
138675
122685
251741
186454
316512
256111
384421
374019
296531
245312
199317
361970
327325
192108
145026
349084
342057
312645
120639
298037
227829
271035
132804
289431
390934
111259
255355
272111
378469
254312
374563
204798
310724
221703
356489
320951
434770
298314
313552
296031
395494
226431
240618
109571
122913
396881
156901
361894
254787
192100
145581
316949
402476
113778
244101
217890
215356
231377
232960
249552
150776
447499
306358
113311
220024
146638
431985
163126
193652
119950
380416
226076
435498
390097
138352
432813
194805
108721
311246
374259
160340
197558
295558
349551
305559
285716
404665
261702
222461
268113
116426
444452
300496
152178
355159
388648
213944
124417
271983
415321
405815
345466
255603
426562
450045
102133
276971
196559
286184
155399
230374
305527
239821
352802
392815
296521
136163
318941
358957
209637
370347
388813
148280
143881
235763
367844
155219
444766
118076
221920
260376
255580
338079
235383
259591
307926
152281
248915
243343
108733
365337
218441
447214
136269
225418
350227
330268
411056
153489
148284
366084
263457
170531
170634
367724
359310
218932
433074
329084
226911
203474
204513
249111
245899
231318
147090
236099
237507
316115
320368
350663
332143
285671
138235
386781
415365
378608
172851
237730
190907
404505
292770
124930
133048
254657
348618
370257
350181
361692
423776
169325
423016
105963
139250
280860
128695
106903
162770
276427
191689
194181
278757
135618
392108
232055
185933
416722
199190
294663
153552
316430
396348
255688
127014
361621
429312
139036
428121
103716
198463
269239
385234
223095
451042
288531
382999
377051
346254
363489
123228
277406
199297
222395
304859
335888
425814
142507
128855
251066
129654
232583
126862
280411
136276
114195
172646
373332
177523
247411
397356
270626
286051
160148
446106
355906
315457
393496
321273
254085
363711
216712
181593
134256
305127
390059
388325
278912
261323
100585
411468
150261
339797
398108
188315
109918
176775
315023
364113
247784
117659
175140
401293
278241
291210
106741
273943
100896
452531
380447
396592
151658
386903
449031
271079
316030
342235
385183
432207
339832
164227
268116
236710
306830
307656
422979
143737
261727
297628
285152
411807
155093
453946
395056
351576
332058
153232
303750
224630
270500
247318
288785
405810
419413
299915
117678
164631
439864
200929
184232
375728
164905
267648
377519
345255
340431
275780
185020
425891
324488
351570
147391
349286
378032
403291
200139
157140
100855
257539
444311
244086
333355
130400
148154
439965
384844
229558
341500
372990
175008
261426
261158
104513
208568
168087
416754
214742
119893
247128
260826
408112
157557
218789
433206
280336
450839
170597
140948
147372
193173
185579
179130
445321
378568
368926
371974
234049
190703
446796
317045
288238
304522
275894
251136
125402
343711
290185
288744
427719
419005
394490
333678
118971
256301
398889
230620
192248
437929
352931
126021
318715
143366
162935
159309
219854
158493
338298
192756
442061
277876
375665
241579
190300
217641
270801
292579
212393
357366
426552
284784
193617
204046
212856
291623
210163
177633
266464
347994
272702
255171
128817
347095
387758
344767
297062
438903
447232
230778
218380
244074
244788
118626
384061
246780
254533
291423
344795
273236
407018
354849
301152
443774
242131
448437
424276
272548
249164
128353
212539
183624
255836
344341
306505
344557
200771
249494
236044
243969
169173
323000
361760
324563
216313
343417
306143
233884
130087
299825
185513
151081
158024
274537
362422
237685
252714
328039
278548
149115
212634
112378
339883
388329
366565
395506
422382
112559
282135
370592
154738
111784
183862
131220
305169
448754
316341
256468
331259
146893
111302
133408
440726
159576
255174
240864
231588
319900
431130
128616
169937
221522
353021
447429
264236
309894
211847
141696
121207
446262
192949
353072
209105
308902
229823
336631
222612
260093
159849
228731
447355
193338
319676
229985
106573
386142
396079
233035
371228
333346
294415
359393
422902
195650
278333
347769
308942
454230
157154
422185
237007
167279
430634
381939
411813
405778
108443
439507
364533
201972
308206
175238
181339
344012
185762
164666
122412
264523
248922
103793
262353
173679
344655
450679
225866
182630
255284
274569
314445
221994
231834
118199
230162
268574
417465
272483
456177
152765
132830
251109
382253
126223
355334
101617
127073
311958
131924
291191
280094
224898
296703
344107
218443
421992
187910
229642
112477
276000
416107
107425
157973
338858
438415
323597
329774
211593
231765
225533
446927
155576
188623
362256
232010
108730
285697
190045
390351
281110
300174
377918
201374
283894
129151
189832
328581
209576
218838
298912
304826
189566
453717
426245
155874
353102
279833
130168
114365
290790
170319
216892
291991
374422
365135
132051
