310528
381706
257351
337621
369021
319054
409119
449723
453745
368022
390224
106052
285884
436773
287779
202382
332267
361029
407201
334771
386558
447421
271759
137734
231269
373564
206858
300710
447034
311902
256018
114530
408754
275811
120550
129542
138445
214689
106836
256354
397076
410171
420784
252156
194138
198188
333359
228397
450094
433487
239184
197804
231860
448388
286256
131860
255692
358017
313483
290308
206677
132542
318788
110230
175247
161865
108321
401804
112849
403092
147275
219996
403898
169211
445146
417092
225593
254964
393110
446357
243901
419516
263242
139400
368504
388905
233972
182180
183638
374037
203819
328073
217726
130309
162183
405782
289738
403142
415846
108536
319284
428851
138617
132001
406088
193834
370992
337604
134725
419603
302996
425999
393383
154520
116834
421085
365469
308951
329595
190104
186591
432681
394980
271477
158312
117277
199591
273754
203632
440515
386159
126149
295039
377629
194703
198039
268743
304553
386624
363995
379982
111644
438047
335521
186646
370394
293624
225964
110489
417769
301473
359751
222486
306396
302300
151465
263170
203687
105633
150569
315712
373590
334654
328936
322084
436039
126201
308141
130362
419002
386208
186311
325011
450986
349177
263249
272797
130956
173871
307909
140683
422984
103059
258053
426514
174022
118612
356455
338830
378951
196710
264425
103148
137320
247208
259114
368644
268842
113281
407408
288078
358290
180197
298596
261902
187816
394730
268617
286601
391533
332281
206874
344992
139947
374821
137338
335633
321311
401427
205404
391651
375725
412400
333016
264336
215767
264305
147724
203981
426412
108115
116019
343488
234001
395106
362199
453719
178893
413522
249196
174359
251912
178619
267465
211156
375770
362823
104970
109919
274752
346097
139694
382233
287609
140225
175093
349383
136519
334480
214891
375408
200583
279789
129150
423064
269944
396523
369010
422434
172788
164249
330614
347041
274352
377702
365869
350375
244879
114246
347626
427020
325804
290520
192839
304508
267834
378981
149455
131753
120666
106219
276061
363958
104777
286060
206794
400822
455886
181957
292981
334714
307040
213611
218587
316839
280907
339664
415867
415598
289018
186026
328247
101142
319173
429333
109386
318013
397049
327541
455445
113024
308368
393308
373092
382363
119189
394770
361486
236502
391495
308710
247878
141370
456218
190820
138675
122685
251741
256111
384421
374019
296531
245312
199317
361970
327325
309239
238033
145026
203857
349084
342057
172826
277734
452703
312645
120639
298037
420331
227829
132804
390934
111259
255355
378469
254312
374563
220531
204798
310724
356489
320951
434770
298314
296031
226431
147407
122913
396881
156901
243005
361894
254787
145581
402476
113778
244101
217890
215356
231377
249552
150776
447499
306358
220024
146638
163126
119950
171828
380416
226076
435498
138352
432813
194805
311246
374259
160340
197558
295558
349551
305559
285716
382559
210499
261702
419219
116426
444452
300496
455813
152178
315442
355159
388648
213944
124417
156114
405815
345466
255603
426562
276971
196559
155399
305527
239821
352802
326511
243587
268841
296521
318941
358957
216057
428216
130351
209637
370347
388813
148280
143881
235763
367844
155219
118076
221920
260376
255580
338079
235383
131019
259591
152281
193473
108733
365337
218441
447214
136269
174681
226158
350227
330268
411056
153489
148284
366084
263457
202367
170634
443393
359310
218932
264838
433074
329084
444171
203474
204513
249111
245899
231318
147090
236099
237507
332280
350663
332143
169419
285671
386781
415365
378608
172851
237730
383855
190907
301966
292770
254657
370257
253739
124420
350181
361692
423776
169325
105963
280860
106903
162770
276427
191689
254592
278757
104488
135618
392108
231445
232055
358702
199190
153552
396348
127014
139036
428121
103716
198463
385234
223095
451042
300896
109436
161645
288531
177176
325253
377051
346254
123228
277406
199297
222395
120902
335888
425814
142507
128855
251066
129654
401606
253461
126862
449471
280411
136276
114195
172646
375530
373332
177523
247411
212570
270626
286051
160148
446106
355906
392396
224357
315457
321273
254085
363711
439161
216712
185737
181593
134256
372195
305127
390059
388325
261323
411468
334672
150261
339797
250822
398108
188315
109918
176775
347636
158611
364113
247784
175140
318698
278241
291210
106741
135621
100896
452531
396592
151658
386903
449031
271079
342235
385183
432207
339832
164227
268116
296992
236710
363910
307656
453712
398470
143737
261727
285152
155093
453946
395056
351576
332058
182659
153232
303750
224630
270500
288785
405810
404702
299915
207829
344263
117678
439864
184232
164905
267648
377519
345255
275780
185020
425891
324488
351570
147391
196661
378032
403291
200139
157140
257539
444311
168510
244086
333355
130400
450048
148154
161039
379265
229558
341500
372990
175008
107128
261426
261158
104513
254636
168087
102795
416754
214742
119893
247128
260826
408112
157557
256654
218789
433206
280336
170597
140948
131178
193173
185579
436761
179130
445321
378568
368926
371974
234049
190703
446796
317045
304522
275894
251136
339712
343711
324878
288744
427719
419005
333678
118971
256301
398889
192248
158450
352931
318715
143366
159309
305418
320127
275793
338298
192756
277876
375665
241579
190300
217641
270801
292579
212393
357366
426552
284784
193617
212856
291623
210163
177633
266464
347994
128817
347095
387758
297062
183727
438903
447232
273608
174034
230778
218380
244074
384061
230117
353912
272140
200972
273236
185792
407018
417112
443774
242131
107736
448437
424276
272548
249164
212539
337471
183624
443386
167379
306505
344557
393161
243969
434708
361760
324563
193257
216313
343417
233884
357173
359544
130087
185513
151081
362422
237685
252714
328039
149115
212634
112378
339883
453211
388329
289911
366565
395506
422382
112559
370592
154738
111784
266534
131220
108647
305169
401688
448754
316341
446964
256468
384498
146893
111302
258749
133408
342124
240864
231588
211984
319900
189504
128616
169937
221522
353021
447429
264236
309894
134870
234899
338681
446262
192949
291410
209105
308902
229823
359154
336631
439706
222612
396336
451127
159849
224754
145092
228731
217559
447355
193338
290241
229985
411900
386142
396079
176409
233035
371228
333346
294415
359393
422902
195650
278333
347769
275708
308942
321888
454230
157154
167279
430634
381939
183185
411813
161413
171389
108443
439507
201972
428250
348886
184113
185762
268229
164666
122412
264523
248922
429990
103793
278789
184763
173679
344655
450679
225866
182630
255284
274569
314445
221994
118199
272989
268574
272483
456177
221879
152765
251109
382253
126223
101617
127073
419947
311958
200142
148819
131924
291191
280094
224898
344107
253353
218443
421992
187910
112477
276000
416107
107425
157973
338858
130121
438415
323597
329774
211593
234420
231765
225533
155576
232010
108730
285697
190045
390351
300174
161809
377918
201374
283894
129151
354588
328581
105847
304826
340482
453717
155874
130168
391104
158058
290790
113204
433415
389961
181478
170319
216892
291991
374422
365135
258517
