235732
237914
318279
161032
285113
168402
349529
240785
112580
407989
312811
252168
221847
451468
244598
214962
309021
234015
135537
174705
307915
167305
202596
324350
236730
436752
318316
123141
134105
345525
310042
270711
451529
262858
429561
330352
272103
266603
243021
162098
221268
116417
224650
302234
114936
377102
389900
374554
422169
128897
218308
401189
120941
261454
278163
208207
416841
232668
306426
106036
330760
408853
450851
220230
409925
442485
366722
451679
200359
274980
182973
251829
384031
362441
407127
126834
453035
257207
346294
439196
303883
108933
195650
417605
271362
154960
278567
336354
225084
140602
248959
411490
452061
265652
264428
305265
182786
208733
274232
438496
191514
158746
114306
216872
163865
317480
449547
395360
150253
174812
159279
430935
283156
214300
342580
299915
144808
174191
115994
163152
211189
396658
216063
135712
429665
101073
145452
398210
158024
366580
232445
171242
252259
149474
137282
142356
153635
189459
143384
163251
269853
254529
286293
358002
438253
443058
301290
407445
106074
122297
186813
258481
284535
188764
404387
233885
437906
264305
333002
425445
356466
403913
290860
337534
226151
387605
215640
352769
175901
410334
390033
150410
187404
187770
287797
148516
429183
314434
394429
245103
283527
124448
381188
318146
237363
217704
278401
420539
204763
240690
166918
173671
324137
110178
345891
383362
321062
433980
154214
130032
132950
445361
206237
216729
192500
274400
181115
121014
331511
244056
130502
421460
388636
182561
344187
379218
325073
361444
268724
208113
308479
327259
208115
189096
113018
214010
294269
405007
133618
361419
217529
278264
208702
350541
357783
387275
269856
211081
364992
312246
260728
165215
209500
223655
120239
242823
206839
148719
350926
146794
146233
117128
237223
443635
364994
364863
238993
288447
180551
260462
446580
250625
101495
116929
198396
103957
345013
183236
215416
163382
136746
257009
249182
393731
415325
452794
117197
166563
360251
283448
235209
139815
355692
280287
169462
190400
323216
355438
381563
272230
214142
136419
110641
156586
415155
310449
288159
326350
141281
279783
210679
271553
279623
398272
410271
345330
425321
108216
258359
381019
189598
445768
346986
428873
340565
455208
235750
351969
129051
270463
301906
363967
217837
309098
351911
198310
244477
417132
403867
188288
129110
415450
447941
451750
157200
234933
297830
391731
213646
379842
299293
444990
361944
350285
178551
105632
141418
128973
253452
173957
243640
214214
145774
424798
104000
125786
176163
206515
179897
163839
197991
399369
255251
304056
222698
402050
173625
134623
146101
385873
241206
266956
439969
414037
291825
345054
218416
243042
396956
253864
380687
220410
259560
345496
166897
361496
186020
361902
410241
285552
274075
287612
403184
429659
234548
180829
257681
113760
243381
393167
333148
425000
259366
230619
402592
294147
382203
425534
277406
195167
416578
107805
103834
287064
250219
154723
272084
363408
452480
181912
197610
150358
135428
375451
443696
275725
387000
232731
361923
207796
201190
403258
153634
451884
410159
194541
275508
338144
411214
356109
331419
440781
184192
163428
450237
449869
145691
185280
347041
238116
372981
342106
205728
380563
286248
352308
317290
166083
215387
106229
122781
279312
259417
389789
303714
372283
269164
265130
361930
130142
289530
434534
426553
437073
127504
441929
413021
164480
107512
380315
299034
243460
220977
144994
424458
174792
338776
325345
153689
187581
290777
203989
212445
281091
275107
320312
209842
201885
362439
374631
237478
214306
394764
116807
261741
127941
435032
290819
282186
390154
424411
145092
231047
386197
450154
376232
319063
430570
402203
425099
376680
271491
145314
342380
212250
248474
298501
193633
168977
260534
370603
221889
130798
140663
441555
177420
124294
234551
313971
291026
448089
116910
390267
406465
244739
447897
175658
326654
240980
254494
357441
232222
237045
403899
361346
373698
311702
107240
338460
331152
156638
380946
418768
261452
131267
411568
152295
159599
364246
426463
340435
289419
157508
258494
401804
442008
250240
268878
452569
143850
269415
361182
199297
340861
325989
125319
132994
414565
183095
223146
172154
119030
245453
278772
421358
433593
295785
363605
176330
102759
447981
146804
367643
265332
224927
356456
236258
184709
379480
408970
430470
267176
146981
251460
271315
360608
248711
132269
357267
409523
379897
184877
454474
289507
133963
367572
112442
212769
379931
172089
437529
370956
229311
366014
298173
106112
237104
305802
433811
288499
209781
350003
370397
108968
156381
167369
155180
130554
342745
243425
259312
225430
115036
412848
399553
113734
101277
270007
247782
343731
249658
181240
128082
322300
158881
256335
398972
304920
403271
418336
449918
224883
440549
410486
248651
291642
254547
190120
333729
171104
290268
277907
427722
155387
267548
252694
253192
241099
316704
382366
229171
115304
443641
126134
348908
203943
292459
352538
236251
140977
370650
298629
185008
151201
304370
301818
122586
228646
197753
323528
312530
117706
247735
245307
350322
170529
375130
384944
138194
286496
224256
152972
121793
287523
270365
223811
360495
453216
127995
436130
351105
355069
102662
402334
361180
162378
342343
305097
348609
387647
440579
286525
169155
330773
199646
374367
406188
290900
220103
172192
228700
452049
254229
130719
374934
201702
301436
402638
186941
229461
381302
134505
143787
178708
136853
113184
165905
293601
145231
346935
287430
114146
279278
426614
293137
130610
417353
285771
361199
449830
386624
138811
449856
350880
269320
206240
335086
107303
272301
231827
165153
122457
325668
351280
429792
278631
378484
450829
388782
202787
223890
347987
191136
251404
137139
388717
222146
389449
255255
258636
429704
129605
296587
114821
327385
326273
394921
132476
449544
360318
380469
171492
336865
136996
230943
439653
351779
421029
278413
363105
349593
400961
194873
308533
157282
247835
230209
173871
151508
227672
380452
365669
367087
275795
392503
333506
190747
433320
372089
382520
172987
396993
388475
109078
150403
439933
116303
248233
122510
426519
288108
326081
204053
112523
294488
244619
272910
108365
234824
316689
354485
138621
124798
249462
415151
231479
427398
444890
364939
358060
107162
114059
163498
216657
380430
370619
101420
361692
224749
202886
268547
126385
211426
194557
419495
189461
323177
276295
282400
338759
405171
444647
252611
251143
200893
199984
233045
246398
180170
282887
170434
341400
252264
445624
382217
348224
430444
108201
239191
241819
326807
358222
416943
282953
408023
339356
334071
158932
198662
126287
197536
132979
197569
389858
263930
340856
121927
129364
240114
312794
135686
331898
431283
425015
107157
452208
179806
418755
414181
259012
142233
191929
149262
288797
391728
282361
228337
144911
199876
382596
446338
384084
330328
160253
204144
226678
276006
183375
377828
217446
226663
318945
166795
363927
284531
266857
164293
210952
175993
308925
373921
383217
367917
415518
193037
401058
391712
182935
125377
413304
343636
397698
199832
313712
286276
403607
452220
387786
116101
280280
207076
255091
133675
395333
265580
155277
224829
160395
288908
370285
246831
414005
439264
313384
222543
170079
447580
157719
135333
158569
359364
244970
437696
188155
107971
182210
430500
187889
421631
117409
179217
166938
215631
161120
399900
204462
352459
448303
109676
335267
240107
359698
327520
399003
260828
137147
182647
264730
283545
143661
398620
171389
443416
201770
346370
171854
119729
259796
410952
340443
217852
233219
266884
385072
365467
178198
138143
376858
298586
330456
444246
236664
212532
331783
122624
443123
182138
166168
111536
357569
447085
237667
405532
419276
118656
293020
193373
398685
241017
322548
331996
453226
313760
385716
314503
102586
330501
356452
185413
124244
319293
160439
121658
230861
153451
151054
243086
154627
160304
453127
213177
251895
331321
444044
410659
334712
253527
357425
166696
381125
191872
252278
447128
202671
180449
142406
252018
159394
231161
141141
414572
316920
389945
277926
181636
413258
325071
173626
307325
223338
349211
225970
357395
190563
236257
144132
431075
221542
259263
262578
448320
136834
346060
194811
316737
271035
364720
203396
451177
116630
198147
230835
335174
157982
306645
147841
258648
196610
411632
188750
109671
255524
232075
369251
234459
244583
176554
273598
400406
157699
408004
129171
252808
332602
168679
255122
130228
181041
156132
415973
263472
354695
268614
127677
152109
354143
360083
199986
410519
397746
248080
178118
423758
109808
170788
153649
199439
142413
120728
442294
289949
424037
189789
325813
220460
254747
166677
286932
456000
409572
383077
403425
404021
385054
451986
424619
276000
383868
193674
382747
201291
393342
360442
292051
268233
445604
325356
427238
427351
293413
286628
129885
253946
211857
428276
277561
431208
159063
305221
210416
299250
237140
453243
367872
214285
130956
366000
247208
167396
312076
247996
209633
341141
335186
431225
268067
271983
222107
247252
343895
183966
427820
336984
373803
159231
377924
125623
209215
412208
292094
274583
285134
277027
426349
307185
361955
451036
367524
382957
359148
404631
342132
380792
189433
138120
250390
236688
112931
261158
376968
398975
156218
328073
394966
387321
123222
379326
162935
187148
176069
438360
146965
285998
240780
317553
373706
125160
323435
143838
119458
440686
187614
338342
373220
177723
116124
379960
344206
301574
449471
183027
119608
431994
435061
126422
174735
248890
383980
448866
427231
314653
150823
278625
324117
319405
301326
437784
277932
355252
255209
206152
238920
295149
344557
281206
403848
343982
308926
360710
449245
242458
128701
188535
242957
208297
305003
176746
363193
109729
228905
207077
403206
452066
118248
195998
190766
246778
236745
230174
225098
162434
225418
184648
191097
253839
128145
110322
297144
419314
210613
347247
270174
266148
268925
310314
244065
107983
144894
173577
253900
126049
335167
145726
254698
339386
412069
307038
272624
270432
158877
425261
259626
214612
182488
120112
453394
357316
105870
311938
348505
285362
284011
373595
427491
159719
121134
144382
347654
239508
373519
271641
443196
423262
128971
186554
207111
182205
308124
442980
207172
361689
200433
313419
267883
114941
245102
352848
166350
384958
374431
381206
358370
206034
273852
439423
205514
210092
215125
419977
376112
128960
450875
451574
415611
401198
183139
348153
254848
218336
342284
367553
114363
331067
112465
232810
395494
352986
224349
333992
260964
370601
357438
423329
159346
324094
324859
450967
319804
322232
268755
246819
223285
454372
387309
149497
220145
246413
324309
255252
141621
137164
250008
187467
342487
170215
414029
455433
164249
276554
359468
102710
140708
404823
361499
325232
387405
309946
113044
117334
272725
101347
107501
421400
333534
235517
320097
421019
381935
245573
372798
205603
232284
152296
314196
356296
258007
368032
424377
394882
282907
258946
300730
425499
114985
218328
144056
238447
379973
455899
416628
296098
407268
452524
165542
406189
374436
264554
110099
229289
297910
203936
100616
206568
201063
240127
141665
249022
176473
183829
339153
268551
333955
329098
205504
191112
363552
100336
342291
255040
434308
290697
369943
236647
203819
391277
424158
102674
330909
117673
355429
189124
400064
103362
220414
144533
106508
286232
156922
394884
170318
134219
382244
123058
410625
154517
351787
415626
446380
250215
288731
455314
363923
241948
437162
101418
124048
416100
133470
108847
442858
382970
381550
377375
455189
321629
407571
213830
426049
103845
161384
382416
154028
113860
445862
120656
207417
392305
178298
365452
275476
374403
236108
210377
173814
252559
357962
174378
361395
413783
169665
451246
178794
235880
129259
108962
198342
450912
213342
176066
279759
321464
282008
238418
288922
198608
289037
414173
302620
219860
171636
169555
419589
107188
299401
330436
414817
422646
130315
256800
200035
234677
407949
134717
243750
110366
355448
139822
396669
285334
127732
134304
195016
169096
438357
219648
425999
229886
426845
157560
140765
436529
284835
248447
125173
193498
338695
312461
181149
262279
205580
129679
455880
354183
327727
390143
323091
210256
176612
320222
335651
284381
449627
304564
123936
325561
184111
352672
190414
423946
342075
238344
260139
330958
442901
418068
291678
420969
388654
378663
173265
165747
406432
338940
141700
391083
329437
109586
266716
135467
214816
147286
353957
403177
244239
369607
240115
451993
248857
436739
287581
443733
276102
434567
260729
134436
411823
317094
261580
259327
200633
377962
317024
344012
265033
339225
226032
429997
244158
273421
316434
299380
400581
279637
418809
438289
149014
333243
266200
276738
207006
181210
238037
346433
334936
334406
419622
277450
268344
275338
130835
108959
141696
325793
428193
284769
200831
155876
203614
382990
352206
196589
452823
256602
237472
341072
110611
101525
447749
242805
124218
221447
326758
415908
366240
289068
446188
410064
381010
119877
414714
397004
238789
308491
435085
402806
356823
428945
209883
163582
244813
138265
238725
139751
375908
169923
293101
190462
263604
178813
171564
162042
300023
391069
183181
221150
403428
174894
387229
244020
261964
453162
139401
115649
167523
218687
229857
391126
280114
405022
215246
165070
166806
194690
218999
380745
133690
419864
240103
268919
192470
276092
391948
357778
289840
189487
110940
415662
305458
256974
118991
199244
338830
360681
333480
455566
135402
379543
136845
381052
159666
381897
142355
194253
288873
214345
454753
155981
158157
451975
202071
171869
158313
180138
365931
213837
136496
237897
269383
253186
140600
388903
340808
121044
398709
226817
311125
215466
406541
194059
166802
269315
287937
360463
380126
209948
100808
138604
423459
293031
358046
425632
314428
284437
397530
305524
107591
326642
297890
231499
274771
181668
243586
377957
180805
453675
436649
282799
227156
314070
205984
229062
362904
146422
330033
182243
449966
160271
455011
234520
219417
233237
261334
144476
297524
218698
455107
416805
341750
255165
353409
331543
293832
142029
289769
205328
106584
228558
236743
304781
216732
427387
378714
288458
421653
132372
140846
281226
119724
338848
113461
307257
228573
219226
120735
369317
395397
382962
204577
100620
243953
233146
405604
274685
293200
451660
268485
147877
387725
354392
298808
438639
275009
259238
181711
240541
263845
376725
409652
398565
423072
310194
271771
248167
432567
127792
115911
434131
104998
317472
313619
286973
284455
269617
396786
287780
268229
126567
163733
374884
265399
392565
191196
171401
442521
105980
124706
257230
149101
238888
292274
286435
403730
375382
434576
119832
377291
292076
228957
278112
113622
150600
110758
398305
242321
398339
217474
198157
137564
231784
400039
234961
385435
328102
290806
446790
322537
221087
363424
402418
123783
104707
237546
245034
426012
352518
106098
151484
135833
439811
272655
426896
360667
220844
166953
150402
191713
451921
257467
402558
159246
229190
193629
353689
288571
391120
283439
227072
416745
404729
325598
296483
322211
217555
387407
412443
243083
335326
308064
218845
315250
190847
293984
347076
361219
262352
181027
219924
147648
334771
185737
244258
353143
322843
135568
109993
189722
119325
296238
452965
407009
369596
138988
140822
136193
195260
158860
203206
227970
270206
166304
420808
107522
423559
108325
415812
147506
360523
322140
272460
394909
337570
339175
296053
211624
213950
187588
205110
379715
220606
312349
300190
441572
383385
455602
132795
299906
358202
216217
353077
162097
436354
314419
308224
305143
253154
329225
291215
380572
436080
281967
423661
255664
409768
122880
192769
109417
260250
433199
340462
321793
334079
167146
404570
366827
370800
164299
432290
270889
169431
275214
277947
203765
170614
191146
326441
106078
127823
132791
388137
195490
124190
216257
375636
374398
334591
396003
261675
372404
224382
198601
230757
123779
115765
256001
388026
146925
421046
408313
138577
343395
226333
376563
231372
269527
191162
329983
207318
266023
320753
346342
107457
250482
369765
360702
388282
391970
203338
240016
396870
221499
351462
214702
232252
377135
439052
425166
254455
199315
197203
236941
209140
234672
170097
403312
192810
185386
439871
206740
358846
269437
311122
141930
454054
136076
183124
204813
337300
370006
439117
359883
428864
360883
387184
295950
168812
356619
224821
122516
397385
287808
399105
228611
421774
262463
235656
124256
372225
337379
211271
228560
257179
342175
296478
233500
217891
215837
275987
226863
362827
177913
211743
109576
304301
145034
310489
213215
318200
349082
270114
134378
392897
331906
326125
402392
396373
277405
183827
120435
342060
164870
139250
438674
260601
450907
377610
248917
206607
163343
265076
113282
201374
154961
386437
411353
117569
371282
391744
359489
170997
197439
326162
397133
199159
358923
247789
292020
366748
443822
358468
157460
138154
433279
283427
141879
210479
421107
407466
405704
351220
152166
119511
363532
132221
173382
265614
328333
325343
360514
388553
444296
217339
394854
107290
142502
123628
272485
101564
179483
292539
225945
141960
222798
161596
391851
289379
450049
154774
227381
259016
259945
202770
102422
378818
202467
241979
359190
405622
378216
234010
200821
123516
133013
423575
159521
429376
436245
389616
135956
451477
428076
359279
195393
197649
264181
168339
351862
421218
357468
370200
193693
296972
381487
249049
302100
305445
139469
369352
124071
254233
411142
238821
377956
364475
416353
246608
230491
118411
368710
332598
427502
106066
190005
225751
412202
141353
195437
154707
213162
341614
182429
424170
196999
165413
336290
275718
433557
274701
267497
262808
230551
311402
317228
349879
282795
343456
205774
338080
373228
360600
264553
