288182
198326
109506
138058
263465
305241
280937
227036
175757
151115
121026
378884
175851
450751
406586
127328
230075
159803
362592
261622
136873
435970
208711
202986
450572
318779
378933
323181
274078
107069
390307
200022
194344
114330
278154
368039
384253
437698
332991
333443
333557
152116
159608
226136
329350
450870
390981
412125
365866
195749
397650
290392
378636
135043
121385
255145
414482
180851
280212
116462
357879
303932
325958
413578
166549
154145
404348
190673
241612
391018
350212
312298
329692
330930
355325
196362
313674
362582
337422
277125
361573
175185
328078
320476
142279
244028
136199
313022
170507
385804
261100
361775
247689
178984
287925
229989
339299
120600
276229
122467
363282
399126
193683
212146
361429
455934
373441
182569
184511
122649
216066
311139
301060
129125
327342
126293
152917
261534
241455
186279
166946
420658
255298
263589
246376
349810
192231
336804
130719
259968
222438
364123
210064
180240
140509
433508
284293
359210
430941
154874
324541
165603
322363
434086
233255
290360
162005
283605
428761
247854
382896
390010
316106
224504
331007
216157
228329
440190
281275
451946
235194
384394
326058
319861
311912
202922
103421
425775
310113
315355
113707
116186
425300
434756
103218
258780
448118
239609
159923
360011
403652
455675
421294
314506
137278
258655
177561
403782
368035
350637
364167
325970
308443
111102
284297
238756
436826
389459
229200
154956
383769
204633
283509
220026
135548
308511
282708
317396
284094
152263
320525
361886
361806
322358
130071
444523
165580
291763
308859
180724
135902
100161
428915
260389
407423
359417
453329
271495
187176
392827
145807
296555
246677
182799
110190
378445
436052
217145
197953
148839
204160
363076
132114
130084
163776
318964
436341
280047
225388
203726
253968
265867
392014
202644
208510
393453
182077
279684
357483
348127
124601
378598
152911
350530
415558
329900
296131
274974
166875
263615
283444
258863
317999
384213
386666
305783
118672
152927
246442
233365
449336
251107
363691
387728
386883
117984
278768
341515
356614
188147
258486
140246
131901
237436
221505
253824
346557
173857
116881
148057
228878
238325
306819
444877
330819
150990
387022
415833
351742
190420
423562
271797
304910
418468
357525
133163
173336
278245
436011
386583
