288182
198326
445626
109506
138058
305241
227036
175757
151115
378884
175851
275257
450751
406586
102305
127328
230075
159803
362592
136873
435970
208711
202986
450572
318779
378933
436141
323181
378459
274078
107069
390307
200022
194344
114330
278154
368039
384253
437698
332991
333557
152116
251892
159608
329350
450870
390981
412125
365866
195749
334637
290392
378636
135043
255145
180851
353533
116462
357879
303932
325958
413578
394807
166549
154145
404348
190673
241612
391018
330930
216329
196362
313674
337422
277125
361573
187205
328078
320476
244028
136199
313022
170507
385804
361775
247689
268596
178984
287925
229989
339299
341608
120600
276229
122467
363282
248406
400927
262079
193683
212146
455934
373441
182569
126277
271046
342501
122649
107441
198973
311139
301060
327342
126293
152917
261534
351656
241455
186279
166946
420658
255298
263589
303366
246376
349810
135308
387037
192231
336804
259968
222438
120619
364123
180240
221378
433508
359210
154874
324541
165603
322363
434086
231266
233255
162005
283605
428761
247854
382896
390010
403234
331007
261831
216157
228329
281275
451946
384394
348259
306231
156051
103421
165575
425775
310113
315355
356731
425300
312861
175784
103218
258780
448118
239609
147745
159923
315399
403652
455675
421294
265984
258655
177561
368035
325970
308443
431936
196060
284297
231640
238756
436826
389459
229200
154956
383769
204633
283509
220026
227288
135548
246466
183173
282708
317396
284094
449161
152263
309337
361886
322358
130071
444523
291763
124652
401926
180724
135902
422967
391797
277709
428915
260389
153845
359417
453329
271495
174889
187176
392827
296555
110190
436052
217145
197953
122269
204160
363076
132114
254313
372408
318964
436341
280047
225388
203726
253968
265867
314979
392014
202644
208510
393453
182077
170725
357483
182777
152911
349908
350530
415558
151074
303139
274974
348340
259327
283444
258863
317999
384213
386666
118672
225626
152927
246442
233365
208989
410211
449336
309236
251107
371681
387728
386883
117984
104215
278768
341515
448923
356614
188147
131901
253824
346557
173857
254112
148057
278512
269567
215510
306819
151763
134959
444877
330819
150990
387022
415833
351742
190420
423562
304910
418468
357525
173336
278245
143696
436011
386583
