198326
445626
138058
263465
280937
227036
175757
121026
378884
175851
275257
450751
406586
102305
127328
230075
362592
261622
435970
208711
318779
436141
323181
378459
274078
107069
390307
200022
384253
437698
332991
333443
333557
251892
159608
226136
412125
365866
195749
334637
397650
135043
121385
255145
414482
180851
280212
353533
116462
357879
413578
394807
166549
154145
404348
190673
350212
312298
329692
216329
355325
196362
313674
362582
337422
277125
361573
175185
187205
328078
320476
142279
136199
313022
261100
268596
178984
287925
229989
339299
341608
120600
276229
363282
248406
400927
262079
399126
193683
361429
373441
182569
184511
126277
271046
342501
122649
107441
198973
216066
311139
301060
129125
327342
126293
152917
351656
241455
186279
166946
255298
263589
303366
349810
135308
387037
192231
130719
259968
222438
120619
364123
210064
180240
140509
221378
433508
284293
359210
430941
154874
165603
322363
434086
231266
233255
290360
247854
382896
316106
224504
403234
331007
261831
216157
228329
440190
281275
451946
235194
384394
326058
319861
348259
306231
311912
202922
156051
103421
165575
425775
356731
113707
116186
425300
434756
312861
175784
103218
258780
448118
239609
147745
159923
360011
315399
403652
421294
265984
314506
137278
258655
403782
368035
350637
364167
308443
431936
111102
196060
284297
231640
238756
436826
229200
383769
204633
283509
220026
227288
135548
246466
308511
183173
317396
449161
152263
309337
320525
361806
165580
291763
124652
401926
308859
180724
422967
391797
277709
100161
260389
407423
153845
359417
271495
174889
187176
392827
145807
296555
246677
182799
110190
378445
122269
148839
204160
132114
130084
254313
372408
163776
318964
436341
225388
203726
314979
202644
393453
182077
279684
170725
357483
348127
124601
378598
182777
152911
349908
350530
415558
151074
303139
329900
296131
166875
263615
348340
259327
283444
386666
305783
225626
152927
246442
208989
410211
309236
251107
371681
363691
387728
386883
117984
104215
278768
341515
448923
258486
140246
131901
237436
221505
173857
116881
254112
278512
228878
269567
238325
215510
306819
151763
134959
444877
330819
150990
387022
415833
351742
190420
423562
271797
304910
418468
133163
278245
143696
436011
386583
