288182
445626
109506
263465
305241
280937
175757
151115
121026
275257
450751
406586
102305
159803
261622
136873
435970
208711
202986
450572
318779
378933
436141
378459
107069
200022
194344
114330
278154
368039
384253
332991
333443
333557
152116
251892
159608
226136
329350
450870
390981
195749
334637
397650
290392
378636
135043
121385
255145
414482
280212
353533
303932
325958
413578
394807
166549
404348
190673
241612
391018
350212
312298
329692
330930
216329
355325
362582
277125
175185
187205
142279
244028
136199
170507
385804
261100
361775
247689
268596
229989
341608
122467
363282
248406
400927
262079
399126
193683
212146
361429
455934
373441
184511
126277
271046
342501
122649
107441
198973
216066
311139
129125
327342
126293
261534
351656
241455
420658
255298
303366
246376
349810
135308
387037
192231
336804
130719
259968
222438
120619
210064
140509
221378
433508
284293
359210
430941
154874
324541
165603
322363
434086
231266
233255
290360
162005
283605
428761
247854
382896
390010
316106
224504
403234
261831
216157
228329
440190
281275
235194
326058
319861
348259
306231
311912
202922
156051
165575
425775
310113
315355
356731
113707
116186
425300
434756
312861
175784
103218
147745
360011
315399
403652
455675
421294
265984
314506
137278
177561
403782
368035
350637
364167
325970
308443
431936
111102
196060
231640
436826
389459
154956
383769
283509
227288
135548
246466
308511
183173
282708
284094
449161
152263
309337
320525
361886
361806
322358
130071
444523
165580
291763
124652
401926
308859
180724
135902
422967
391797
277709
100161
428915
407423
153845
453329
174889
392827
145807
246677
182799
110190
378445
436052
217145
197953
122269
148839
363076
130084
254313
372408
163776
436341
280047
225388
203726
253968
265867
314979
392014
202644
208510
279684
170725
348127
124601
378598
182777
349908
151074
303139
329900
296131
274974
166875
263615
348340
259327
283444
258863
317999
384213
386666
305783
118672
225626
152927
233365
208989
410211
449336
309236
251107
371681
363691
117984
104215
448923
356614
188147
258486
140246
237436
221505
253824
346557
116881
254112
148057
278512
228878
269567
238325
215510
151763
134959
444877
330819
150990
415833
190420
271797
304910
357525
133163
173336
278245
143696
386583
