435088
149202
374630
234101
336029
436454
279138
267712
431055
175876
226885
109030
442568
129310
218219
184225
249874
422733
408291
452259
382219
300684
136285
197250
149713
233084
426821
208047
384614
186773
185468
399501
375670
369061
113565
239266
197467
374723
155763
432743
453389
181517
138974
358837
256098
414770
222450
354439
179573
343112
257109
160997
237791
270192
159329
209321
190206
374367
417283
402463
317808
367445
193410
348233
367646
391827
375323
392428
175562
301722
100733
451581
346812
276698
175115
258655
257116
188985
393374
129148
439475
170774
234244
443267
282241
138542
311030
379380
279959
255430
185388
164741
299714
293656
153899
265971
363440
338580
165737
414274
402167
243995
221769
119908
172329
361963
235841
317368
113425
106792
393066
237709
291213
373488
222672
428069
168216
132926
100887
259627
156725
346159
403156
136421
167938
386504
211602
337078
375482
438323
106884
189248
260166
335854
406886
441893
209629
176087
301111
362987
398255
206546
131627
122178
372982
285843
324372
206159
130762
369309
197123
139259
388130
278386
107541
287682
267252
231669
338081
401881
269752
444493
317319
160489
376183
266055
326735
228521
190214
192786
331901
455924
102955
191017
372483
178190
247618
270660
286150
100015
228345
187522
127371
119023
162960
147420
143891
237356
380596
211558
312752
355552
344788
348713
256364
183574
444389
316296
399556
415202
134901
131595
216033
114053
272624
163303
293627
141649
310321
322511
442928
428851
451620
170752
193236
210685
119735
139430
418426
175131
238337
179764
404465
293269
176895
268027
202108
443219
249318
438101
394466
133508
316755
419852
365964
341224
279004
170269
125598
433941
203748
259959
382055
132248
109569
129698
234469
397534
153357
307125
163251
390742
213005
444057
149031
342531
313182
337501
445409
389046
101706
166216
345530
314150
312221
209777
215003
327006
224526
454279
137693
259123
344331
335845
271109
320442
391895
153190
334749
206183
379165
379158
303859
271712
314065
441575
166866
126497
256532
397842
207757
154333
420761
314025
173348
371145
128648
189900
165644
380619
399587
134768
201817
205242
164534
407642
375729
129710
406198
268425
291077
304880
242992
383420
446461
314469
233939
231986
192329
175195
141860
308479
422431
370851
401778
248444
154474
236207
439894
152929
110159
218838
440202
130870
100383
203894
410921
169045
292868
303095
153863
299684
278109
160778
267898
374446
241003
117248
401672
310207
295327
226425
188668
138172
239817
232611
437561
384633
183191
300048
371285
231718
325729
279926
124321
337627
133613
282285
187185
441359
181372
184891
297362
102983
108198
317392
199773
263589
170068
393513
381526
293122
122223
161144
270815
379608
286221
194056
337032
324534
320245
239248
213916
164747
249472
429886
162511
135102
121717
356030
128422
413523
229861
276806
155148
207813
117475
166456
234001
153086
167168
185030
271417
213010
360680
372254
291040
160487
447380
353116
323783
100361
132328
203537
212217
180377
170784
316614
340668
351654
164525
251266
381271
147586
128492
155690
163052
241021
378889
244467
289066
138266
114136
355518
327076
355822
151079
209961
432182
353039
279964
119380
223947
352300
124610
402366
265711
208424
198492
149353
154464
270691
106030
313681
157393
393536
308307
319399
184402
151106
170424
421129
409738
125094
453450
152727
333975
294183
359694
355456
291725
388322
368173
380660
182560
103011
276090
394994
357194
251707
264564
312165
364252
138231
355555
251592
441718
390422
279802
409749
382516
101521
242943
139734
239175
363650
320422
190644
231020
320443
390101
109122
342605
297259
192261
282663
380700
211149
201774
352310
449958
129935
433665
118862
246587
326535
126586
174906
164474
211058
104036
198264
384752
398821
236243
362503
163812
297321
354921
271262
276583
423880
102741
217967
132113
100457
228977
296313
176225
443913
305711
223193
343405
442838
118139
171863
107706
238034
238280
196454
302290
132747
362780
422883
394981
402874
141453
358430
352209
389388
455194
337283
205993
168669
366574
346097
132326
126733
141707
359186
375060
117097
192542
348570
444883
100838
175142
455023
364203
349998
254974
225455
371580
105326
219648
358717
366516
158660
409802
130197
405909
339866
336624
436585
102925
252585
439793
261448
382978
397976
110192
239204
198334
186688
332589
135775
387837
344403
186780
226993
356076
334354
303300
145797
447791
139490
280195
307885
278091
381641
409642
129704
332612
450028
442456
172744
249385
192127
121196
354522
368341
113843
209972
187182
277819
333240
297687
448553
384347
312838
316922
164433
425098
156250
377235
260104
443820
158427
164497
346025
153112
295185
303726
334637
398455
274352
125356
373854
178914
367649
160317
277788
204184
106489
291174
447454
138699
174881
439488
193897
218447
322914
273462
243726
162343
423449
273162
341114
395069
102037
391897
440689
135297
225985
104650
422277
433626
443511
347934
357423
213793
441292
191742
332587
380340
264601
116229
253800
289385
373760
266070
244193
328633
438698
357931
145736
227544
355739
231110
447501
116601
354544
344935
250589
394119
110389
152310
111154
245410
227966
182101
273440
161597
130033
288142
430667
165011
225696
447060
383411
415975
444462
263552
393151
436833
312340
190919
453311
223321
134816
248354
384004
427723
327132
325610
365906
284525
375977
261329
404869
377694
226369
288544
208081
251755
107364
276146
140782
431544
206655
135436
449610
231435
298801
418617
203273
175466
273838
243487
450098
421663
211441
263665
165362
381432
141847
387678
305806
323735
282180
388577
268959
343445
331992
175064
204804
142850
114920
396532
227110
290235
347780
114640
170749
380650
124650
227287
446165
352020
351503
341364
443017
308349
406106
190455
246389
438254
229933
115898
175723
289598
385529
117927
100603
386208
120379
107791
180997
114140
448978
138288
285623
352162
294498
172208
182105
237601
186303
406041
152359
319895
120123
227659
109020
372936
374072
131817
252567
140069
242215
372135
173625
429615
153175
296458
267552
243419
246696
118761
455189
240071
231399
386260
445961
103483
110576
248242
443737
201391
144695
316035
271012
304230
390878
306634
395905
265659
183964
421171
220366
198743
332124
423253
403237
219240
379203
219591
314187
225100
303763
413406
389218
317027
428294
420244
156392
443673
153290
133857
393842
163843
369197
155263
207329
440675
351488
238797
426233
220072
409274
400041
285159
238648
408751
284043
302909
155977
281136
249828
405567
153746
309271
239665
161784
429180
409379
275909
189470
102069
234289
139085
145425
362786
450295
407635
178894
398462
114931
183813
286626
382555
222090
198939
319477
146152
246005
312220
360085
352080
410212
329363
385292
248248
257685
375748
304671
339305
190706
320944
296613
403634
380167
406190
233964
212257
362191
222538
377937
254010
437178
249423
408276
210880
213522
303243
228581
211506
326379
137436
324123
272127
342302
358848
177586
232902
254230
195593
112465
436988
236342
164695
176022
210956
261296
163448
417225
340130
280263
380761
114868
