374630
234101
452732
436454
425937
441111
431055
175876
431661
109030
442568
129310
218219
388044
184225
249874
422733
408291
274722
452259
382219
300684
136285
197250
149713
233084
426821
316031
287654
208047
384614
186773
185468
399501
375670
369061
436633
432743
453389
181517
133207
138974
358837
256098
414770
222450
103167
370368
260137
179573
438041
343112
257109
200360
160997
237791
270192
159329
209321
413952
190206
374367
412132
394707
417283
402463
367445
277703
348233
367646
391827
375323
326847
175562
301722
346812
159465
276698
175115
258655
257116
188985
393374
129148
439475
170774
234244
282241
138542
311030
379380
279959
255430
100044
293656
153899
389323
265971
363440
338580
165737
414274
402167
292816
217218
221769
119908
172329
406396
361963
235841
211998
317368
137290
316884
131560
384057
237709
291213
373488
333648
428069
132926
258194
100887
259627
156725
346159
403156
136421
216321
165461
211602
100101
438323
189248
260166
335854
441893
283342
301111
362987
206546
131627
372982
285843
324372
206159
137887
130762
434780
369309
197123
388130
278386
107541
287682
267252
231669
338081
401881
269752
273141
317319
160489
376183
266055
344157
228521
190214
310380
192786
331901
455924
191017
178190
247618
270660
286150
100015
187522
296793
127371
340632
162960
118449
147420
237356
145414
312752
289615
355552
344788
256364
183574
444389
316296
319614
195152
415202
134901
126132
131595
216033
114053
272624
354814
354552
109368
134221
428851
451620
170752
296153
193236
210685
119735
139430
418426
175131
238337
179764
404465
176895
268027
202108
443219
249318
221254
438101
167814
133508
316755
419852
365964
341224
279004
189353
125598
433941
203748
259959
382055
132248
109569
129698
234469
397534
307125
163251
131575
390742
444057
126933
342531
132504
313182
389046
414168
166216
345530
314150
312221
223264
209777
215003
327006
224526
454279
137693
259123
344331
335845
305534
320442
391895
191142
153190
286180
334749
206183
379158
303859
249632
106208
314065
454352
441575
126497
207757
154333
420761
314025
371145
128648
189900
380619
263099
134768
201817
189588
164534
407642
375729
406198
268425
291077
304880
242992
383420
446461
245011
323541
314469
233939
231986
175195
243281
141860
308479
422431
370851
366210
401778
154474
236207
380184
439894
152929
110159
440202
130870
100383
203894
204982
144908
175002
153863
246565
299684
278109
267898
374446
241003
117248
310207
252670
218144
295327
226425
138172
177609
239817
206608
232611
245447
253571
384633
183191
256618
300048
231718
342404
325729
422405
448065
279926
124321
337627
133613
282285
187185
296227
441359
184891
297362
217241
102983
317392
236689
199773
263589
436751
393513
122223
270815
145254
286221
194056
450467
320245
384521
239248
164747
406061
249472
429886
323071
356030
128422
413523
276806
155148
166456
234001
108214
185030
271417
213010
372254
291040
226423
447380
323783
100361
132328
273626
212217
149616
179585
180377
237607
170784
316614
397797
235358
340668
351654
180109
164525
166869
128492
155690
163052
241021
378889
244467
265693
320570
114136
355518
327076
151079
209961
242013
432182
363204
353039
119380
278573
223947
352300
124610
402366
265711
159267
208424
198492
274989
149353
115643
154464
382001
270691
106030
313681
157393
393536
160097
308307
319399
184402
268908
151106
161433
170424
389044
421129
438694
125094
453450
152727
333975
244177
294183
359694
206288
355456
291725
388322
368173
380660
182560
188377
103011
119855
276090
344801
394994
449070
264564
312165
364252
138231
355555
441718
204513
390422
279802
409749
382516
101521
242943
139734
144395
239175
363650
320422
231020
320443
390101
109122
342605
297259
412817
359341
192261
282663
402999
433240
380700
352310
449958
129935
205332
118862
246587
326535
353117
316779
126586
313184
164474
104036
198264
384752
208351
236243
163812
297321
103360
271262
276583
345361
217967
132113
100457
228977
296313
176225
443913
305711
442838
118139
171863
225240
107706
238034
238280
223407
302290
132747
362780
422883
394981
402874
273186
358430
352209
389388
455194
337283
205993
168669
366574
346097
132326
126733
359186
375060
117097
192542
420742
444883
100838
175142
455023
229410
319940
349998
254974
402013
386695
105326
140822
158660
409802
130197
405909
194798
336624
239017
102925
144271
252585
439793
261448
412376
382978
397976
266550
110192
239204
198334
186688
332589
387837
186780
356076
334354
447791
139490
280195
307885
278091
381641
332612
450028
442456
172744
347008
249385
192127
121196
292577
368341
113843
354632
368608
209972
187182
277819
333240
297687
316922
265738
156250
377235
260104
443820
164497
102978
153112
451633
198190
295185
454411
303726
334637
316412
274352
125356
373854
178914
367649
160317
204184
106489
447454
235882
138699
174881
193897
322914
243726
276396
162343
423449
297668
273162
341114
102037
391897
351924
440689
135297
147715
245469
104650
422277
226595
433626
443511
347934
357423
213793
441292
191742
361437
264601
253800
289385
373760
405644
266070
328633
388634
155351
357931
145736
227544
231110
419355
394119
169861
353716
110389
152310
190414
245410
227966
182101
273440
161597
130033
288142
430667
225696
447060
383411
415975
444462
263552
223844
342293
312340
190919
453311
223321
248354
205516
365906
375977
261329
256133
397546
404869
377694
344572
424493
288544
208081
251755
107364
318304
140782
431544
206655
359009
449610
124522
231435
395323
201509
244717
175466
273838
450098
421663
211441
165362
322563
387678
305806
428800
323735
282180
388577
370747
343445
331992
204804
404776
142850
114920
396532
227110
347780
414414
114640
170749
380650
124650
227287
376621
446165
352020
351503
190455
246389
404508
438254
229933
175723
385529
117927
386208
197446
120379
180997
448978
241473
294498
182105
431886
237601
406041
152359
142218
319895
120123
227659
109020
398162
109579
123081
372936
374072
203443
252567
140069
372135
173625
321452
429615
296458
267552
243419
246696
146335
450293
455189
240071
231399
386260
445961
148754
248242
434200
378982
144695
316035
254808
373447
271012
366097
381813
393024
306634
210271
395905
265659
183964
421171
220366
198743
332124
423253
249594
403237
378918
219240
117024
379203
225100
311852
303763
413406
389218
449406
317027
428294
420244
147316
156392
388824
443673
214784
153290
393842
163843
369197
155263
207329
440675
117921
310966
426233
220072
409274
400041
285159
238648
408751
284043
302909
190858
281136
249828
405567
153746
239665
161784
429180
409379
275909
239026
357772
423527
264762
189470
102069
225408
234289
139085
145425
362786
450295
407635
178894
398462
114931
183813
346460
382555
222090
198939
319477
312220
360085
352080
410212
329363
298519
375748
304671
339305
393557
320944
296613
303663
403634
380167
406190
233964
187984
212257
362191
222538
377937
174709
254010
416632
249423
210880
251291
303243
369658
228581
423893
137436
324123
272127
342302
358848
161267
177586
254230
195593
280114
436988
236342
164695
176022
210956
261296
115015
163448
417225
380761
