435088
149202
374630
336029
452732
436454
425937
279138
267712
441111
431055
175876
226885
431661
442568
218219
388044
184225
249874
422733
408291
274722
452259
382219
300684
149713
233084
426821
316031
287654
208047
186773
399501
369061
436633
113565
239266
197467
374723
155763
432743
453389
133207
138974
358837
256098
414770
354439
103167
370368
260137
179573
438041
343112
200360
270192
209321
413952
374367
412132
394707
402463
317808
367445
277703
193410
348233
375323
392428
326847
301722
100733
451581
346812
159465
276698
258655
257116
188985
393374
129148
439475
443267
138542
311030
379380
279959
255430
185388
100044
164741
299714
293656
153899
389323
265971
363440
338580
292816
217218
243995
221769
119908
406396
361963
235841
211998
113425
137290
316884
131560
106792
393066
384057
237709
291213
333648
222672
428069
168216
132926
258194
100887
259627
346159
136421
216321
167938
165461
386504
337078
375482
100101
106884
335854
406886
209629
176087
283342
301111
362987
398255
206546
122178
372982
285843
206159
137887
434780
197123
139259
388130
278386
267252
401881
269752
444493
273141
317319
160489
266055
344157
326735
228521
190214
310380
192786
331901
455924
102955
372483
178190
247618
286150
100015
228345
296793
119023
340632
162960
118449
147420
143891
237356
380596
145414
211558
312752
289615
344788
348713
183574
444389
399556
319614
195152
415202
134901
126132
131595
216033
354814
163303
354552
293627
109368
141649
134221
310321
322511
442928
428851
451620
170752
296153
193236
210685
119735
418426
175131
404465
293269
176895
268027
202108
443219
221254
438101
394466
167814
316755
419852
365964
341224
279004
170269
189353
433941
259959
129698
153357
307125
131575
390742
213005
444057
126933
149031
342531
132504
313182
337501
445409
389046
101706
414168
166216
345530
314150
223264
215003
327006
224526
454279
137693
259123
344331
305534
271109
391895
191142
153190
286180
334749
206183
379165
379158
303859
249632
106208
271712
454352
441575
166866
126497
256532
397842
420761
314025
173348
371145
128648
189900
165644
380619
263099
399587
134768
201817
205242
189588
407642
375729
129710
406198
268425
291077
304880
242992
446461
245011
323541
314469
233939
231986
192329
175195
243281
141860
366210
248444
154474
380184
439894
152929
110159
218838
100383
410921
204982
169045
292868
303095
144908
175002
153863
246565
278109
160778
267898
117248
401672
310207
252670
218144
226425
188668
138172
177609
239817
206608
437561
245447
253571
183191
256618
300048
371285
231718
342404
422405
448065
124321
337627
133613
187185
296227
441359
181372
297362
217241
102983
108198
236689
199773
170068
436751
393513
381526
293122
122223
161144
379608
145254
194056
337032
450467
324534
384521
213916
164747
406061
429886
323071
162511
135102
121717
356030
128422
413523
229861
276806
155148
207813
117475
166456
234001
108214
153086
167168
185030
271417
213010
360680
291040
226423
160487
353116
132328
273626
203537
212217
149616
179585
237607
316614
397797
235358
340668
351654
180109
164525
166869
251266
381271
147586
155690
163052
241021
378889
244467
289066
265693
138266
320570
114136
355518
327076
355822
151079
242013
363204
279964
278573
223947
352300
265711
159267
208424
198492
274989
149353
115643
154464
382001
270691
106030
160097
319399
268908
151106
161433
389044
421129
409738
438694
453450
152727
244177
294183
206288
355456
380660
182560
188377
103011
119855
276090
344801
357194
251707
449070
264564
312165
364252
138231
355555
251592
441718
204513
390422
279802
409749
382516
101521
144395
239175
320422
190644
320443
390101
109122
342605
297259
412817
359341
192261
282663
402999
433240
380700
211149
201774
352310
449958
433665
205332
118862
326535
353117
316779
174906
313184
164474
211058
104036
384752
208351
398821
362503
297321
103360
354921
271262
276583
345361
423880
102741
217967
132113
100457
228977
296313
443913
305711
223193
343405
225240
238034
238280
196454
223407
302290
132747
362780
422883
394981
273186
141453
352209
455194
337283
168669
346097
132326
126733
141707
359186
375060
348570
420742
444883
175142
455023
229410
364203
319940
225455
371580
402013
386695
105326
219648
140822
358717
366516
158660
409802
194798
339866
239017
436585
144271
252585
439793
412376
382978
397976
266550
239204
135775
387837
344403
186780
226993
356076
334354
303300
145797
447791
139490
280195
307885
409642
129704
332612
450028
347008
249385
121196
354522
292577
354632
368608
209972
187182
277819
297687
448553
384347
312838
316922
265738
164433
425098
156250
443820
158427
164497
346025
102978
451633
198190
295185
454411
303726
334637
316412
398455
274352
178914
367649
160317
277788
291174
447454
235882
174881
439488
193897
218447
322914
273462
243726
276396
162343
297668
273162
395069
351924
147715
225985
245469
104650
422277
226595
433626
443511
347934
357423
213793
191742
332587
380340
361437
264601
116229
253800
289385
405644
266070
244193
328633
388634
155351
438698
357931
227544
355739
447501
116601
354544
419355
344935
250589
394119
169861
353716
152310
111154
190414
227966
182101
273440
161597
288142
430667
165011
447060
383411
444462
263552
393151
223844
436833
342293
223321
134816
384004
205516
427723
327132
325610
284525
256133
397546
404869
377694
226369
344572
424493
288544
208081
251755
107364
276146
318304
140782
431544
135436
359009
449610
124522
231435
298801
395323
418617
201509
203273
244717
175466
273838
243487
211441
263665
165362
381432
141847
322563
387678
305806
428800
323735
268959
370747
331992
175064
404776
142850
114920
396532
227110
290235
347780
414414
124650
227287
376621
446165
352020
351503
341364
443017
308349
406106
404508
438254
229933
115898
175723
289598
385529
117927
100603
197446
107791
114140
138288
241473
285623
352162
294498
172208
182105
431886
237601
186303
406041
152359
142218
319895
227659
109020
398162
109579
123081
372936
374072
203443
131817
252567
140069
242215
372135
173625
321452
429615
153175
296458
267552
243419
246696
146335
450293
118761
240071
231399
386260
103483
110576
148754
248242
434200
378982
443737
201391
144695
316035
254808
373447
304230
366097
390878
381813
393024
306634
210271
395905
421171
220366
198743
249594
378918
117024
379203
219591
314187
225100
311852
303763
413406
449406
317027
428294
420244
147316
156392
388824
443673
214784
153290
133857
163843
369197
155263
207329
440675
351488
117921
310966
238797
426233
220072
409274
400041
285159
408751
284043
302909
190858
155977
281136
309271
239665
161784
429180
409379
275909
239026
357772
423527
264762
225408
234289
145425
407635
178894
398462
114931
183813
286626
346460
382555
222090
198939
319477
146152
246005
352080
410212
329363
298519
385292
248248
257685
339305
393557
190706
296613
303663
403634
380167
233964
187984
212257
222538
174709
254010
416632
437178
249423
408276
251291
213522
303243
369658
228581
211506
326379
423893
137436
324123
272127
161267
177586
232902
254230
195593
280114
112465
436988
236342
176022
261296
115015
417225
340130
280263
380761
114868
