435088
149202
234101
336029
452732
425937
279138
267712
441111
431055
226885
431661
109030
442568
129310
218219
388044
184225
249874
274722
452259
382219
300684
136285
197250
149713
233084
316031
287654
384614
186773
185468
375670
436633
113565
239266
197467
374723
155763
453389
181517
133207
222450
354439
103167
370368
260137
438041
343112
257109
200360
160997
237791
159329
413952
190206
412132
394707
417283
317808
277703
193410
348233
367646
391827
375323
392428
326847
175562
301722
100733
451581
159465
276698
175115
257116
188985
393374
129148
439475
170774
234244
443267
282241
138542
311030
255430
185388
100044
164741
299714
293656
389323
338580
165737
414274
402167
292816
217218
243995
221769
172329
406396
361963
235841
211998
317368
113425
137290
316884
131560
106792
393066
384057
237709
291213
373488
333648
222672
428069
168216
132926
258194
100887
156725
403156
136421
216321
167938
165461
386504
211602
337078
375482
100101
438323
106884
189248
260166
406886
441893
209629
176087
283342
301111
362987
398255
131627
122178
372982
285843
324372
137887
130762
434780
369309
197123
139259
388130
107541
287682
231669
338081
269752
444493
273141
317319
376183
266055
344157
326735
310380
331901
455924
102955
191017
372483
178190
270660
286150
100015
228345
187522
296793
127371
119023
340632
118449
143891
380596
145414
211558
289615
355552
344788
348713
256364
183574
444389
316296
399556
319614
195152
126132
114053
272624
354814
163303
354552
293627
109368
141649
134221
310321
322511
442928
428851
296153
193236
210685
119735
139430
418426
175131
238337
179764
293269
268027
443219
249318
221254
438101
394466
167814
133508
316755
365964
170269
189353
125598
433941
203748
259959
382055
132248
109569
234469
397534
153357
307125
163251
131575
390742
213005
444057
126933
149031
342531
132504
337501
445409
101706
414168
314150
312221
223264
209777
454279
259123
344331
335845
305534
271109
320442
391895
191142
153190
286180
206183
379165
379158
303859
249632
106208
271712
314065
454352
166866
256532
397842
207757
154333
420761
314025
173348
371145
189900
165644
263099
399587
134768
205242
189588
164534
407642
129710
406198
268425
304880
242992
383420
446461
245011
323541
314469
233939
192329
175195
243281
308479
422431
370851
366210
401778
248444
154474
236207
380184
110159
218838
440202
130870
100383
203894
410921
204982
169045
292868
303095
144908
175002
153863
246565
299684
278109
160778
374446
241003
401672
310207
252670
218144
295327
226425
188668
138172
177609
239817
206608
232611
437561
245447
253571
384633
256618
300048
371285
231718
342404
325729
422405
448065
279926
337627
133613
282285
187185
296227
181372
184891
217241
102983
108198
317392
236689
263589
170068
436751
393513
381526
293122
161144
270815
379608
145254
286221
337032
450467
324534
320245
384521
239248
213916
164747
406061
249472
429886
323071
162511
135102
121717
229861
207813
117475
166456
108214
153086
167168
185030
360680
372254
291040
226423
160487
447380
353116
323783
100361
132328
273626
203537
149616
179585
180377
237607
170784
397797
235358
340668
351654
180109
166869
251266
381271
147586
128492
155690
163052
378889
244467
289066
265693
138266
320570
355822
209961
242013
432182
363204
353039
279964
119380
278573
352300
124610
402366
265711
159267
208424
274989
115643
382001
270691
313681
157393
393536
160097
308307
184402
268908
161433
170424
389044
409738
438694
125094
152727
333975
244177
359694
206288
291725
388322
368173
188377
119855
276090
344801
394994
357194
251707
449070
312165
364252
251592
441718
204513
390422
382516
101521
242943
139734
144395
363650
320422
190644
231020
320443
109122
412817
359341
402999
433240
380700
211149
201774
352310
449958
129935
433665
205332
246587
326535
353117
316779
126586
174906
313184
211058
198264
384752
208351
398821
236243
362503
163812
297321
103360
354921
276583
345361
423880
102741
100457
228977
296313
176225
305711
223193
343405
442838
118139
171863
225240
107706
238034
196454
223407
132747
362780
422883
402874
273186
141453
358430
389388
205993
366574
126733
141707
359186
117097
192542
348570
420742
444883
100838
175142
455023
229410
364203
319940
349998
254974
225455
371580
402013
386695
219648
140822
358717
366516
158660
130197
405909
194798
339866
336624
239017
436585
102925
144271
261448
412376
382978
397976
266550
110192
239204
198334
186688
332589
135775
344403
186780
226993
356076
303300
145797
447791
139490
307885
278091
381641
409642
129704
332612
442456
172744
347008
249385
192127
121196
354522
292577
368341
113843
354632
368608
209972
277819
333240
448553
384347
312838
316922
265738
164433
425098
377235
260104
443820
158427
346025
102978
153112
451633
198190
295185
454411
316412
398455
125356
373854
178914
367649
277788
204184
106489
291174
235882
138699
174881
439488
218447
273462
276396
162343
423449
297668
273162
341114
395069
102037
391897
351924
440689
135297
147715
225985
245469
226595
433626
443511
213793
441292
332587
380340
361437
264601
116229
253800
289385
373760
405644
244193
328633
388634
155351
438698
145736
355739
231110
447501
116601
354544
419355
344935
250589
169861
353716
110389
111154
190414
245410
161597
130033
165011
225696
447060
415975
444462
263552
393151
223844
436833
342293
312340
190919
453311
223321
134816
248354
384004
205516
427723
327132
325610
365906
284525
375977
261329
256133
397546
404869
377694
226369
344572
424493
107364
276146
318304
140782
431544
206655
135436
359009
124522
298801
395323
418617
201509
203273
244717
243487
450098
421663
263665
165362
381432
141847
322563
305806
428800
323735
282180
388577
268959
370747
343445
175064
204804
404776
396532
227110
290235
347780
414414
114640
170749
380650
227287
376621
352020
351503
341364
443017
308349
406106
190455
246389
404508
438254
229933
115898
289598
100603
386208
197446
120379
107791
180997
114140
448978
138288
241473
285623
352162
294498
172208
431886
237601
186303
406041
152359
142218
120123
109020
398162
109579
123081
372936
203443
131817
252567
242215
173625
321452
429615
153175
267552
243419
146335
450293
118761
455189
240071
231399
386260
445961
103483
110576
148754
248242
434200
378982
443737
201391
316035
254808
373447
271012
304230
366097
390878
381813
393024
210271
265659
183964
421171
332124
423253
249594
403237
378918
219240
117024
219591
314187
311852
389218
449406
317027
147316
388824
214784
133857
393842
163843
207329
351488
117921
310966
238797
220072
409274
238648
408751
302909
190858
155977
249828
405567
153746
309271
239665
161784
429180
409379
275909
239026
357772
423527
264762
189470
102069
225408
234289
139085
362786
450295
398462
183813
286626
346460
382555
198939
146152
246005
312220
360085
410212
298519
385292
248248
257685
375748
304671
393557
190706
320944
303663
380167
406190
233964
187984
212257
362191
377937
174709
416632
437178
408276
210880
251291
213522
369658
228581
211506
326379
423893
272127
342302
358848
161267
177586
232902
254230
280114
112465
436988
164695
210956
261296
115015
163448
340130
280263
114868
