135980
145537
382039
307524
271627
412696
298798
420147
159207
357381
301256
407846
412320
158383
121001
175915
306566
230632
351471
158889
399728
417907
224898
279204
330420
456201
238890
185261
291163
161540
332139
199294
239908
335227
188224
373722
143866
108469
238106
344440
372695
385262
367490
281631
252545
251616
175944
161627
362129
385645
440622
117829
110415
430966
217089
308047
392025
327719
105480
242880
295560
119974
112191
250656
248338
268745
108717
277998
151361
349638
418639
148043
365459
416971
208978
359450
393230
155356
203742
212030
450277
106501
386873
220660
297254
292369
194824
139983
155837
229925
392037
349236
286376
141006
231665
337925
330240
211337
370813
404244
200800
332872
299044
365419
363814
123965
382487
182208
267897
343100
377381
106381
160655
250729
285727
418670
259358
145212
387208
222038
324785
244884
262160
227338
269598
181170
198005
179340
202121
308376
163170
292318
102502
143461
250031
318090
116050
140041
229193
454877
215737
297698
135228
380458
151414
269302
100015
431265
207177
376102
373316
292478
104161
167206
208124
190972
444854
389658
344736
446069
135931
276390
370611
411340
265508
327679
224983
215208
228396
195038
130300
145231
334503
349305
157779
272854
339342
222984
451491
276747
412534
357685
272259
216006
409364
436845
118857
397288
105697
211568
359952
442550
100458
273339
245818
386929
228823
339290
300764
446325
436469
266743
266168
145168
377139
146254
124969
325893
116114
253161
359303
177491
391677
111766
305896
317141
311124
280977
252449
438773
318140
448290
401451
193406
263559
440726
206228
235019
202856
443696
387479
204935
133919
406542
408455
418245
363314
279671
286090
125861
448932
333158
385250
393171
364446
197079
237312
184642
425499
395786
391374
218283
350471
361648
368055
448881
434079
180829
204525
303577
110271
442823
338140
213654
246322
117024
251069
262037
307421
400675
122560
327234
150546
436729
370790
217646
166838
152485
126376
400953
341678
255827
149698
187995
445753
191967
348539
410883
225424
319679
343281
228190
181536
441939
342275
356979
237978
146389
239548
339921
309489
175254
198740
135698
349489
299414
123762
101561
291260
219453
238318
347608
131343
415236
162867
176243
212529
426060
336287
386435
425011
240551
337067
320037
379787
260378
440066
227497
119667
372054
408771
188414
138321
345944
254730
260900
202402
180838
360589
412242
352923
154870
264915
370621
163879
152937
297381
438871
160000
273315
281983
276288
150570
211886
452134
350093
166234
297899
306897
259503
340355
448036
425859
335505
235364
243495
211533
389853
217774
348472
409769
188147
390205
106741
100794
197097
144051
427546
287484
143091
279014
449965
310545
188606
294611
386452
103262
237261
173447
352358
175314
204044
186777
173307
397056
395598
364580
187107
450325
231531
395198
133398
281971
350304
333399
331774
105018
360529
326612
111414
344077
127647
288244
335189
245169
129691
294666
256886
345993
305546
194088
441372
447537
214551
105729
409448
230595
157592
316035
233315
142646
116867
386532
242206
185701
387575
106164
300824
353515
446835
353085
296999
449990
426465
143913
325089
402599
179712
123774
231445
261708
187479
134378
144431
190140
234738
184802
338124
367561
452416
164310
200953
151602
272134
325071
289483
391512
188447
420819
105561
259622
405453
188743
301945
210665
263393
115089
352977
172424
120819
140128
432295
301748
420367
419389
277650
256495
340863
287682
203386
178513
401996
111770
211166
388328
194597
383744
374769
342653
177541
169053
390853
383591
307630
269304
455616
446056
435219
177596
139695
336984
228220
200402
405527
411008
417055
438190
417656
166092
367612
348972
217112
210209
305444
170365
115199
231381
422604
160708
390220
126119
347000
135853
387263
157316
372160
389320
451660
167072
427564
448528
163646
253638
143539
375247
314209
315620
349548
296072
188608
137525
204922
164489
446484
239648
273412
306903
276418
153489
390379
230140
358572
435760
203010
184559
455197
187578
116773
177655
411066
277644
217689
129328
286513
211251
359878
324873
159008
181896
206225
270569
101418
225885
129656
243150
116727
193367
283419
452066
359482
308673
193605
450438
240801
418368
266105
451304
166358
304033
424338
446500
313979
415008
310374
196873
101447
189381
249096
380307
393213
231514
164993
162042
369530
397233
374122
323840
170911
163002
360184
284131
388708
378670
343098
223293
265021
207450
372671
422027
132227
305454
177176
390692
145669
438610
125352
368873
233727
241461
374961
221351
288211
247447
146780
300146
256466
269565
283533
346299
128696
287596
171691
329628
331706
364295
315247
271791
327715
411671
365112
152105
211115
148720
229150
310051
338643
147520
430138
255443
238964
246977
152344
198663
397470
236200
393176
228773
175810
110668
188741
186247
196232
371716
106634
189980
277186
265562
226107
167650
105640
253301
432512
369354
258815
217501
259295
131112
267678
385735
426346
395797
115091
311615
444560
113768
111701
130637
385268
400026
303841
298080
440934
421154
271920
411775
360114
345286
338807
169547
373914
134312
260401
438972
182216
427477
416252
228024
288409
183409
379791
243011
297280
438961
334205
351382
383876
107009
377357
186222
154817
301738
230352
269964
439647
347632
113928
414369
171804
216386
122728
389199
404674
172171
305044
269373
367364
254986
253952
388871
255416
158678
156320
413816
311195
359055
289810
147610
434247
160775
202632
294496
299456
302019
304995
238167
428693
412340
449252
204210
339025
223381
122091
260812
245146
323444
364027
390104
199308
121402
102381
143775
337111
373657
437077
159344
338698
147168
307600
236424
150412
155011
375780
391979
118818
346006
340856
375453
331890
286799
387589
144252
292545
173311
372917
329044
284559
435826
103994
433401
162925
326173
188019
123769
136199
214137
148779
219997
102793
213609
193003
264673
446263
292780
287064
313452
399944
143567
217742
211743
260041
285314
102398
113524
356229
336728
256118
339041
122397
442873
146782
389392
257179
283718
426782
107769
297088
392942
173765
326764
159617
440335
394641
165076
235114
157661
135767
385241
174274
259744
338342
260795
146990
391340
147024
319079
429754
129370
427494
289942
282213
285357
262408
228281
377810
321351
376401
193346
183183
423204
266080
301351
221370
438982
168499
180558
400626
173810
241662
103465
148426
185507
118477
310923
417092
191429
230910
359477
396166
138269
444508
110811
205237
351015
256413
380678
397252
399452
181582
162899
280500
364908
322843
447857
418403
263216
164596
307002
370619
118445
286245
368408
144583
238245
317445
237570
347423
381681
279234
181062
232768
158567
143765
246655
315907
235976
106884
411503
277670
268754
210787
252979
104362
344943
119323
342344
306196
331782
317990
398818
440250
258209
322326
121813
313203
327290
323767
366146
294911
316634
371146
363894
404431
146706
251184
269546
246351
438210
299585
130659
455666
138265
288999
211430
389768
191136
399213
406758
243083
368555
452605
279296
414342
254117
207297
165335
296382
373950
204899
128271
404865
218079
396805
230073
379288
437497
311590
156530
292389
260573
123099
421695
262618
172585
277110
386973
392676
161814
324930
163603
314686
342837
403632
424294
441344
159276
173852
179916
179917
112963
402520
115493
218340
314541
455651
248657
422136
376528
289930
318545
180630
127494
291996
395147
184898
139496
373282
270494
415020
452506
261122
117971
308968
440404
172232
300220
310146
241034
361514
330608
428164
204024
225679
435680
307282
430797
154459
353170
167424
391146
395788
259821
403678
187931
326854
122916
323298
204408
194257
255842
411886
138950
317615
280795
347030
354879
258494
226974
212040
207146
294268
172930
135538
129847
221249
213063
141191
336982
145306
353889
255982
401511
443087
429665
191311
177246
103710
241394
410750
153250
266107
434111
398212
383488
151884
359678
408310
429371
435389
362447
159499
431220
340773
163098
340648
188459
126171
279486
389558
309681
328793
137962
330961
442726
351676
275063
396623
275880
225187
251790
335993
173518
131919
399886
334227
326038
244213
114743
428479
419008
200246
246494
345337
123820
259578
347551
428667
219795
383257
401918
423460
134902
190270
354463
369941
292547
121024
142123
342201
375495
375014
371024
250379
134728
241278
219802
424392
378943
363315
342394
106791
439700
323572
302478
199149
274461
421144
386179
432967
257658
303655
305732
194233
392854
229393
385083
224815
153954
337392
141902
425292
408570
452042
404882
450485
382551
377725
286669
445792
386220
139498
174079
196324
270104
179821
220556
303522
431336
261148
103563
138206
262568
235513
130819
305817
222157
245799
440583
370649
118200
388649
255819
430249
308109
363781
362078
303313
229801
333277
262643
262706
323815
155146
410403
190035
377455
191854
397136
409788
363803
219842
411630
213273
356335
405048
285339
123211
369817
104008
356871
142404
104335
177870
396781
161717
129976
365379
226696
164406
322850
130208
251657
221692
270780
420666
391753
249454
383259
135171
351283
199186
299444
206234
399272
119289
299131
302266
221944
403205
445987
254254
128280
261793
336111
337791
104484
193379
277328
356305
227042
422936
410260
285088
182758
225154
330646
171983
192841
449047
372613
333427
292368
125307
437344
237707
132941
455782
301223
138077
224506
361204
347741
372525
330280
184741
152149
410330
333965
181614
245053
425717
419774
367111
221545
189767
304300
426028
405432
362247
345531
418243
301292
373755
341921
367802
380943
455163
256167
184501
289567
309043
372185
386892
223233
381889
209804
410574
345333
276849
133416
426416
285569
143093
454985
103816
258888
283544
208469
217597
189245
409627
375306
303732
149201
154723
351379
138342
320105
257537
348988
227801
107439
424882
121257
383689
212421
321067
104474
103867
199547
151766
196453
394237
173914
231210
419777
361920
292796
140492
202570
233442
228611
347088
302973
408680
344338
275213
155044
364019
355485
125741
346258
368867
190462
330319
403381
143318
447171
109091
394877
197221
316356
298124
188596
145234
225262
128210
182141
249157
228167
411083
351449
257086
341393
294727
146119
140444
395498
288234
395398
289570
199875
437082
390429
189281
381500
404816
257512
450863
169539
174487
339235
349401
423487
347247
430037
411834
305400
140714
225831
210721
435033
357239
125567
266232
307873
384406
286953
412040
218025
399405
175222
361904
255599
230054
355624
209052
357246
281113
135996
150234
133550
174387
111654
419005
436348
282832
440507
420491
408972
323270
317865
159457
323865
327851
349633
435493
262018
242261
350151
377002
387838
449303
268647
411005
425900
302622
322853
292258
395521
254102
309906
240073
134120
292635
404940
390572
190484
363540
251068
347941
306496
366628
331452
191578
385960
185596
243735
401161
382854
291292
226976
359146
315008
236098
117345
405558
172275
317278
217031
219643
223797
305083
194394
164396
187612
435891
278789
161092
199254
272778
254967
326327
347502
222007
226007
166593
355080
243660
220441
381831
185587
271084
359937
278500
185860
330463
285581
289260
182850
273075
320576
436384
138282
450007
183214
448300
105543
111779
263624
194405
280111
445311
246875
177625
304616
310272
200422
418624
133985
360824
173636
274029
278144
143771
130171
112756
362411
450158
140479
198787
428856
449522
277756
362343
379251
361004
453223
449754
124293
427349
218149
414176
204481
321926
264645
339999
147593
440268
272155
384665
322861
341453
419002
249791
425044
420899
334702
267984
306672
109843
102677
439234
371490
175807
129745
256817
258879
311785
421468
248270
169054
375831
177392
118530
228755
340923
343429
368327
305161
306613
257709
300696
138445
115731
380995
375227
109976
430855
339348
336221
349351
281101
380200
239657
420533
180275
303831
163883
165664
252451
415812
287172
375512
163760
251637
211699
199422
136247
140903
454815
314940
430388
265227
442394
402195
227521
125027
400723
159477
206907
161186
385993
111934
115892
317916
437609
184955
398398
115753
299377
336719
209666
376136
159616
102656
379697
143392
369204
127743
223335
295776
450688
198013
202107
145445
351409
234645
244077
222252
278690
412797
307791
437710
252467
368352
449587
398267
369692
305992
293945
159610
203569
119013
403123
281472
439108
328519
120111
143139
248188
288651
326005
430925
351213
401033
156539
346561
232740
378954
333400
339392
267352
217734
189785
444899
170746
449333
171305
140923
318196
378416
265892
387861
377121
274732
375331
167900
337794
316236
188196
223520
172597
388950
350987
293766
434239
405356
422234
411484
415173
233436
330462
445967
430547
173143
273471
324922
281652
289899
375694
281964
455729
233614
179992
226695
348987
271171
198531
193757
374621
195265
145553
141521
223491
390473
126941
154153
294145
180668
310389
129735
186593
147005
111008
221268
446289
175924
400129
251344
292928
104650
270604
165237
396878
318879
256274
170644
355176
271283
264868
386428
295651
151445
451722
344659
228989
382515
429320
302700
220153
438165
363134
175715
188134
167062
333337
119182
419809
237679
330008
218234
153730
305714
178148
333024
118433
294357
443475
421186
314948
265812
170791
262998
235097
324907
428657
216787
143247
258262
243063
154705
417486
129065
122233
206488
419004
290510
131255
347351
269353
417684
406485
318453
455822
453447
395465
203224
291553
263388
202139
401483
265456
195824
241775
404784
179049
135168
118268
220262
286068
401715
449762
386291
289224
424443
112586
253659
308445
255825
197939
326077
125966
176489
292744
154697
415223
435532
415806
423062
274247
252039
119827
287838
261186
295275
383283
371223
116382
255868
107573
164204
436492
132585
312811
343843
426475
346355
362533
355901
402229
433368
195678
455665
268912
266945
183048
135822
141108
388583
288877
454048
199205
415099
403759
231318
197439
374740
252914
114034
290736
405657
136351
305795
418891
147864
220898
338464
386345
110978
191401
283998
301188
308578
366727
372702
234508
120788
193864
328996
298225
123727
135695
311527
175325
225106
287171
254853
446896
171693
206063
219372
378608
352652
418455
157481
450562
111889
217731
130298
450445
340128
283507
310869
339340
126680
254983
220148
203030
274210
325404
234255
269289
181426
449697
246908
373183
363044
236088
318032
445676
417704
389575
356603
118841
303107
224517
117229
166133
342262
212530
385593
123430
212271
185206
358533
361218
454670
337850
276555
259785
136797
302052
340789
447365
147861
405244
101986
440919
298602
274958
254581
353510
240607
403016
342936
277090
431943
389661
443864
185599
163626
138279
377728
173142
195723
153827
147962
272704
144077
261332
387230
335789
253852
278387
443042
116280
292637
426351
193711
398634
186606
444850
241247
257041
373261
302889
285515
171312
296565
211984
342132
180707
381290
451681
107957
455260
342123
103107
348861
195268
137621
157348
285444
198589
273738
203487
105365
236257
425578
136791
221369
326631
239542
368343
204577
185931
309404
292772
428699
102257
382902
360540
118563
367541
256000
435884
372899
247331
127648
413321
371092
251136
292606
254547
305030
334214
210589
239381
447333
449521
435010
134665
103445
346814
198969
225760
410329
351175
263628
352050
365394
383613
124011
365988
133411
345762
242441
114437
110481
377305
168344
294137
138538
452175
269703
245113
232287
408544
256110
247786
256819
353307
157495
321728
271975
409313
254041
160527
299656
436986
304186
109791
265375
253406
273448
303572
347515
162581
310840
229170
111640
348288
186152
248858
450549
281438
219869
193632
367867
445659
104270
347396
232781
151025
303326
201460
386066
445386
122959
183022
214962
253864
172621
156359
186814
412202
337216
234872
164637
120056
159396
242418
312147
151662
128025
209400
436483
377439
421061
243179
349578
327533
214339
184464
411156
240639
128738
305556
198326
170079
323037
245714
285324
267309
246644
308829
127073
153418
187084
210975
450449
248715
310407
419187
354413
437885
241295
452843
309509
112132
108478
365483
350163
257743
408171
266653
253181
269066
201895
292786
244885
326250
276452
241873
420501
413517
306411
384453
453752
370955
283325
156535
101488
105770
112425
234441
443027
265832
338567
122842
243410
428128
274412
157310
411884
224560
331918
196527
382833
144501
354939
402816
448505
263614
213373
159079
220473
419620
210244
325159
420334
133826
189732
132239
427246
347742
254816
296502
333068
160009
193448
284446
399420
327242
414737
161269
330050
181526
395839
397966
306476
154427
237991
300337
241003
176233
309721
126663
148057
178061
389020
278803
141126
198737
442708
174251
413654
378765
305228
270242
246129
439507
313928
146916
272394
217206
218084
182254
345950
159235
382231
278570
286227
237128
405292
455715
419969
296838
329748
189577
249472
315957
194169
426791
226992
108153
198257
165187
258803
115102
304188
284192
165698
258992
258017
352808
206056
182584
224460
391075
397218
434372
192351
279057
391868
181993
230069
280727
366139
346376
190450
177219
383610
170997
236084
413918
154491
257424
155596
313279
237337
421625
291099
364769
138672
279768
402233
378546
446366
246211
302837
315055
382049
383028
184883
230583
318714
136204
330209
110084
352965
428663
148792
322477
202088
264455
324239
128682
278566
289933
411640
227356
106579
242117
242255
265440
142869
293861
164467
349475
162301
417593
109256
178036
414569
296277
230902
394327
277163
267651
358288
319981
322014
409884
286546
346780
361327
324574
256463
243095
247512
103593
318905
137306
376243
171806
342739
448985
239187
183361
196176
431052
304502
122290
105688
100207
435981
401814
275628
191001
158441
390783
340727
142997
190870
222897
137452
295254
367594
421091
210115
110383
312369
375309
443065
184164
283436
210214
365535
309811
353446
185577
156850
331721
429656
180514
289210
218102
138855
279848
308697
264612
156401
356495
159149
309155
276276
174636
277973
355766
206301
341053
251882
379303
275248
372141
157309
310284
354514
260722
166823
104971
191517
339399
219692
217097
258781
375905
131541
258901
266718
122516
353925
275132
453915
385629
310731
188418
367643
391514
341318
355203
153465
273108
279421
337299
297832
403812
220017
382005
382750
405172
390628
321105
228510
226598
256913
210436
170891
175622
416608
241504
137830
196424
416039
401570
143010
369705
325606
330051
109841
229635
347971
346357
283408
335144
143635
164224
362280
130902
355346
279081
392330
305709
380329
449882
222894
365058
100651
339733
338120
427238
333635
338438
385966
318144
201920
326178
234328
226451
169246
388134
204818
219475
319238
301143
230955
192083
156834
448019
273282
435898
287473
215302
202914
214703
441838
319764
226135
353443
206922
174641
369158
247789
206664
100620
306108
183766
444992
116834
147336
429406
268908
349116
233653
454215
341325
113830
233586
399363
281223
116090
377398
262694
414555
377084
171051
169998
438724
147516
398068
396299
163886
246787
121457
247978
218051
389652
374667
448540
421458
193651
257004
208183
365468
174217
432755
288800
382462
362283
319422
101824
341498
154098
394978
169731
451993
380253
255985
204759
256307
102108
270311
204931
226373
350868
338769
439262
162167
270599
156191
123408
362258
381233
298315
268694
402850
112493
290493
351594
161706
226346
120505
355643
348516
217203
288021
174011
218041
202675
400724
135222
263049
443559
353020
138451
169920
284438
117513
148931
208174
312860
339191
434754
449828
309098
441558
166218
448205
290909
265362
302008
407903
168029
389600
192284
117479
312020
218224
166379
396083
369597
182352
184124
370635
337597
140732
398960
353219
100301
350451
431897
264076
438180
114575
145629
189190
147881
427834
356989
244036
349286
101421
277513
360232
355113
394923
125322
173300
121828
364608
251489
194528
190080
342106
334334
381597
218661
262516
143087
108275
343501
215926
430276
220028
235310
331986
389354
155640
298068
288541
216882
393477
103720
290665
258529
223426
155555
337797
424763
140969
217631
218451
373291
161590
188580
389524
362828
408030
320361
368906
262323
393687
416554
218487
379583
164186
319178
158333
178519
330011
350024
391152
193159
221248
252789
350815
345254
238882
120967
371959
260729
258149
187590
178864
336318
422239
344078
269678
152231
143884
251647
354691
222492
333770
376954
276874
125993
277980
137774
261725
159116
259538
380415
394816
415034
361192
252443
315239
277889
427861
149256
430877
212037
345901
285362
393825
448171
290867
206467
354878
322635
364795
213236
301515
400025
431347
225314
186332
323957
161433
386096
427227
166310
415635
171574
288103
201832
356357
416095
440768
159123
194510
255648
326185
185366
114799
201085
110373
178025
398346
250567
391906
109686
343565
439813
193564
153531
333879
116409
409338
439553
201823
445004
219814
112614
213634
326341
388156
206858
301107
281140
455110
411223
333437
213581
353438
359008
200066
433236
197919
123753
449146
138423
443942
226375
324865
371205
220035
204738
165969
445850
219716
412403
285576
344995
171064
394752
360606
380264
178180
454088
349082
342150
162387
444590
445570
272172
301788
208462
281524
386236
325015
130240
196802
106948
119488
430293
263841
240429
199043
203435
236368
338192
347636
140962
450175
316394
145739
168095
436242
350950
400875
307108
239907
403502
251484
394656
354548
309709
211397
251295
268903
298559
297950
399209
246366
326760
135577
136522
152812
191552
248612
320048
281193
217682
360847
311466
129761
286605
368112
337877
432103
234114
405413
398045
369988
444060
131478
263380
371919
324934
343756
330909
258635
177098
250551
234233
171736
452427
252629
267988
138845
429992
159247
247917
321606
329412
286305
139576
246157
334366
242507
118703
227396
153190
207567
340477
362596
327363
262502
324909
451780
375542
369725
115701
147676
445150
211136
288814
295484
108666
443801
263311
366304
161865
206408
431438
294875
111975
121926
231667
379983
298445
426505
288072
305329
346909
269814
323924
333343
338711
282343
353657
154059
124504
278205
236204
160958
438939
278568
400725
311477
334999
140667
250953
171045
399978
413451
361427
385793
359932
331969
352628
426384
438148
338230
452329
446127
349214
137077
211137
207920
300864
254091
276788
183511
438274
282411
207831
384713
190543
412976
103172
303098
356491
200861
233748
377808
251618
178017
188388
434682
413762
295503
234600
426710
208896
382423
137912
130075
120042
445002
357364
367686
144895
125412
245510
384530
374987
149686
136363
207156
140841
303897
144380
294459
142274
357045
303487
284381
285230
268892
432385
415143
434726
281678
363746
100276
330514
284209
363077
212445
102510
318914
302834
185203
193242
347012
158783
413884
283760
443936
438246
238634
318974
390079
230209
348162
121739
262866
216937
282632
216318
321619
369062
352284
310194
444531
104498
356293
410844
281372
202382
446562
139177
168353
441733
291338
343140
288616
204503
273655
376612
306819
244875
364198
404573
436546
277773
396069
449471
228459
317063
136516
400581
238116
226583
156521
328665
362237
266083
427188
286417
420663
275307
359536
345578
253912
371810
442133
428884
416465
238746
165161
450996
172676
309552
271116
418976
326678
380199
193218
233033
222114
250341
365791
340544
307026
249103
299708
132311
336302
245629
300884
167321
315362
247706
351486
380767
236323
118117
294068
382606
308769
135418
171634
420655
156103
247832
289705
265502
202110
305755
126912
262359
227673
257807
212396
175726
377612
298468
363729
431046
341153
137628
453849
114675
344168
203145
104459
329861
386175
340014
215010
262755
131078
197771
354338
416138
347891
250840
115028
281601
360673
302706
369058
195334
447270
398209
222273
158686
215323
380191
274898
247745
265683
278137
146341
198123
147819
132655
188340
124891
404757
271898
105460
377454
208587
220005
389736
451540
203533
419089
454375
325514
413502
394182
205483
238809
222115
260009
174791
223755
410974
191119
350182
350718
179970
191055
351901
453572
411911
123702
324381
176804
247339
453131
257377
152465
385766
440822
443932
379699
371019
306636
209035
136198
356417
226729
432757
240022
296567
150436
217836
175240
341935
312681
211034
291607
162622
381828
222829
148653
233553
210248
436609
145570
209030
120989
243535
155811
112811
263457
411285
232587
426401
435494
320906
118135
206782
204122
331502
320599
451911
364318
420834
443335
397379
342018
231621
312679
245283
117228
328836
387251
329359
364026
129948
104155
171210
291153
156797
280858
360251
333662
409594
214606
319488
132137
407989
114902
416867
295231
396384
419636
410734
294305
445362
156257
280855
248058
205239
349792
247454
360748
195606
355079
356832
322980
434080
338814
363923
294369
361768
350226
359709
237844
143661
332818
183012
227504
218226
271042
359417
357195
435589
238190
300076
124399
439649
358739
328279
103451
349978
258512
268650
293550
270174
351717
118316
304960
164130
260670
125371
243546
371543
173568
360133
208107
120302
388895
149232
233835
448313
177389
351739
145753
273905
415256
223395
310398
390802
452760
389213
374784
274472
307884
328654
299816
293007
299741
319979
271639
453649
252611
274775
381177
115462
354396
328318
250187
453957
258132
389368
298971
178056
272412
301708
251049
132253
299667
211495
162966
325283
438395
210341
170524
330441
138544
218828
302304
446400
318339
314532
122304
375968
158508
179250
323294
135552
299834
202911
150581
197842
318540
270447
272397
198584
396861
160654
141461
172386
441011
272087
430286
196664
333646
349809
132826
138694
438560
219672
139255
347719
158516
360749
283189
148819
432126
325950
231578
281827
441656
385945
176070
289787
314900
413336
416471
173373
378629
391602
337844
143970
310936
309387
122660
338474
363997
328869
371268
201753
267427
151207
111920
375113
152203
453319
428316
108686
384961
251486
104053
118105
196313
407786
207123
175654
426706
177281
294050
419401
150253
412670
424895
417599
419298
443949
348098
438591
320755
446063
275074
232446
102285
319590
360632
437324
215424
112926
203517
301711
297302
166548
145566
359861
221109
142943
311234
362920
326195
223689
181860
407208
201245
387288
159588
344310
200965
436957
436121
396309
241834
317202
356054
265205
401254
319324
282598
425554
148405
383745
274077
154298
141936
307367
153858
442047
172816
385786
119862
190089
292422
147841
272935
252801
363126
377546
262146
372340
236337
299486
151870
189581
258636
384803
260590
174118
156694
390667
316981
265085
176416
436296
176357
418024
451509
456171
328534
104375
309900
213466
366040
122691
317919
206875
196982
166099
292628
378743
146844
301700
364546
390525
320390
161910
327241
275221
146926
245547
329496
188706
274761
179239
309959
384998
253572
248410
375761
132784
366560
411061
171630
232315
291204
210351
268865
195076
302483
205835
129171
134358
113646
111924
203778
138183
302459
120427
275235
437313
353399
112219
275777
409872
169785
268484
148308
275038
171029
322182
371949
353102
446072
161596
175909
230850
399725
153143
432159
164655
115383
447547
384087
350726
200608
338712
313480
309179
136721
383038
171016
455734
447874
141795
384126
218983
246556
334841
414650
352783
269400
428750
313958
417729
245797
216426
438943
100487
113531
390844
202855
172458
306867
387821
313471
428504
235387
192736
347047
186291
427741
191338
304727
286695
279723
397227
415535
100682
437668
129726
252089
300689
185156
377903
333894
167254
424897
245664
276890
439594
432216
305382
262950
214533
404648
175708
320786
182407
139686
126311
363800
333514
196088
205906
401564
242746
130410
174559
396870
159259
321778
186836
286802
314895
442974
104742
303418
249710
161244
272007
162107
272312
170175
154782
261209
350912
108819
179805
208547
429899
247137
368947
185808
135246
155502
110178
240237
419581
416215
374564
323010
325256
181625
284985
263552
345644
452346
437948
153112
200773
251897
340228
328419
293587
140140
325409
452666
244551
174949
375895
328533
252476
239375
221069
134356
378953
220691
287787
420072
223690
416493
439257
292123
292814
426424
167691
112998
189546
424592
212987
283922
145498
439502
104052
356528
127202
455091
454894
436678
196910
239456
299272
348483
120118
184629
123711
129520
438276
200452
455505
209512
308560
181681
173217
214732
311162
133135
447099
175256
213690
172167
162545
422730
425204
359836
440733
329012
387827
454392
