401888
135980
145537
382039
307524
271627
412696
202269
298798
420147
159207
357381
301256
407846
175915
306566
230632
351471
158889
399728
417907
319231
365528
224898
279204
456201
179372
238890
185261
161540
332139
199294
239908
335227
336897
188224
373722
236560
143866
108469
238106
344440
372695
397385
143274
367490
281631
252545
161627
362129
117829
110415
415855
430966
217089
392025
327719
105480
242880
119974
112191
174292
250656
268745
108717
277998
151361
349638
204364
365459
416971
229957
208978
359450
393230
179965
155356
203742
212030
450277
106501
259346
386873
297254
292369
366617
194824
155837
392037
349236
286376
231665
203279
330240
211337
370813
200800
365419
363814
382487
182208
267897
343100
377381
160655
250729
285727
281699
222038
324785
262160
227338
269598
179340
202121
308376
292318
285410
102502
143461
140041
402133
229193
367202
454877
224219
215737
297698
135228
151414
435784
269302
100015
431265
207177
376102
373316
292478
104161
380380
289806
208124
190972
270071
444854
389658
344736
210934
135931
313061
370611
411340
327679
224983
215208
162193
195038
310451
377059
191202
145231
334503
234191
280592
349305
272854
339342
222984
451491
276747
272259
216006
409364
105697
211568
359952
442550
356637
100458
245818
386929
383879
339290
300764
202630
436469
182283
448611
389624
377139
146254
124969
116114
253161
146475
391677
111766
305896
318140
448290
401451
193406
440726
206228
235019
443696
387479
133919
406542
408455
455730
418245
363314
214766
279671
125861
166791
448932
333158
385250
105570
364446
197079
304665
237312
184642
425499
395786
335132
391374
218283
350471
106082
124839
368055
448881
204525
110271
442823
338140
214300
213654
427631
117024
274363
307421
400675
122560
436729
166838
152485
126376
400953
341678
149698
191967
445744
348539
287525
283768
225424
441130
428895
232645
343281
414159
294440
186344
228190
181536
441939
342275
356979
237978
146389
239548
413079
309489
265682
175254
135698
173500
349489
299414
123762
101561
291260
161803
274055
219453
238318
347608
131343
415236
170901
176243
212529
336287
425011
142696
240551
337067
320037
378999
379787
260378
148677
440066
126820
119667
372054
408771
188414
432550
138321
345944
254730
403998
202402
180838
412242
352923
154870
370621
163879
431577
152937
297381
339983
438871
273315
281983
276288
318226
178076
211886
452134
350093
166234
297899
306897
101579
446249
259503
340355
335505
243495
298626
211533
384146
389853
354330
144844
348472
409769
188147
390205
106741
100794
144051
141243
287484
143091
279014
310545
188606
294611
336628
103262
237261
173447
352358
175314
204044
302742
173307
311585
397056
395598
364580
236604
187107
450325
231531
292496
133398
108857
436215
331774
105018
360529
326612
344077
127647
288244
335189
245169
129691
294666
256886
330369
375860
345993
355823
194088
441372
447537
214551
105729
230595
157592
316035
233315
142646
116867
271405
386532
242206
185701
387575
300824
259080
129232
353085
173863
143026
296999
449990
426465
143913
325089
402599
179712
123774
313531
261708
187479
193608
144431
190140
234738
184802
263108
338124
367561
452416
151602
359051
298681
313599
198495
193004
188447
420819
105561
259622
188743
303336
301945
230577
263393
352977
172424
120819
140128
432295
301748
420367
423927
277650
256495
340863
287682
203386
178513
447208
111770
302253
211166
194597
383744
374769
297047
117945
177541
169053
390853
383591
307630
269304
455616
374825
164496
160670
435219
139695
336984
228220
405527
411008
447441
331741
417055
213017
438190
166092
367612
348972
217112
210209
358464
160990
305444
178426
170365
115199
269942
191487
231381
412452
382200
422604
160708
126119
347000
387263
157316
372160
389320
167072
448528
163646
253638
375247
136705
314209
315620
124017
357574
378628
349548
296072
281427
137525
164489
446484
360093
239648
273412
306903
276418
153489
324703
390379
151551
425577
230140
358572
435760
288105
203010
184559
455197
177655
411066
277644
158643
243273
129328
211251
359878
265129
324873
159008
181896
422894
101418
225885
452978
116727
193367
283419
359482
193605
240801
325345
205410
418368
451304
166358
304033
424338
446500
313979
415008
310374
196873
377118
291756
393213
231514
164993
162042
169953
374122
170911
215319
163002
360184
284131
193893
388708
378670
103492
401783
343098
353086
235112
223293
265021
372671
132227
177176
145669
438610
125352
368873
233727
241461
374961
221351
247447
443757
146780
300146
256466
256812
269565
283533
346299
128696
132581
287596
171691
329628
331706
364295
177139
315247
411671
211115
148720
245320
229150
310051
124103
443753
456179
255443
238964
246977
342245
152344
298582
198663
335274
393176
175810
152276
110668
188741
186247
196232
371716
106634
189980
145343
265562
226107
105640
253301
432512
346949
258815
259295
131112
455076
267678
385735
426346
395797
311615
444560
113768
111701
130637
152426
400026
300164
298080
440934
170705
271920
411775
305032
360114
345286
220067
338807
350719
169547
373914
134312
260401
263900
247349
416252
228024
171208
288409
379791
243011
297280
438961
351382
345558
207898
377357
186222
154817
301738
269964
439647
347632
113928
414369
171804
122728
389199
404674
172171
269373
367364
254986
253952
388871
255416
330408
158678
156320
212006
433665
311195
240843
359055
289810
147610
434247
437552
160775
202632
294496
299456
302019
238167
428693
204210
206419
110168
122091
260812
245146
311145
323444
199308
211059
164614
200642
102381
123909
143775
337111
390336
373657
437077
159344
355343
422416
139953
338698
147168
307600
236424
150412
155011
391979
301857
346006
340856
375453
356408
331890
387589
144252
292545
173311
196001
196552
433719
103994
162925
326173
136199
445060
214137
219997
304405
213609
193003
264673
292780
388323
287064
399944
104748
114801
143567
217742
211743
260041
285314
102398
356229
328038
336728
256118
339041
122397
442873
216417
146782
389392
257179
318977
283718
426782
311664
392942
172348
173765
159617
440335
165076
186571
235114
157661
135767
385241
174274
259744
413157
338342
269785
260795
146990
391340
147024
319079
129370
190430
139381
381605
289942
282213
262408
321351
376401
193346
183183
423204
160968
301351
438982
279511
180558
400626
103465
148426
118477
310923
259904
115665
313462
417092
230910
359477
444508
110811
205237
351015
256413
335515
380678
181582
180082
280500
364908
317295
322843
447857
418403
420726
164596
370619
118445
368408
144583
317445
237570
347423
381681
279234
157645
181062
232768
158567
118362
143765
246655
315907
235976
396504
411503
277670
210787
104362
449567
344943
119323
342344
306196
331782
158915
398818
332787
440250
258209
322326
121813
313203
327290
323767
366146
294911
239110
363894
217153
404431
379686
146706
251184
269546
246351
156210
438210
181601
225215
299585
130659
455666
336234
288999
211430
389768
191136
409474
406758
243083
368555
309510
160850
452605
279518
261469
279296
393458
384070
195485
254117
315795
213484
207297
165335
437032
226160
221051
204899
128271
304008
396805
320206
230073
437497
311590
292389
260573
123099
262618
172658
303714
277110
386973
161814
324930
163603
403632
445370
424294
441344
159276
173852
343549
179916
179917
115493
218340
314541
455651
168116
248657
455529
422136
376528
283145
289930
318545
180630
127494
291996
395147
288064
373282
415020
261122
117971
435768
207673
440404
172232
395847
371554
361514
330608
428164
307282
430797
353170
391146
395788
259821
403678
326854
428970
323298
194257
255842
411886
138950
249552
317615
280795
347030
258494
226974
416959
212040
207146
294268
279325
172930
135538
221249
352654
213063
141191
145306
353889
278214
136236
255982
401511
443087
429665
103710
241394
410750
426159
153250
121007
398212
383488
339209
151884
431008
359678
408310
429371
134069
435389
362447
159499
431220
302484
348074
340773
163098
340648
221038
188459
126171
190759
279486
389558
309681
328793
137962
149703
330961
351676
273497
275063
396623
275880
225187
251790
335993
173518
131919
399886
334227
326038
244213
428479
200246
362629
345337
166895
259578
347551
428667
219795
430232
383257
401918
423460
134902
190270
354463
369941
121024
142123
342201
375495
368710
375014
371024
336251
134728
219802
424392
378943
369769
342394
106791
439700
323572
302478
199149
274461
192131
421144
386179
432967
257658
303655
305732
194233
220589
392854
229393
385083
264312
224815
268922
199669
153954
306214
337392
141902
425292
408570
452042
404882
450485
125155
377725
445792
386220
349585
139498
174079
390845
196324
270104
179821
220556
303522
431336
437210
261148
138206
262568
342183
227795
235513
130819
294275
305817
222157
440484
245799
108733
440583
370649
118200
255819
430249
308109
166669
136226
363781
362078
301472
412996
303313
229801
271169
333277
262643
262706
323815
237112
155146
410403
377455
191854
405714
322721
409788
219842
213273
356335
405048
285339
345054
123211
104008
117573
142404
263838
104335
177870
161717
276539
129976
226696
301239
275490
313813
322850
130208
144977
251657
221692
270780
420666
391753
249454
383259
351283
299444
195612
390885
399272
299131
203125
221944
380090
403205
445987
128280
261793
336111
337791
104484
193379
277328
356305
204796
410260
285088
182758
225154
330646
171983
111690
192841
333427
125307
437344
316946
455782
374426
138077
361204
347741
372525
184741
152149
333965
181614
245053
425717
419774
367111
221545
304300
426028
405432
362247
345531
301292
221095
373755
341921
367802
455163
256167
184501
289567
308481
309043
381889
209804
410574
400492
396650
133416
426416
424170
285569
143093
454985
103816
258888
283544
208469
327673
217597
189245
375306
354509
303732
386517
149201
154723
138342
320105
257537
348988
424882
121257
240563
212421
321067
393470
325871
104474
103867
361012
199547
151766
196453
394237
363112
231210
361920
403637
403474
140492
202570
175387
233442
321282
228611
344338
275213
155044
364019
355485
125741
190462
330319
446278
143318
109091
394877
197221
298124
372714
438969
188596
145234
225262
315172
128210
135708
249157
228167
411083
257086
294727
395498
389096
289570
423437
136616
199875
224502
396395
437082
240162
189281
427529
257512
450863
169539
174487
300760
349401
453543
423487
347247
268313
411834
305400
117238
140714
225831
416097
435033
357239
125567
266232
411183
151636
286953
412040
399405
175222
255599
230054
355624
209052
396690
302149
357246
368452
281113
219681
150234
133550
110063
174387
111654
419005
363681
102925
323222
351859
323270
317865
159457
323865
327851
349633
403484
262018
242261
306586
350151
268647
278646
411005
425900
302622
322853
254293
292258
113767
254102
273720
262324
134120
292635
404940
390572
363540
251068
347941
366628
191578
385960
185596
243735
401161
288060
268776
359146
315008
438577
346441
295214
436060
172275
317278
329945
179806
217031
219643
305083
194394
164396
435891
278789
161092
199254
272778
215854
351950
326327
347502
222007
355080
422292
292182
220441
381831
271084
395610
330463
285581
289260
245665
273075
320576
300997
436384
138282
450007
183214
397846
105543
111779
263624
194405
246875
177625
304616
200422
418624
418719
359739
133985
425627
360824
173636
274029
278144
143771
168166
130171
112756
276901
362411
450158
140479
428856
153164
449522
362343
453223
449754
124293
427349
218149
414176
204481
321926
264645
147593
440268
272155
153448
384665
322861
341453
419002
249791
245644
420899
334702
243834
451322
306672
124305
239235
201594
175807
256817
321349
369149
248270
169054
375831
177392
118530
228755
113927
428178
340923
253564
343429
371970
368327
305161
306613
257709
300696
138445
237622
115731
367090
390882
120533
109976
339348
336221
349351
281101
380200
239657
144724
326293
420533
180275
303831
163883
252385
165664
228746
252451
287172
375512
110676
268309
251637
211699
199422
136247
140903
454815
314940
108150
265227
442394
370281
402195
283818
400723
159477
181090
206907
417882
161186
405499
237668
109697
311077
111934
414334
115892
398398
115753
299377
291413
336719
209666
244222
376136
159616
102656
143392
369204
127743
295776
198013
232939
145445
234645
222252
204806
412797
307791
437710
176806
252467
449587
100336
258456
369692
293945
203569
403123
278321
281472
439108
328519
143139
248188
326005
430925
351213
401033
356954
389297
346561
232740
378954
333400
127036
339392
217734
189785
444899
170746
449333
171305
417276
318196
378416
366063
265892
387861
377121
274732
234884
167900
437476
316236
188196
223520
172597
440092
388950
293766
434239
422234
411232
192147
326920
415173
233436
441112
330462
445967
430547
273471
324922
400322
281652
375694
281964
455729
136872
233614
226695
201114
348987
271171
221087
198531
193757
374621
195265
145553
141521
223491
390473
126941
154153
294145
180668
310389
448437
147005
111008
182931
221268
446289
175924
400129
104650
199111
165237
396878
318879
256274
170644
355176
342457
271283
264868
386428
295651
151445
344659
228989
382515
429320
438165
175715
364886
167062
333337
119182
205326
419809
281826
237679
330008
218234
153730
117433
305714
178148
410486
333024
118433
393183
314948
265812
170791
262998
324907
428657
125430
216787
314300
143247
216596
258262
319019
273884
352210
360188
154705
133311
129065
122233
206488
102786
131255
347351
417684
118756
406485
455822
453447
395465
330432
203224
291553
263388
202139
401483
196881
265456
195824
404784
230211
367522
179049
408536
306553
135168
118268
453472
111558
286068
449762
386291
351714
424443
253659
255825
125786
197939
326077
125966
176489
154697
415223
435532
415806
274247
223574
252039
242420
335693
119827
287838
261186
383283
431753
371223
116382
156179
368657
436492
132585
103300
426475
292351
355901
402229
455665
268912
266945
183048
315113
141108
221491
388583
288877
328988
454048
199205
415099
334083
231318
197439
374740
252914
290736
405657
157114
130360
136351
305795
418891
402097
151858
386345
110978
301188
362938
234508
339398
193864
298225
172320
225106
254853
446896
171693
206063
219372
378608
352652
418455
157481
375152
111889
361032
180721
217731
130298
450445
340128
283507
310869
339340
126680
339470
254983
220148
203030
339785
325404
181426
449697
246908
373183
141662
142221
452603
445676
417704
389575
356603
118841
303107
144936
212530
344058
385593
277180
123430
358019
417773
185206
262498
358533
337850
276555
259785
136797
302052
340789
359407
447365
147861
405244
101986
440919
298602
274958
249680
254581
240607
403016
277090
431943
389661
443864
185599
377728
173142
195723
172455
215066
369529
272704
144077
261332
387230
335789
253852
278387
205385
443042
116280
292637
455026
426351
193711
398634
186606
444850
241247
373261
315736
426673
285515
171312
296565
342132
180707
381290
107957
455260
436841
103107
280564
345498
254484
195268
224807
198589
203487
105365
141151
425578
136791
221369
239542
368343
350952
204577
185931
376768
309404
292772
428699
102257
381661
205912
367541
256000
435884
372899
247331
127648
371092
251136
292606
422963
254547
369165
210589
239381
156848
372212
447333
449521
435010
162603
134665
103445
131633
346814
367460
225760
410329
351175
263628
352050
365394
383613
345762
242441
165079
114437
383831
144009
377305
168344
269703
245113
232287
408544
348800
247786
256819
353307
290891
103493
271975
409313
383134
299656
436986
304186
109791
265375
253406
303572
347515
162581
229170
416221
348288
248858
329790
202332
219869
193632
175173
367867
445659
218609
347396
151025
201460
325519
384901
386066
445386
259039
183022
253864
186814
412202
234872
120056
159396
151662
128025
209400
243179
349578
327533
214339
411156
240639
128738
198326
323037
285324
267309
308829
127073
228368
187084
210975
450449
248715
310407
144789
419187
354413
437885
241295
452843
309509
112132
108478
166360
365483
350163
257743
408171
266653
253181
269066
201895
252765
292786
244885
326250
128948
276452
420501
379734
306411
453752
453812
370955
424347
174684
283325
156535
208387
298466
101488
299263
105770
112425
234441
443027
122842
243410
428128
274412
157310
411884
406240
331918
383033
382833
144501
402816
448505
126216
152103
167803
220473
419620
325159
398537
420334
189732
347742
296502
333068
160009
193658
193448
284446
399420
327242
161269
317947
330050
181526
395839
397966
162138
154427
155301
237991
300337
241003
176233
309721
167170
126663
319103
389020
278803
174041
141126
249203
198737
442708
174251
413654
378765
305228
270242
439507
407241
204217
276828
410050
146916
286787
252161
217206
218084
182254
345950
203612
382231
278570
286227
405292
431717
419969
360247
296838
329748
339175
189577
315957
194169
426791
226992
108153
198257
165187
115102
301828
165698
258992
258017
352808
206056
224460
391075
397218
434372
408943
192351
135062
391868
200658
181993
113743
280727
190450
277472
383610
236084
442983
334701
154491
257424
155596
313279
237337
421625
291099
246759
364769
279768
402233
339081
378546
446366
246211
238672
315055
383028
184883
230583
318714
136204
330209
110084
352965
428663
148792
322477
202088
264455
324239
128682
278566
289933
411640
106579
242117
242255
265440
142869
293861
164467
349475
137615
162301
417593
109256
289511
296277
230902
394327
166953
277163
267651
358288
319981
322014
118731
286546
346780
361327
324574
243095
296323
247512
318905
137306
376243
171806
342739
236499
423376
239187
183361
196176
431052
304502
122290
105688
100207
435981
275628
158441
340727
142997
190870
222897
295254
210115
375309
184164
283436
210214
134931
365535
309811
353446
246806
334546
357448
185577
156850
331721
150169
429656
130743
218102
138855
279848
264612
156401
356495
159149
276276
174636
206301
146308
379303
276064
372141
157309
310284
354514
166823
104971
191517
109506
204184
217097
258781
335535
375905
361315
131541
306379
122516
353925
275132
453915
385629
310731
305112
367643
391514
341318
398273
273108
423092
254292
279421
297832
403812
207298
418876
220017
382005
382750
154657
405172
383790
390628
321105
228510
226598
303073
256913
210436
170891
175622
416608
241504
137830
196424
416039
401570
119706
369705
325606
330051
347971
283408
143635
164224
362280
408837
355346
279081
392330
305709
380329
449882
222894
365058
100651
164751
169223
339733
338120
427238
333635
338438
385966
148969
318144
201920
326178
234328
226451
169246
388134
204818
131296
219475
409406
319238
222791
361103
204545
250082
230955
192083
156834
448019
435898
435104
159464
214703
441838
319764
226135
353443
340260
206922
369158
166664
231972
247789
206664
306108
183766
444992
116834
147336
429406
268908
349116
233653
454215
306822
113830
233586
281223
116090
262694
414555
105889
377084
409880
171051
169998
438724
398068
396299
163886
246787
121457
247978
208919
218051
389652
374667
421458
257004
327891
208183
365468
174217
432755
288800
419760
382462
362283
341498
154098
394978
169731
451993
380253
255985
313967
256307
102108
270311
226373
340497
162167
270599
123408
362258
381233
258534
298315
112493
291739
290493
386099
337715
226346
120505
348516
336556
288021
218041
202675
400724
135222
315121
263049
443559
353020
173656
185329
138451
284438
148931
208174
312860
339191
434754
309098
441558
202916
375137
166218
448205
290909
265362
302008
168029
389600
192284
450018
218224
168084
182352
127550
184124
164073
370635
158231
140732
438517
222858
398960
353219
100301
350451
431897
294497
264076
438180
114575
189190
304491
147881
356989
128027
349286
101421
277513
229489
355113
374542
394923
272316
125322
173300
170695
121828
251489
190080
342106
432478
334334
381597
218661
262516
273709
108275
343501
215926
430276
220028
223118
331986
389354
155640
228465
298068
288541
430831
216882
393477
103720
321043
290665
258529
243595
223426
155555
424763
140969
300089
218451
373291
275780
389524
362828
408030
175953
320361
368906
262323
393687
310665
379583
164186
127190
178519
330011
350024
391152
193159
346139
252789
281886
407389
378012
169160
345254
238882
321481
120967
371959
260729
425883
258149
187590
178864
140054
422239
195388
196547
154925
279861
344078
269678
265326
143884
294461
251647
354691
222492
333770
376954
276874
277980
261725
259538
380415
394816
415034
361192
252443
315239
277889
149256
430877
137575
431727
345901
285362
448171
231844
446511
290867
206467
354878
207531
322635
213236
301515
400025
225314
186332
161433
386096
427227
166310
415635
356357
113581
179913
416095
440768
159123
326185
384134
185366
405328
370264
201085
110373
411920
178025
391906
169127
343565
439813
134386
256311
333879
116409
409338
439553
201823
445004
202601
219814
368247
112614
213634
326341
388156
206858
341295
301107
281140
432548
455110
171101
333437
213581
353438
237710
359008
251372
123753
359117
449146
138423
443942
226375
324865
371205
204738
166587
412403
256792
333983
428403
285576
344995
171064
394752
360606
380264
178180
349082
162387
444590
445570
272172
452502
301788
208462
386236
325015
130240
196802
106948
430293
199043
347636
174974
251500
140962
221068
396644
316394
145739
350950
307108
239907
403502
251484
309709
251295
268903
298559
297950
399209
433889
246366
122994
326760
135577
142501
175137
152812
183612
191552
248612
246991
320048
281193
131359
217682
360847
125908
311850
129761
286605
442346
164919
337877
432103
234114
201522
380350
405413
398045
369988
444060
131478
263380
371919
441309
324934
330909
258635
276808
250551
452427
252629
267988
419335
176399
138845
200328
429992
159247
247917
321606
172118
293489
139576
246157
334366
242507
118703
183239
227396
153190
207567
212101
268669
340477
362596
327363
262502
442324
146874
442636
283577
451780
412895
434743
369725
115701
147676
445150
211136
108666
382320
265190
263311
366304
161865
206408
412233
431438
294875
121926
231383
422832
151125
298445
426505
288072
346909
269814
323924
333343
338711
282343
234246
391924
353657
154059
124504
236204
160958
438939
278568
400725
311477
334999
140667
250953
218849
171045
413451
451750
361427
359932
331969
352628
438148
338230
284628
446127
119907
137077
180208
211137
207920
263346
254091
215398
276788
183511
438274
190543
372686
103172
303098
194699
200861
233748
377808
251618
331471
178017
434682
234600
208896
382423
137912
130075
120042
445002
357364
144895
245510
384530
374987
149686
136363
207156
204548
303897
144380
166544
403503
294459
142274
170379
303487
285230
268892
432385
434726
122952
281678
363746
100276
155641
164448
284209
175970
363077
102510
318914
302834
185203
160014
193242
347012
158783
413884
415285
394874
212681
438246
238634
318974
390079
348162
444930
121739
262866
216937
282632
216318
321619
369062
352284
310194
444531
104498
410844
281372
430587
202382
446562
139177
168353
441733
336432
291338
343140
164727
288616
110187
273655
376612
129815
255561
170627
306819
404573
277773
396069
449471
208506
228459
299118
394150
317063
136516
400581
379244
238116
362237
427188
275307
359536
345578
253912
371810
442133
428884
165161
450996
172676
242034
309552
418976
365963
326678
211750
233033
222114
250341
173837
365791
340544
307026
249103
299708
132311
144808
336302
300884
167321
315362
351486
380767
118117
294068
211180
382606
258289
308769
135418
171634
396503
420655
368827
156103
203700
289705
265502
202110
347004
262359
257807
268783
266220
212396
175726
286768
384926
354697
377612
398069
302289
341153
137628
453849
344168
203145
104459
145321
182574
329861
386175
340014
215010
262755
131078
197771
219801
354338
347891
250840
281601
360673
302706
124996
369058
365428
398209
222273
215323
170653
274898
247745
265683
278137
146341
263090
198123
147819
188340
419477
404757
427549
279368
105460
123463
377454
208587
446115
220005
389736
451540
203533
283051
114232
454375
186795
413502
394182
205483
238809
222115
174791
110429
118694
223755
191119
115097
118176
120804
350718
179970
191055
326761
351901
247339
453131
257377
152465
385766
440822
425571
322920
443932
379699
371019
209035
136198
226729
432757
214778
240022
296567
150436
311408
341935
312681
162622
381828
222829
148653
233553
210248
436609
145570
209030
243535
155811
112811
343375
411285
232587
155437
426401
320906
118135
206782
204122
331502
211613
320599
138833
451911
364318
420834
443335
397379
342018
231621
312679
245283
117228
328836
329359
171210
291153
156797
280858
360251
333662
409594
214606
319488
132137
407989
114902
428691
416867
419636
410734
445362
282023
156257
280855
248058
205239
100075
300737
195606
355079
356832
322980
338814
363923
294369
361768
178407
116308
359709
237844
143661
332818
183012
220095
218226
357195
300076
124399
439649
358739
103451
258512
293550
261282
152709
351717
304960
413505
164130
260670
125371
243546
371543
173568
360133
120302
388895
385729
233835
187634
177389
351739
145753
273905
239214
240527
331007
415256
223395
390802
409342
389213
374784
307884
328654
299816
293007
299741
319979
271639
252611
274775
381177
354396
328318
250187
258132
298971
178056
182480
301708
251049
132253
299667
211495
162966
325283
438395
210341
170524
330441
138544
218828
336368
302304
446400
318339
229463
375968
158508
179250
450611
185029
135552
201759
104427
408402
150581
197842
318540
270447
198584
396861
445303
160654
141461
172386
441011
272087
430286
196664
303224
333646
349809
132826
138694
438560
303838
139255
347719
217377
158516
360749
118199
148819
365399
432126
325950
231578
274321
107101
397021
441656
176070
289787
413336
416731
416471
173373
378629
391602
337844
143970
310936
309387
417584
124661
122660
338474
234401
363997
211712
182306
328869
371268
267427
394968
111920
375113
152203
152611
439370
453319
428316
108686
251486
104053
118105
196313
407786
207123
175654
364126
294050
419401
150253
223505
424895
356656
417599
419298
348098
282671
438591
320755
446063
281723
275074
232446
191874
366967
391746
319590
360632
254200
112926
171146
301711
203319
297302
326740
145566
221109
142943
311234
167758
186101
362920
223689
181860
407208
201245
387288
344310
226652
200965
436121
396309
241834
317202
339612
356054
265205
401254
319324
278760
325676
425554
148405
383745
274077
307367
153858
442047
172816
385786
119862
190089
147841
272935
252801
188931
255007
363126
377546
319300
262146
372340
236337
283899
299486
189581
420828
384803
104326
277907
174118
156694
349786
390667
224207
316981
176416
319793
436296
176357
418024
451509
456171
328534
294555
187981
214060
309900
213466
366040
122691
158328
317919
206875
393666
196982
166099
292628
378743
146844
301700
280194
364546
390525
320390
161910
327241
275221
146926
245547
329496
161475
188706
274761
236649
127013
384998
253572
248410
375761
132784
366560
260718
411061
171630
318606
291204
156612
367077
454569
210351
268865
195076
442834
302483
205835
129171
113646
432645
333658
302459
120427
275235
117377
437313
353399
112219
409872
169785
268484
148308
275038
380665
117315
322182
371949
155813
360490
161596
175909
230850
399725
153143
164655
115383
365286
384087
350726
200608
313480
309179
194496
159573
136721
171016
455734
447874
384126
246556
334841
403985
174238
214974
269400
238273
426749
417729
245797
216426
100487
234916
113531
390844
159654
202855
410752
172458
306867
330974
313471
428504
143629
103582
235387
347047
186291
385888
427741
146558
342805
304727
286695
279723
397227
415535
322532
437668
252089
300689
377903
333894
167254
421116
424897
245664
276890
439594
305382
357065
262950
404648
175708
320786
152995
182407
363800
333514
196088
205906
401564
242746
130410
396870
159259
180301
321778
321500
186836
346957
104742
254124
303418
249710
272007
322271
162107
272312
170175
154782
261209
350912
157534
307597
200055
108819
179805
429899
247137
368947
135246
155502
240237
419581
416215
400124
374564
181625
225918
325195
263552
402138
452346
153112
200773
251897
221655
421492
328419
434761
293587
140140
325409
452666
244551
105433
375895
328533
252476
239375
274639
221069
134356
220691
287787
420072
223690
405967
439257
292814
113821
167691
112998
189546
424592
283922
439502
104052
356528
333355
127202
455091
196910
239456
348483
184629
170247
129520
438276
397921
200452
209512
308560
181681
394856
173217
214732
311162
133135
447099
213690
144766
172167
373995
162545
422730
425204
359836
440733
329012
387827
454392
