401888
145537
382039
307524
271627
412696
202269
298798
357381
301256
412320
158383
121001
175915
306566
351471
158889
399728
417907
319231
365528
279204
330420
456201
179372
238890
185261
291163
332139
199294
239908
335227
336897
188224
373722
236560
143866
238106
344440
372695
397385
143274
385262
367490
281631
251616
175944
161627
385645
440622
415855
430966
217089
308047
392025
327719
105480
242880
295560
112191
174292
250656
248338
268745
108717
277998
349638
418639
204364
148043
365459
416971
229957
359450
393230
179965
155356
203742
212030
450277
106501
259346
220660
297254
292369
366617
194824
139983
155837
229925
392037
286376
141006
231665
337925
203279
330240
404244
200800
332872
299044
365419
363814
123965
382487
182208
267897
343100
377381
106381
160655
285727
418670
259358
281699
145212
387208
324785
244884
227338
269598
181170
198005
202121
308376
163170
285410
143461
250031
318090
116050
140041
402133
367202
454877
224219
297698
135228
380458
435784
269302
100015
431265
207177
376102
373316
380380
167206
289806
208124
190972
270071
444854
389658
344736
446069
210934
135931
313061
276390
370611
411340
265508
327679
215208
228396
162193
195038
130300
310451
377059
191202
145231
334503
234191
280592
157779
222984
276747
412534
357685
216006
409364
436845
118857
397288
105697
211568
442550
356637
100458
273339
386929
383879
228823
202630
446325
436469
182283
266743
448611
266168
389624
145168
377139
124969
325893
253161
359303
146475
177491
305896
317141
311124
280977
252449
438773
318140
448290
401451
263559
440726
235019
202856
387479
204935
133919
406542
408455
455730
363314
214766
286090
125861
166791
448932
333158
385250
393171
105570
364446
304665
237312
184642
395786
335132
218283
350471
106082
124839
361648
368055
448881
434079
180829
303577
338140
214300
213654
246322
427631
117024
274363
251069
262037
400675
122560
327234
150546
436729
370790
217646
126376
341678
255827
187995
445753
191967
445744
287525
283768
410883
225424
319679
441130
428895
232645
343281
414159
294440
186344
181536
441939
356979
237978
146389
339921
413079
309489
265682
198740
135698
173500
349489
299414
123762
101561
291260
161803
274055
415236
162867
170901
176243
212529
426060
336287
386435
142696
337067
320037
378999
379787
148677
440066
126820
227497
188414
432550
138321
254730
403998
260900
202402
360589
412242
352923
264915
431577
152937
297381
339983
160000
273315
281983
276288
318226
150570
178076
211886
452134
350093
166234
297899
306897
101579
446249
259503
340355
448036
425859
335505
235364
243495
298626
211533
384146
217774
354330
144844
348472
409769
188147
390205
106741
197097
144051
427546
141243
287484
143091
279014
449965
188606
294611
386452
336628
103262
237261
173447
204044
302742
186777
173307
311585
397056
364580
236604
187107
450325
292496
395198
133398
281971
350304
333399
108857
436215
331774
105018
326612
111414
127647
335189
294666
256886
330369
375860
345993
355823
305546
194088
441372
447537
105729
409448
157592
233315
271405
386532
242206
387575
106164
300824
353515
259080
446835
129232
353085
173863
143026
296999
449990
325089
402599
313531
231445
261708
134378
193608
144431
184802
263108
367561
452416
164310
200953
272134
359051
325071
289483
391512
298681
313599
198495
193004
259622
405453
303336
230577
210665
263393
115089
172424
120819
140128
432295
419389
423927
277650
287682
401996
447208
111770
302253
211166
388328
194597
383744
374769
342653
297047
117945
177541
169053
307630
269304
455616
374825
164496
446056
160670
435219
177596
139695
228220
200402
411008
447441
331741
213017
438190
417656
367612
348972
210209
358464
160990
305444
178426
170365
115199
269942
191487
231381
412452
382200
422604
160708
390220
126119
135853
387263
157316
372160
389320
451660
167072
427564
143539
375247
136705
314209
315620
124017
357574
378628
349548
281427
188608
204922
164489
446484
360093
273412
306903
276418
153489
324703
390379
151551
425577
230140
288105
184559
187578
116773
177655
411066
277644
158643
243273
217689
129328
286513
265129
159008
206225
270569
422894
101418
225885
452978
129656
243150
193367
283419
452066
359482
308673
193605
450438
240801
325345
205410
418368
266105
304033
196873
377118
101447
189381
291756
249096
380307
393213
231514
164993
369530
397233
169953
323840
170911
215319
360184
284131
193893
103492
401783
343098
353086
235112
265021
207450
372671
422027
305454
177176
390692
145669
368873
233727
241461
374961
221351
288211
247447
443757
146780
256466
256812
283533
128696
132581
287596
171691
329628
331706
177139
271791
327715
411671
365112
152105
148720
245320
229150
338643
147520
124103
443753
430138
456179
238964
246977
342245
152344
298582
198663
397470
335274
236200
393176
228773
175810
152276
110668
186247
196232
371716
106634
145343
277186
167650
105640
253301
432512
346949
369354
258815
217501
259295
455076
267678
385735
426346
115091
111701
130637
385268
152426
400026
303841
300164
440934
170705
421154
305032
345286
220067
350719
169547
373914
134312
260401
438972
263900
182216
247349
427477
228024
171208
183409
379791
243011
297280
438961
334205
383876
107009
345558
207898
301738
230352
439647
113928
414369
216386
122728
404674
172171
305044
269373
367364
253952
330408
413816
212006
433665
311195
240843
359055
289810
147610
434247
437552
160775
202632
294496
302019
304995
238167
428693
412340
449252
204210
206419
339025
110168
223381
122091
260812
311145
364027
390104
199308
121402
211059
164614
200642
102381
123909
143775
337111
390336
373657
437077
159344
355343
422416
139953
147168
236424
150412
155011
375780
391979
118818
301857
346006
340856
375453
356408
331890
286799
387589
292545
173311
196001
372917
329044
196552
284559
433719
435826
103994
433401
162925
326173
188019
123769
445060
148779
102793
304405
213609
193003
264673
446263
292780
388323
287064
313452
399944
104748
114801
217742
211743
260041
113524
356229
328038
256118
442873
216417
146782
389392
257179
318977
283718
426782
311664
107769
297088
172348
173765
326764
159617
440335
394641
165076
186571
235114
135767
385241
174274
259744
413157
338342
269785
260795
391340
319079
429754
129370
427494
190430
139381
381605
289942
282213
285357
262408
228281
377810
321351
376401
183183
423204
160968
266080
301351
221370
438982
279511
168499
180558
400626
173810
241662
185507
310923
259904
115665
313462
417092
191429
230910
396166
138269
110811
351015
256413
335515
397252
399452
181582
180082
162899
364908
317295
322843
447857
418403
263216
420726
164596
307002
370619
118445
286245
144583
238245
317445
237570
347423
381681
279234
157645
181062
232768
158567
118362
143765
246655
315907
235976
396504
106884
411503
268754
210787
252979
104362
449567
119323
342344
306196
158915
317990
398818
332787
258209
313203
366146
294911
316634
371146
239110
217153
379686
246351
156210
181601
225215
299585
130659
455666
138265
336234
288999
191136
409474
399213
243083
309510
160850
452605
279518
261469
279296
393458
384070
195485
414342
254117
315795
213484
207297
437032
226160
221051
296382
373950
404865
218079
304008
396805
320206
230073
379288
437497
156530
292389
260573
421695
262618
172585
172658
303714
277110
386973
392676
161814
314686
342837
445370
424294
441344
159276
173852
343549
112963
402520
115493
218340
168116
455529
376528
283145
289930
318545
180630
127494
184898
288064
139496
270494
452506
117971
308968
435768
207673
440404
172232
300220
395847
310146
371554
241034
361514
428164
204024
225679
435680
307282
154459
353170
167424
391146
395788
259821
403678
187931
326854
428970
122916
323298
204408
411886
138950
249552
347030
354879
258494
226974
416959
279325
129847
221249
352654
213063
141191
336982
145306
278214
136236
255982
401511
443087
429665
191311
177246
426159
266107
434111
121007
339209
431008
359678
408310
429371
134069
435389
362447
431220
302484
348074
340773
340648
221038
188459
126171
190759
389558
309681
328793
137962
149703
330961
442726
351676
273497
275063
275880
225187
335993
173518
131919
399886
334227
326038
114743
428479
419008
200246
362629
246494
123820
166895
347551
219795
430232
401918
423460
134902
190270
354463
369941
292547
142123
375495
368710
375014
371024
336251
250379
241278
424392
378943
363315
369769
342394
439700
323572
199149
274461
192131
421144
257658
303655
305732
220589
392854
229393
385083
264312
224815
268922
199669
306214
337392
408570
452042
450485
125155
382551
286669
445792
386220
349585
174079
390845
196324
220556
431336
437210
261148
103563
138206
262568
342183
227795
235513
130819
294275
305817
440484
108733
440583
118200
388649
255819
430249
166669
136226
363781
362078
301472
412996
303313
229801
271169
262706
237112
155146
410403
190035
377455
191854
397136
405714
322721
363803
219842
411630
213273
405048
285339
345054
123211
369817
104008
117573
356871
142404
263838
104335
177870
396781
276539
129976
365379
301239
275490
164406
313813
130208
144977
251657
270780
420666
391753
249454
135171
351283
199186
299444
206234
195612
390885
399272
119289
203125
302266
221944
380090
403205
254254
261793
336111
193379
277328
356305
227042
204796
422936
285088
182758
111690
192841
449047
372613
333427
292368
437344
237707
132941
316946
455782
374426
301223
138077
224506
347741
372525
330280
184741
152149
410330
181614
245053
425717
367111
189767
304300
426028
405432
362247
345531
418243
301292
221095
341921
367802
380943
256167
184501
289567
308481
372185
386892
223233
381889
209804
410574
345333
400492
276849
396650
426416
424170
285569
143093
454985
103816
258888
283544
327673
409627
375306
354509
303732
386517
149201
154723
351379
320105
257537
348988
227801
107439
424882
121257
240563
383689
393470
325871
104474
103867
361012
199547
196453
394237
363112
173914
231210
419777
292796
403637
403474
202570
175387
233442
321282
228611
347088
302973
408680
275213
346258
368867
190462
330319
403381
446278
143318
447171
109091
197221
316356
372714
438969
225262
315172
128210
182141
135708
249157
411083
351449
257086
341393
294727
146119
140444
395498
288234
395398
389096
423437
136616
199875
224502
396395
437082
240162
390429
381500
427529
404816
450863
169539
174487
339235
300760
349401
453543
423487
347247
430037
268313
411834
117238
416097
210721
357239
125567
411183
307873
151636
384406
218025
175222
361904
230054
355624
209052
396690
302149
357246
368452
281113
219681
135996
133550
110063
174387
111654
363681
436348
282832
440507
102925
323222
420491
408972
351859
317865
323865
327851
349633
435493
403484
242261
306586
377002
387838
449303
268647
278646
411005
425900
302622
322853
254293
395521
113767
254102
309906
240073
273720
262324
134120
292635
390572
190484
363540
251068
347941
306496
366628
331452
191578
185596
243735
401161
382854
288060
291292
226976
268776
315008
236098
438577
346441
117345
295214
436060
405558
172275
317278
329945
179806
217031
219643
223797
194394
187612
199254
272778
254967
215854
351950
347502
222007
226007
166593
355080
422292
292182
243660
220441
381831
185587
271084
395610
359937
278500
185860
285581
289260
182850
245665
320576
300997
436384
138282
450007
183214
448300
397846
105543
111779
194405
280111
445311
246875
177625
304616
310272
200422
418624
418719
359739
133985
425627
360824
274029
278144
143771
168166
130171
112756
276901
450158
140479
198787
428856
153164
277756
362343
379251
361004
453223
449754
124293
204481
321926
264645
339999
440268
153448
322861
341453
249791
245644
425044
420899
334702
243834
267984
451322
109843
102677
124305
439234
239235
201594
371490
175807
129745
256817
258879
321349
369149
311785
421468
375831
118530
113927
428178
340923
253564
343429
371970
306613
300696
237622
115731
367090
380995
390882
120533
375227
430855
336221
349351
380200
239657
144724
326293
420533
180275
303831
163883
252385
165664
228746
415812
375512
163760
110676
268309
199422
136247
314940
108150
430388
265227
442394
370281
402195
283818
227521
125027
400723
159477
181090
206907
417882
161186
405499
237668
109697
311077
385993
111934
414334
115892
317916
437609
184955
398398
291413
336719
209666
244222
376136
159616
102656
379697
369204
223335
295776
450688
202107
232939
145445
351409
234645
244077
222252
204806
278690
176806
252467
368352
449587
100336
258456
398267
305992
159610
203569
119013
403123
278321
281472
439108
328519
120111
248188
288651
326005
401033
156539
356954
389297
232740
378954
333400
127036
339392
267352
170746
171305
140923
417276
378416
366063
265892
387861
234884
375331
167900
437476
337794
188196
223520
172597
440092
388950
350987
293766
434239
405356
422234
411232
192147
411484
326920
233436
441112
330462
445967
430547
173143
324922
400322
281652
289899
375694
281964
136872
233614
179992
226695
201114
348987
271171
221087
198531
193757
145553
141521
223491
154153
310389
448437
129735
186593
111008
182931
221268
175924
251344
292928
270604
199111
396878
318879
256274
170644
355176
342457
271283
151445
451722
344659
228989
382515
302700
220153
363134
175715
188134
364886
119182
205326
419809
281826
237679
330008
218234
117433
178148
410486
333024
294357
393183
443475
421186
314948
170791
235097
324907
428657
125430
314300
143247
216596
319019
273884
352210
243063
360188
154705
133311
417486
129065
122233
206488
102786
419004
290510
131255
347351
269353
417684
118756
406485
318453
455822
330432
203224
291553
263388
202139
401483
196881
195824
241775
404784
230211
367522
408536
306553
135168
118268
453472
111558
220262
401715
449762
351714
289224
424443
112586
308445
255825
125786
176489
292744
415223
435532
423062
274247
223574
252039
242420
335693
119827
287838
261186
295275
383283
431753
116382
156179
255868
368657
107573
164204
312811
103300
343843
426475
292351
346355
362533
433368
195678
455665
266945
315113
135822
221491
288877
328988
454048
199205
334083
403759
231318
197439
252914
114034
290736
157114
130360
147864
220898
402097
151858
338464
191401
283998
308578
366727
372702
362938
234508
120788
339398
193864
328996
298225
123727
135695
311527
172320
175325
287171
254853
446896
171693
206063
219372
378608
352652
418455
157481
450562
375152
361032
180721
217731
450445
283507
310869
339340
339470
220148
339785
274210
325404
234255
269289
181426
246908
373183
363044
236088
141662
142221
318032
452603
445676
417704
389575
356603
118841
303107
224517
144936
117229
166133
342262
212530
344058
277180
358019
212271
417773
262498
358533
361218
454670
337850
276555
136797
340789
359407
405244
101986
440919
298602
274958
249680
353510
240607
342936
277090
431943
389661
443864
185599
163626
138279
377728
173142
195723
172455
215066
153827
147962
369529
144077
261332
387230
205385
443042
116280
292637
455026
426351
193711
398634
186606
241247
257041
373261
302889
315736
426673
285515
171312
296565
211984
342132
180707
451681
107957
455260
342123
436841
103107
280564
348861
345498
254484
195268
137621
224807
157348
285444
198589
273738
203487
105365
141151
236257
425578
136791
221369
326631
239542
350952
204577
185931
376768
309404
292772
428699
382902
360540
381661
118563
205912
367541
435884
372899
413321
292606
422963
305030
369165
334214
210589
239381
156848
372212
447333
435010
162603
134665
103445
131633
346814
198969
367460
410329
351175
263628
352050
365394
383613
124011
365988
133411
345762
242441
165079
114437
110481
383831
144009
377305
294137
138538
452175
269703
245113
408544
348800
256110
353307
157495
290891
321728
103493
271975
409313
254041
160527
383134
436986
304186
109791
265375
273448
303572
162581
310840
229170
416221
111640
348288
186152
450549
329790
281438
202332
175173
445659
104270
218609
347396
232781
151025
303326
201460
325519
384901
386066
259039
122959
214962
172621
156359
186814
412202
337216
164637
120056
242418
312147
436483
377439
421061
243179
327533
214339
184464
240639
128738
305556
198326
170079
245714
267309
246644
127073
153418
228368
187084
210975
450449
248715
144789
419187
354413
241295
452843
108478
166360
365483
408171
266653
253181
269066
201895
252765
292786
244885
128948
241873
420501
413517
379734
306411
384453
453812
370955
424347
174684
283325
156535
208387
298466
101488
299263
105770
234441
443027
265832
338567
122842
243410
428128
157310
411884
406240
224560
383033
196527
382833
144501
354939
402816
126216
263614
213373
159079
152103
167803
210244
325159
398537
420334
133826
189732
132239
427246
254816
296502
333068
160009
193658
193448
284446
414737
317947
181526
306476
162138
155301
237991
241003
176233
167170
126663
148057
178061
319103
174041
141126
249203
442708
413654
378765
305228
246129
439507
313928
407241
204217
276828
410050
286787
272394
252161
217206
182254
345950
203612
159235
278570
237128
405292
455715
431717
419969
360247
296838
339175
249472
426791
198257
165187
258803
115102
301828
304188
284192
165698
258017
352808
206056
182584
224460
391075
397218
434372
408943
192351
135062
279057
391868
200658
181993
113743
230069
366139
346376
277472
177219
383610
170997
236084
413918
442983
334701
154491
257424
155596
313279
237337
421625
291099
246759
364769
138672
279768
339081
378546
446366
246211
238672
302837
315055
382049
383028
184883
230583
318714
136204
110084
428663
148792
202088
264455
324239
128682
278566
289933
227356
106579
242255
265440
142869
164467
349475
137615
417593
289511
178036
414569
296277
230902
166953
267651
358288
319981
322014
409884
118731
286546
346780
361327
256463
243095
296323
247512
103593
318905
137306
171806
448985
236499
423376
239187
183361
196176
431052
122290
105688
100207
435981
401814
275628
191001
158441
390783
340727
142997
190870
137452
295254
367594
421091
110383
312369
375309
443065
184164
283436
210214
134931
365535
309811
246806
334546
357448
185577
150169
429656
180514
289210
130743
218102
138855
279848
308697
264612
156401
356495
309155
276276
277973
355766
206301
341053
146308
251882
275248
276064
372141
157309
310284
354514
260722
166823
109506
339399
219692
204184
217097
258781
335535
375905
361315
131541
306379
258901
266718
353925
275132
453915
385629
310731
188418
305112
367643
391514
398273
355203
153465
423092
254292
279421
337299
297832
403812
207298
418876
382005
154657
405172
383790
390628
228510
226598
303073
256913
175622
416608
241504
137830
416039
119706
143010
369705
109841
229635
347971
346357
283408
335144
143635
164224
362280
408837
130902
355346
279081
305709
449882
222894
100651
164751
169223
333635
338438
385966
148969
318144
234328
169246
388134
131296
219475
409406
319238
301143
222791
361103
204545
250082
230955
273282
435898
287473
435104
159464
215302
202914
226135
353443
340260
206922
174641
369158
166664
231972
247789
100620
116834
147336
429406
233653
454215
341325
306822
113830
399363
116090
377398
262694
414555
105889
409880
169998
438724
147516
398068
396299
247978
208919
218051
448540
421458
193651
257004
327891
208183
365468
174217
288800
419760
382462
362283
319422
101824
341498
394978
169731
451993
380253
313967
204759
256307
102108
270311
204931
226373
350868
340497
338769
439262
270599
156191
123408
258534
268694
402850
112493
291739
290493
351594
386099
161706
337715
120505
355643
336556
217203
288021
174011
400724
315121
173656
185329
138451
169920
284438
117513
148931
208174
312860
339191
434754
449828
309098
441558
202916
375137
448205
290909
265362
302008
407903
389600
192284
117479
312020
450018
218224
166379
168084
396083
369597
127550
184124
164073
158231
337597
140732
438517
222858
353219
100301
294497
264076
145629
189190
304491
427834
356989
128027
244036
277513
360232
229489
355113
374542
272316
125322
170695
121828
364608
194528
190080
342106
432478
334334
381597
218661
273709
143087
108275
215926
430276
220028
235310
223118
331986
389354
155640
228465
298068
288541
430831
216882
393477
103720
321043
290665
243595
223426
155555
337797
424763
217631
300089
373291
161590
188580
275780
389524
362828
408030
175953
320361
368906
262323
393687
416554
218487
310665
164186
127190
319178
158333
178519
391152
193159
221248
346139
252789
281886
350815
407389
378012
169160
345254
238882
321481
120967
371959
425883
258149
187590
336318
140054
422239
195388
196547
154925
279861
344078
269678
265326
152231
143884
294461
251647
354691
222492
333770
376954
276874
125993
137774
261725
159116
259538
394816
415034
252443
427861
430877
137575
212037
431727
345901
285362
393825
448171
231844
446511
290867
206467
354878
207531
322635
364795
213236
431347
225314
323957
161433
386096
427227
415635
171574
288103
201832
113581
179913
416095
440768
159123
194510
255648
326185
384134
185366
114799
405328
370264
110373
411920
178025
398346
250567
391906
109686
169127
439813
134386
256311
193564
153531
116409
409338
439553
201823
445004
202601
219814
368247
112614
213634
388156
341295
281140
432548
455110
411223
171101
333437
353438
237710
359008
200066
433236
251372
197919
359117
443942
220035
204738
165969
445850
166587
219716
412403
256792
333983
428403
285576
344995
171064
394752
360606
380264
454088
349082
342150
162387
445570
272172
452502
281524
386236
130240
196802
106948
119488
263841
240429
203435
236368
338192
174974
251500
221068
396644
450175
316394
145739
168095
436242
400875
307108
239907
403502
394656
354548
309709
211397
251295
268903
298559
297950
399209
433889
246366
122994
326760
142501
175137
136522
183612
191552
248612
246991
281193
131359
125908
311850
311466
129761
286605
442346
368112
164919
432103
201522
380350
398045
444060
131478
263380
441309
324934
343756
330909
177098
276808
234233
171736
452427
252629
419335
176399
138845
200328
429992
159247
247917
321606
172118
329412
293489
286305
139576
334366
242507
118703
183239
227396
153190
212101
268669
340477
362596
327363
262502
442324
324909
146874
442636
283577
451780
412895
375542
434743
369725
115701
147676
211136
288814
295484
108666
382320
443801
265190
366304
161865
412233
431438
294875
111975
231667
231383
422832
379983
151125
298445
426505
288072
305329
269814
323924
333343
338711
282343
234246
391924
353657
154059
124504
278205
160958
278568
400725
334999
140667
250953
218849
399978
413451
451750
385793
359932
331969
352628
426384
438148
338230
284628
452329
446127
349214
119907
137077
180208
211137
207920
300864
263346
254091
215398
183511
438274
282411
207831
384713
190543
372686
412976
356491
194699
200861
233748
331471
188388
434682
413762
295503
234600
426710
130075
120042
445002
367686
144895
125412
374987
149686
207156
140841
204548
166544
403503
294459
170379
357045
284381
285230
268892
415143
434726
122952
155641
164448
330514
284209
175970
363077
212445
160014
347012
158783
413884
283760
415285
394874
443936
212681
390079
230209
348162
444930
121739
262866
216937
282632
216318
321619
369062
352284
310194
444531
356293
410844
281372
430587
139177
168353
441733
336432
291338
343140
164727
110187
204503
273655
129815
255561
170627
244875
364198
404573
436546
277773
449471
208506
228459
299118
394150
136516
379244
238116
226583
156521
328665
266083
286417
420663
275307
359536
345578
371810
442133
416465
238746
242034
271116
365963
380199
211750
193218
233033
222114
250341
173837
340544
249103
299708
144808
245629
300884
167321
315362
247706
351486
380767
236323
118117
294068
211180
382606
258289
308769
171634
396503
420655
368827
203700
247832
265502
202110
305755
126912
347004
262359
227673
257807
268783
266220
212396
286768
384926
354697
298468
398069
363729
431046
302289
341153
453849
114675
344168
203145
104459
145321
182574
386175
340014
215010
131078
197771
219801
354338
416138
347891
250840
115028
281601
360673
302706
124996
195334
447270
365428
222273
158686
215323
170653
380191
274898
146341
263090
198123
147819
132655
188340
419477
124891
404757
427549
279368
271898
105460
123463
446115
220005
203533
419089
283051
114232
454375
186795
325514
413502
394182
205483
260009
174791
110429
118694
223755
410974
191119
115097
350182
118176
120804
350718
179970
326761
351901
453572
411911
123702
324381
176804
247339
453131
152465
385766
425571
322920
379699
306636
136198
356417
226729
214778
240022
296567
150436
217836
311408
175240
341935
211034
291607
162622
381828
233553
210248
120989
243535
155811
112811
343375
263457
232587
155437
435494
320906
118135
206782
204122
331502
211613
138833
364318
420834
443335
397379
342018
231621
245283
117228
328836
387251
329359
364026
129948
104155
171210
291153
156797
280858
132137
407989
114902
428691
416867
295231
396384
419636
410734
294305
445362
282023
156257
205239
100075
349792
247454
360748
300737
355079
356832
322980
434080
361768
178407
350226
116308
143661
183012
227504
220095
271042
359417
357195
435589
238190
300076
439649
358739
328279
103451
349978
258512
268650
261282
270174
152709
351717
118316
304960
413505
164130
260670
125371
243546
371543
208107
120302
388895
385729
149232
233835
187634
448313
177389
145753
273905
239214
240527
331007
415256
223395
310398
390802
409342
452760
374784
274472
307884
293007
299741
319979
271639
453649
252611
274775
381177
115462
354396
250187
453957
258132
389368
272412
182480
251049
132253
299667
211495
162966
325283
438395
210341
330441
138544
218828
336368
302304
446400
229463
314532
122304
158508
179250
450611
185029
323294
135552
201759
299834
104427
408402
202911
197842
270447
272397
198584
396861
445303
160654
430286
196664
303224
333646
349809
438560
219672
303838
139255
347719
217377
360749
283189
118199
365399
432126
231578
274321
281827
107101
397021
441656
385945
176070
289787
314900
416731
416471
173373
378629
391602
337844
417584
124661
122660
338474
234401
363997
211712
182306
328869
201753
151207
394968
375113
152203
152611
439370
453319
428316
384961
251486
196313
407786
207123
175654
426706
364126
177281
294050
150253
412670
223505
356656
417599
419298
443949
348098
282671
438591
320755
446063
281723
275074
191874
366967
102285
391746
319590
360632
254200
437324
215424
112926
171146
203517
301711
203319
297302
326740
166548
359861
221109
142943
311234
167758
186101
326195
223689
181860
387288
159588
344310
226652
200965
436957
436121
241834
339612
356054
265205
401254
319324
278760
282598
325676
148405
383745
274077
154298
141936
307367
442047
172816
385786
119862
292422
147841
188931
255007
363126
377546
319300
262146
283899
299486
151870
189581
258636
420828
104326
277907
260590
174118
156694
349786
390667
224207
316981
265085
319793
436296
176357
418024
456171
328534
294555
104375
187981
214060
366040
122691
158328
317919
206875
393666
196982
166099
292628
301700
280194
364546
390525
161910
146926
245547
161475
274761
236649
179239
127013
309959
253572
132784
366560
260718
411061
318606
232315
291204
156612
367077
454569
268865
195076
442834
129171
134358
113646
432645
111924
203778
138183
333658
302459
120427
275235
117377
112219
275777
169785
275038
380665
117315
171029
322182
371949
353102
446072
155813
360490
161596
230850
399725
432159
447547
365286
350726
200608
338712
194496
159573
136721
383038
171016
455734
141795
218983
246556
403985
414650
174238
352783
214974
428750
238273
426749
313958
417729
245797
216426
438943
234916
113531
390844
159654
202855
410752
172458
306867
330974
387821
313471
428504
143629
103582
235387
192736
347047
186291
385888
427741
191338
146558
342805
304727
397227
100682
322532
129726
300689
185156
377903
333894
167254
421116
245664
276890
439594
432216
305382
357065
214533
152995
182407
139686
126311
205906
401564
242746
174559
396870
180301
321778
321500
186836
346957
286802
314895
442974
104742
254124
303418
161244
272007
322271
162107
272312
154782
350912
157534
307597
200055
108819
179805
208547
429899
185808
135246
110178
240237
419581
400124
323010
325256
181625
225918
284985
325195
263552
402138
345644
452346
437948
200773
251897
221655
340228
421492
328419
434761
293587
140140
325409
452666
244551
105433
174949
328533
252476
239375
274639
221069
134356
378953
287787
420072
223690
405967
416493
292123
292814
113821
426424
189546
424592
212987
283922
145498
439502
104052
356528
333355
455091
454894
436678
299272
120118
184629
170247
123711
438276
397921
200452
455505
209512
308560
181681
394856
214732
133135
175256
213690
144766
172167
373995
162545
422730
387827
454392
