401888
135980
271627
202269
298798
420147
159207
407846
412320
158383
121001
175915
230632
158889
417907
319231
365528
224898
279204
330420
179372
238890
291163
161540
199294
239908
336897
188224
236560
143866
108469
397385
143274
385262
281631
252545
251616
175944
362129
385645
440622
117829
110415
415855
430966
308047
327719
295560
119974
174292
248338
108717
151361
349638
418639
204364
148043
365459
229957
208978
359450
393230
179965
155356
450277
106501
259346
386873
220660
297254
292369
366617
194824
139983
229925
392037
349236
286376
141006
337925
203279
211337
370813
404244
332872
299044
365419
123965
382487
182208
343100
377381
106381
250729
285727
418670
259358
281699
145212
387208
222038
244884
262160
227338
181170
198005
179340
202121
308376
163170
292318
285410
102502
250031
318090
116050
402133
229193
367202
224219
215737
297698
135228
380458
151414
435784
269302
100015
207177
292478
104161
380380
167206
289806
270071
444854
389658
344736
446069
210934
313061
276390
370611
411340
265508
327679
224983
228396
162193
130300
310451
377059
191202
234191
280592
349305
157779
272854
339342
451491
276747
412534
357685
272259
216006
436845
118857
397288
105697
211568
359952
356637
100458
273339
245818
386929
383879
228823
339290
300764
202630
446325
436469
182283
266743
448611
266168
389624
145168
377139
146254
124969
325893
116114
253161
359303
146475
177491
391677
111766
317141
311124
280977
252449
438773
448290
193406
263559
440726
206228
235019
202856
443696
387479
204935
408455
455730
418245
363314
214766
279671
286090
166791
448932
393171
105570
364446
197079
304665
237312
425499
335132
391374
106082
124839
361648
368055
448881
434079
180829
204525
303577
110271
442823
214300
213654
246322
427631
117024
274363
251069
262037
307421
400675
122560
327234
150546
370790
217646
166838
152485
126376
400953
255827
149698
187995
445753
191967
445744
348539
287525
283768
410883
225424
319679
441130
428895
232645
343281
414159
294440
186344
228190
342275
239548
339921
413079
309489
265682
175254
198740
173500
349489
123762
101561
161803
274055
219453
238318
347608
131343
415236
162867
170901
176243
426060
386435
425011
142696
240551
337067
378999
379787
260378
148677
440066
126820
227497
119667
372054
408771
188414
432550
138321
345944
403998
260900
202402
180838
360589
412242
154870
264915
370621
163879
431577
339983
438871
160000
276288
318226
150570
178076
211886
452134
350093
166234
297899
101579
446249
448036
425859
335505
235364
298626
384146
389853
217774
354330
144844
348472
409769
390205
106741
100794
197097
144051
427546
141243
287484
279014
449965
310545
294611
386452
336628
103262
237261
173447
352358
175314
302742
186777
173307
311585
397056
395598
236604
187107
450325
231531
292496
395198
133398
281971
350304
333399
108857
436215
331774
105018
360529
111414
344077
288244
245169
129691
330369
375860
355823
305546
194088
441372
447537
214551
409448
230595
157592
316035
233315
142646
116867
271405
185701
106164
353515
259080
446835
129232
353085
173863
143026
296999
426465
143913
179712
123774
313531
231445
261708
187479
134378
193608
144431
190140
234738
184802
263108
338124
367561
164310
200953
151602
272134
359051
325071
289483
391512
298681
313599
198495
193004
188447
420819
105561
405453
188743
303336
301945
230577
210665
115089
352977
120819
301748
420367
419389
423927
277650
256495
340863
203386
178513
401996
447208
302253
388328
194597
383744
374769
342653
297047
117945
390853
383591
455616
374825
164496
446056
160670
435219
177596
336984
228220
200402
405527
447441
331741
417055
213017
438190
417656
166092
367612
348972
217112
358464
160990
305444
178426
269942
191487
231381
412452
382200
422604
160708
390220
347000
135853
157316
389320
451660
167072
427564
448528
163646
253638
143539
136705
314209
124017
357574
378628
349548
296072
281427
188608
137525
204922
446484
360093
239648
273412
306903
276418
153489
324703
151551
425577
358572
435760
288105
203010
455197
187578
116773
177655
158643
243273
217689
286513
211251
359878
265129
324873
159008
181896
206225
270569
422894
225885
452978
129656
243150
116727
283419
452066
308673
193605
450438
240801
325345
205410
418368
266105
451304
166358
304033
424338
446500
313979
415008
310374
377118
101447
189381
291756
249096
380307
393213
231514
164993
162042
369530
397233
169953
374122
323840
170911
215319
163002
360184
193893
388708
378670
103492
401783
343098
353086
235112
223293
265021
207450
372671
422027
132227
305454
177176
390692
438610
125352
368873
233727
221351
288211
443757
146780
300146
256812
269565
283533
346299
128696
132581
287596
329628
364295
177139
315247
271791
327715
411671
365112
152105
211115
148720
245320
229150
310051
338643
147520
124103
443753
430138
456179
255443
238964
246977
342245
152344
298582
198663
397470
335274
236200
393176
228773
152276
188741
196232
189980
145343
277186
265562
226107
167650
105640
432512
346949
369354
217501
131112
455076
385735
426346
395797
115091
311615
444560
113768
111701
385268
152426
303841
300164
298080
440934
170705
421154
271920
411775
305032
360114
345286
220067
338807
350719
169547
373914
438972
263900
182216
247349
427477
416252
228024
171208
288409
183409
243011
438961
334205
351382
383876
107009
345558
207898
377357
186222
154817
230352
269964
439647
347632
113928
171804
216386
122728
389199
404674
305044
367364
254986
253952
388871
255416
330408
158678
156320
413816
212006
433665
240843
289810
434247
437552
160775
299456
304995
238167
412340
449252
206419
339025
110168
223381
260812
245146
311145
323444
364027
390104
199308
121402
211059
164614
200642
102381
123909
390336
373657
437077
159344
355343
422416
139953
338698
307600
236424
375780
118818
301857
375453
356408
286799
387589
144252
292545
173311
196001
372917
329044
196552
284559
433719
435826
433401
188019
123769
136199
445060
214137
148779
219997
102793
304405
213609
193003
446263
388323
313452
399944
104748
114801
143567
211743
260041
285314
102398
113524
328038
336728
339041
122397
216417
389392
257179
318977
426782
311664
107769
297088
392942
172348
173765
326764
159617
394641
165076
186571
235114
157661
385241
259744
413157
338342
269785
260795
146990
147024
319079
429754
427494
190430
139381
381605
289942
282213
285357
228281
377810
376401
193346
183183
160968
266080
301351
221370
438982
279511
168499
180558
400626
173810
241662
103465
148426
185507
118477
259904
115665
313462
191429
230910
359477
396166
138269
444508
110811
205237
256413
335515
380678
397252
399452
180082
162899
280500
364908
317295
447857
418403
263216
420726
307002
370619
118445
286245
368408
238245
237570
347423
381681
157645
232768
158567
118362
143765
246655
235976
396504
106884
277670
268754
252979
104362
449567
344943
119323
342344
331782
158915
317990
332787
440250
258209
322326
121813
313203
327290
323767
366146
316634
371146
239110
363894
217153
404431
379686
146706
251184
269546
246351
156210
438210
181601
225215
455666
138265
336234
288999
211430
389768
191136
409474
399213
406758
368555
309510
160850
452605
279518
261469
393458
384070
195485
414342
254117
315795
213484
165335
437032
226160
221051
296382
373950
204899
128271
404865
218079
304008
396805
320206
230073
379288
311590
156530
292389
260573
123099
421695
262618
172585
172658
303714
277110
386973
392676
161814
324930
163603
314686
342837
403632
445370
343549
179916
179917
112963
402520
314541
455651
168116
248657
455529
422136
376528
283145
127494
291996
395147
184898
288064
139496
373282
270494
415020
452506
261122
308968
435768
207673
440404
172232
300220
395847
310146
371554
241034
330608
428164
204024
225679
435680
430797
154459
167424
187931
326854
428970
122916
204408
194257
255842
249552
317615
280795
354879
416959
212040
207146
294268
279325
172930
135538
129847
352654
141191
336982
145306
353889
278214
136236
429665
191311
177246
103710
241394
410750
426159
153250
266107
434111
121007
398212
383488
339209
151884
431008
359678
408310
134069
435389
159499
431220
302484
348074
163098
221038
188459
126171
190759
279486
389558
137962
149703
442726
273497
396623
275880
225187
251790
335993
173518
131919
334227
326038
244213
114743
419008
200246
362629
246494
345337
123820
166895
259578
428667
219795
430232
383257
354463
369941
292547
121024
342201
368710
375014
336251
250379
134728
241278
219802
424392
378943
363315
369769
342394
106791
439700
323572
302478
199149
192131
386179
432967
257658
303655
194233
220589
264312
268922
199669
153954
306214
141902
425292
408570
404882
125155
382551
377725
286669
445792
386220
349585
139498
390845
270104
179821
303522
437210
261148
103563
138206
342183
227795
235513
130819
294275
305817
222157
440484
245799
108733
370649
118200
388649
308109
166669
136226
301472
412996
303313
271169
333277
262643
262706
323815
237112
155146
190035
377455
397136
405714
322721
409788
363803
411630
213273
356335
405048
285339
345054
123211
369817
117573
356871
263838
104335
396781
161717
276539
365379
226696
301239
275490
164406
313813
322850
130208
144977
251657
221692
420666
383259
135171
199186
299444
206234
195612
390885
399272
119289
299131
203125
302266
380090
445987
254254
128280
337791
104484
277328
356305
227042
204796
422936
410260
225154
330646
171983
111690
192841
449047
372613
333427
292368
125307
237707
132941
316946
374426
301223
224506
361204
347741
330280
152149
410330
333965
425717
419774
221545
189767
426028
405432
362247
418243
301292
221095
373755
341921
367802
380943
455163
289567
308481
309043
372185
386892
223233
209804
410574
345333
400492
276849
396650
133416
426416
424170
208469
327673
217597
189245
409627
354509
386517
351379
138342
320105
227801
107439
424882
240563
383689
212421
321067
393470
325871
103867
361012
151766
363112
173914
419777
361920
292796
403637
403474
140492
202570
175387
233442
321282
228611
347088
302973
408680
344338
275213
155044
364019
355485
125741
346258
368867
330319
403381
446278
447171
394877
316356
298124
372714
438969
188596
145234
315172
128210
182141
135708
228167
351449
257086
341393
294727
146119
140444
395498
288234
395398
389096
289570
423437
136616
224502
396395
437082
240162
390429
189281
381500
427529
404816
257512
450863
169539
174487
339235
300760
349401
453543
430037
268313
411834
305400
117238
140714
225831
416097
210721
435033
125567
266232
411183
307873
151636
384406
286953
412040
218025
399405
175222
361904
255599
230054
209052
396690
302149
357246
368452
219681
135996
150234
110063
419005
363681
436348
282832
440507
102925
323222
420491
408972
351859
323270
159457
323865
327851
435493
403484
262018
306586
350151
377002
387838
449303
268647
278646
411005
425900
254293
292258
395521
113767
309906
240073
273720
262324
134120
404940
390572
190484
251068
306496
331452
385960
401161
382854
288060
291292
226976
268776
359146
236098
438577
346441
117345
295214
436060
405558
329945
179806
217031
219643
223797
305083
194394
164396
187612
435891
278789
161092
199254
272778
254967
215854
351950
326327
347502
226007
166593
355080
422292
292182
243660
185587
395610
359937
278500
185860
330463
182850
245665
273075
300997
138282
450007
448300
397846
105543
111779
263624
194405
280111
445311
246875
310272
418719
359739
425627
360824
173636
278144
168166
112756
276901
362411
140479
198787
153164
449522
277756
362343
379251
361004
449754
124293
427349
218149
414176
321926
264645
339999
147593
440268
272155
153448
384665
419002
249791
245644
425044
334702
243834
267984
451322
306672
109843
102677
124305
439234
239235
201594
371490
129745
256817
258879
321349
369149
311785
421468
248270
169054
375831
177392
228755
113927
428178
253564
343429
371970
368327
305161
257709
300696
138445
237622
367090
380995
390882
120533
375227
109976
430855
339348
349351
281101
239657
144724
326293
180275
303831
252385
228746
252451
415812
287172
163760
110676
268309
251637
211699
136247
140903
454815
314940
108150
430388
265227
370281
283818
227521
125027
400723
181090
206907
417882
161186
405499
237668
109697
311077
385993
111934
414334
115892
317916
437609
184955
115753
299377
291413
244222
376136
102656
379697
143392
369204
127743
223335
450688
198013
202107
232939
145445
351409
244077
222252
204806
278690
412797
307791
437710
176806
368352
100336
258456
398267
369692
305992
293945
159610
203569
119013
278321
328519
120111
143139
288651
430925
351213
401033
156539
356954
389297
346561
127036
267352
217734
189785
444899
170746
449333
140923
417276
318196
378416
366063
265892
387861
377121
274732
234884
375331
437476
337794
316236
172597
440092
388950
350987
434239
405356
411232
192147
411484
326920
415173
441112
330462
173143
273471
400322
281652
289899
281964
455729
136872
233614
179992
201114
221087
198531
193757
374621
195265
141521
223491
390473
126941
294145
180668
310389
448437
129735
186593
147005
111008
182931
221268
446289
175924
400129
251344
292928
104650
270604
199111
165237
396878
256274
170644
355176
342457
271283
264868
386428
295651
451722
344659
382515
429320
302700
220153
438165
363134
188134
364886
167062
333337
205326
419809
281826
237679
330008
218234
153730
117433
305714
178148
410486
118433
294357
393183
443475
421186
265812
170791
262998
235097
324907
125430
216787
314300
216596
258262
319019
273884
352210
243063
360188
154705
133311
417486
122233
102786
419004
290510
131255
269353
118756
318453
453447
395465
330432
203224
196881
265456
195824
241775
230211
367522
179049
408536
306553
135168
118268
453472
111558
220262
286068
401715
449762
386291
351714
289224
424443
112586
253659
308445
125786
197939
326077
125966
292744
154697
415223
415806
423062
223574
242420
335693
119827
287838
295275
431753
371223
116382
156179
255868
368657
107573
164204
436492
132585
312811
103300
343843
426475
292351
346355
362533
355901
402229
433368
195678
455665
268912
266945
183048
315113
135822
141108
221491
388583
328988
454048
199205
415099
334083
403759
231318
197439
374740
252914
114034
405657
157114
130360
136351
305795
418891
147864
220898
402097
151858
338464
386345
110978
191401
283998
301188
308578
366727
372702
362938
234508
120788
339398
328996
298225
123727
135695
311527
172320
175325
225106
287171
254853
446896
352652
157481
450562
375152
111889
361032
180721
130298
450445
340128
310869
126680
339470
254983
220148
203030
339785
274210
234255
269289
181426
449697
246908
363044
236088
141662
142221
318032
452603
445676
417704
118841
303107
224517
144936
117229
166133
342262
212530
344058
385593
277180
123430
358019
212271
417773
185206
262498
358533
361218
454670
259785
136797
302052
340789
359407
447365
147861
101986
274958
249680
254581
353510
403016
342936
277090
389661
443864
185599
163626
138279
172455
215066
153827
147962
369529
272704
144077
387230
335789
253852
278387
205385
116280
455026
426351
193711
398634
444850
241247
257041
373261
302889
315736
426673
285515
171312
211984
342132
381290
451681
107957
342123
436841
103107
280564
348861
345498
254484
137621
224807
157348
285444
273738
203487
141151
236257
221369
326631
239542
368343
350952
185931
376768
428699
102257
382902
360540
381661
118563
205912
367541
256000
435884
247331
127648
413321
371092
251136
422963
254547
305030
369165
334214
210589
156848
372212
449521
435010
162603
134665
103445
131633
198969
367460
225760
410329
351175
383613
124011
365988
133411
165079
110481
383831
144009
168344
294137
138538
452175
269703
245113
232287
408544
348800
256110
247786
256819
353307
157495
290891
321728
103493
409313
254041
160527
383134
299656
436986
304186
265375
253406
273448
347515
310840
416221
111640
186152
248858
450549
329790
281438
202332
219869
193632
175173
367867
104270
218609
347396
232781
151025
303326
325519
384901
445386
259039
122959
183022
214962
253864
172621
156359
412202
337216
234872
164637
159396
242418
312147
151662
128025
209400
436483
377439
421061
243179
349578
214339
184464
411156
240639
305556
170079
323037
245714
285324
246644
308829
127073
153418
228368
450449
248715
310407
144789
419187
437885
241295
452843
309509
112132
166360
365483
350163
257743
408171
266653
252765
244885
326250
128948
276452
241873
413517
379734
384453
453752
453812
370955
424347
174684
283325
156535
208387
298466
299263
105770
112425
443027
265832
338567
243410
274412
157310
406240
224560
331918
383033
196527
354939
402816
448505
126216
263614
213373
159079
152103
167803
220473
419620
210244
325159
398537
133826
132239
427246
347742
254816
193658
284446
399420
327242
414737
161269
317947
330050
181526
395839
397966
306476
162138
154427
155301
237991
300337
176233
309721
167170
148057
178061
319103
389020
278803
174041
141126
249203
198737
174251
413654
378765
270242
246129
313928
407241
204217
276828
410050
146916
286787
272394
252161
217206
218084
182254
203612
159235
382231
286227
237128
455715
431717
360247
329748
339175
189577
249472
315957
194169
426791
226992
108153
258803
301828
304188
284192
258992
258017
182584
224460
391075
397218
408943
192351
135062
279057
391868
200658
113743
230069
280727
366139
346376
190450
277472
177219
383610
170997
236084
413918
442983
334701
154491
257424
237337
291099
246759
138672
402233
339081
246211
238672
302837
315055
382049
383028
184883
318714
136204
330209
352965
148792
322477
278566
289933
411640
227356
106579
242117
142869
293861
349475
137615
162301
417593
109256
289511
178036
414569
296277
230902
394327
166953
277163
267651
358288
319981
322014
409884
118731
346780
361327
324574
256463
296323
103593
376243
342739
448985
236499
423376
239187
196176
431052
304502
105688
401814
191001
158441
390783
340727
142997
190870
222897
137452
367594
421091
210115
110383
312369
443065
210214
134931
353446
246806
334546
357448
156850
331721
150169
429656
180514
289210
130743
308697
356495
159149
309155
276276
174636
277973
355766
341053
146308
251882
379303
275248
276064
372141
157309
310284
260722
166823
104971
191517
109506
339399
219692
204184
217097
258781
335535
375905
361315
131541
306379
258901
266718
122516
353925
275132
453915
188418
305112
391514
341318
398273
355203
153465
273108
423092
254292
337299
403812
207298
418876
220017
382750
154657
405172
383790
390628
321105
228510
303073
256913
210436
170891
241504
196424
401570
119706
143010
325606
330051
109841
229635
346357
283408
335144
362280
408837
130902
355346
279081
392330
380329
365058
100651
164751
169223
339733
338120
427238
333635
338438
385966
148969
318144
201920
326178
234328
226451
204818
131296
219475
409406
301143
222791
361103
204545
250082
230955
192083
156834
448019
273282
287473
435104
159464
215302
202914
214703
441838
319764
226135
353443
340260
174641
166664
231972
206664
100620
306108
183766
444992
116834
429406
268908
349116
454215
341325
306822
113830
233586
399363
281223
377398
262694
414555
105889
377084
409880
171051
169998
438724
147516
398068
163886
246787
121457
208919
218051
389652
374667
448540
193651
327891
208183
365468
432755
288800
419760
382462
319422
101824
154098
380253
255985
313967
204759
270311
204931
350868
340497
338769
439262
162167
156191
362258
381233
258534
298315
268694
402850
112493
291739
351594
386099
161706
337715
226346
355643
348516
336556
217203
288021
174011
218041
202675
400724
135222
315121
263049
443559
353020
173656
185329
169920
284438
117513
148931
339191
434754
449828
309098
202916
375137
166218
290909
265362
302008
407903
168029
117479
312020
450018
166379
168084
396083
369597
182352
127550
164073
370635
158231
337597
140732
438517
222858
398960
100301
350451
431897
294497
264076
438180
114575
145629
189190
304491
147881
427834
356989
128027
244036
349286
101421
277513
360232
229489
374542
394923
272316
125322
173300
170695
364608
251489
194528
432478
381597
218661
262516
273709
143087
108275
343501
430276
235310
223118
228465
298068
430831
393477
103720
321043
290665
258529
243595
337797
140969
217631
300089
218451
373291
161590
188580
275780
408030
175953
320361
262323
416554
218487
310665
379583
127190
319178
158333
330011
350024
391152
221248
346139
281886
350815
407389
378012
169160
345254
321481
260729
425883
187590
178864
336318
140054
422239
195388
196547
154925
279861
344078
269678
265326
152231
143884
294461
251647
354691
222492
333770
125993
277980
137774
159116
380415
361192
252443
315239
277889
427861
149256
430877
137575
212037
431727
345901
285362
393825
448171
231844
446511
290867
206467
207531
322635
364795
213236
301515
400025
431347
225314
186332
323957
386096
166310
171574
288103
201832
356357
113581
179913
159123
194510
255648
384134
114799
405328
370264
201085
110373
411920
398346
250567
391906
109686
169127
343565
439813
134386
256311
193564
153531
333879
409338
201823
202601
368247
112614
213634
326341
388156
206858
341295
301107
432548
411223
171101
333437
213581
353438
237710
200066
433236
251372
197919
123753
359117
449146
138423
443942
226375
324865
371205
220035
165969
445850
166587
219716
412403
256792
333983
428403
285576
344995
171064
394752
360606
380264
178180
454088
349082
342150
444590
272172
452502
301788
208462
281524
386236
325015
130240
196802
106948
119488
430293
263841
240429
199043
203435
236368
338192
347636
174974
251500
140962
221068
396644
450175
145739
168095
436242
350950
400875
307108
403502
251484
394656
354548
211397
251295
298559
297950
399209
433889
246366
122994
326760
135577
142501
175137
136522
152812
183612
248612
246991
320048
281193
131359
217682
360847
125908
311850
311466
129761
286605
442346
368112
164919
337877
432103
234114
201522
380350
405413
398045
369988
131478
263380
371919
441309
324934
343756
330909
258635
177098
276808
250551
234233
171736
267988
419335
176399
138845
200328
429992
172118
329412
293489
286305
246157
334366
242507
183239
227396
207567
212101
268669
340477
362596
327363
442324
324909
146874
442636
283577
412895
375542
434743
147676
445150
211136
288814
295484
382320
443801
265190
263311
206408
412233
431438
111975
121926
231667
231383
422832
379983
151125
298445
426505
305329
346909
323924
333343
234246
391924
154059
278205
236204
160958
438939
311477
334999
140667
218849
171045
399978
413451
451750
361427
385793
359932
426384
284628
452329
446127
349214
119907
137077
180208
211137
207920
300864
263346
254091
215398
276788
438274
282411
207831
384713
190543
372686
412976
103172
303098
356491
194699
200861
233748
377808
251618
331471
178017
188388
434682
413762
295503
426710
208896
382423
137912
130075
120042
445002
357364
367686
125412
245510
384530
374987
136363
140841
204548
303897
144380
166544
403503
142274
170379
357045
303487
284381
432385
415143
434726
122952
281678
363746
100276
155641
164448
330514
175970
363077
212445
102510
318914
302834
185203
160014
193242
158783
283760
415285
394874
443936
212681
438246
238634
318974
230209
348162
444930
282632
216318
321619
352284
310194
104498
356293
430587
202382
446562
139177
168353
441733
336432
291338
164727
288616
110187
204503
376612
129815
255561
170627
306819
244875
364198
436546
277773
396069
449471
208506
299118
394150
317063
400581
379244
238116
226583
156521
328665
362237
266083
427188
286417
420663
275307
359536
253912
371810
428884
416465
238746
165161
450996
172676
242034
309552
271116
418976
365963
326678
380199
211750
193218
250341
173837
365791
307026
249103
132311
144808
336302
245629
300884
167321
247706
351486
380767
236323
118117
211180
258289
308769
135418
396503
420655
368827
156103
203700
247832
289705
305755
126912
347004
262359
227673
268783
266220
175726
286768
384926
354697
377612
298468
398069
363729
431046
302289
137628
453849
114675
203145
104459
145321
182574
329861
386175
340014
215010
262755
131078
219801
416138
250840
115028
360673
124996
369058
195334
447270
365428
398209
222273
158686
215323
170653
380191
274898
247745
265683
278137
263090
132655
419477
124891
427549
279368
271898
123463
377454
208587
446115
389736
451540
203533
419089
283051
114232
454375
186795
325514
413502
205483
238809
222115
260009
110429
118694
410974
115097
350182
118176
120804
350718
191055
326761
351901
453572
411911
123702
324381
176804
453131
257377
440822
425571
322920
443932
371019
306636
209035
356417
432757
214778
240022
217836
311408
175240
341935
312681
211034
291607
162622
222829
148653
233553
210248
436609
145570
209030
120989
243535
155811
343375
263457
411285
232587
155437
426401
435494
118135
204122
211613
320599
138833
451911
364318
420834
397379
312679
245283
117228
328836
387251
329359
364026
129948
104155
171210
280858
360251
333662
409594
214606
319488
132137
407989
428691
295231
396384
294305
445362
282023
280855
248058
205239
100075
349792
247454
360748
300737
195606
355079
356832
434080
338814
363923
294369
361768
178407
350226
116308
359709
237844
332818
227504
220095
218226
271042
359417
357195
435589
238190
300076
124399
439649
358739
328279
349978
258512
268650
293550
261282
270174
152709
351717
118316
304960
413505
243546
173568
360133
208107
120302
385729
149232
233835
187634
448313
351739
145753
239214
240527
331007
415256
223395
310398
409342
452760
389213
274472
307884
328654
299816
299741
319979
453649
252611
274775
381177
115462
328318
453957
389368
298971
178056
272412
182480
301708
132253
325283
210341
170524
336368
318339
229463
314532
122304
375968
179250
450611
185029
323294
201759
299834
104427
408402
202911
150581
197842
318540
272397
396861
445303
141461
172386
441011
272087
303224
333646
132826
138694
219672
303838
347719
217377
158516
283189
118199
148819
365399
325950
274321
281827
107101
397021
441656
385945
176070
314900
413336
416731
378629
391602
337844
143970
310936
309387
417584
124661
122660
338474
234401
211712
182306
328869
371268
201753
267427
151207
394968
111920
152611
439370
453319
108686
384961
251486
104053
118105
196313
175654
426706
364126
177281
419401
150253
412670
223505
424895
356656
419298
443949
282671
438591
320755
281723
232446
191874
366967
102285
391746
319590
254200
437324
215424
171146
203517
301711
203319
326740
166548
145566
359861
142943
167758
186101
362920
326195
407208
201245
159588
344310
226652
436957
396309
241834
317202
339612
401254
319324
278760
282598
325676
425554
274077
154298
141936
307367
153858
442047
172816
119862
190089
292422
147841
272935
252801
188931
255007
319300
372340
236337
283899
151870
258636
420828
384803
104326
277907
260590
174118
156694
349786
390667
224207
265085
176416
319793
451509
294555
104375
187981
214060
309900
213466
158328
393666
196982
166099
378743
146844
280194
364546
390525
320390
161910
327241
275221
146926
329496
161475
188706
274761
236649
179239
127013
309959
384998
248410
375761
260718
171630
318606
232315
156612
367077
454569
210351
442834
302483
205835
129171
134358
432645
111924
203778
138183
333658
117377
437313
353399
112219
275777
409872
169785
268484
148308
380665
117315
171029
353102
446072
155813
360490
161596
175909
230850
153143
432159
164655
115383
447547
365286
384087
350726
200608
338712
313480
309179
194496
159573
136721
383038
447874
141795
384126
218983
246556
334841
403985
414650
174238
352783
214974
269400
428750
238273
426749
313958
417729
438943
100487
234916
113531
390844
159654
410752
172458
330974
387821
143629
103582
235387
192736
347047
186291
385888
427741
191338
146558
342805
304727
286695
279723
415535
100682
322532
437668
129726
252089
185156
377903
333894
167254
421116
424897
276890
439594
432216
357065
262950
214533
404648
175708
320786
152995
182407
139686
126311
363800
333514
196088
401564
130410
174559
396870
159259
180301
321778
321500
186836
346957
286802
314895
442974
104742
254124
249710
161244
272007
322271
272312
170175
261209
157534
307597
200055
208547
429899
247137
368947
185808
155502
110178
416215
400124
374564
323010
325256
225918
284985
325195
263552
402138
345644
452346
437948
153112
200773
221655
340228
421492
328419
434761
293587
325409
244551
105433
174949
375895
252476
239375
274639
221069
378953
220691
420072
405967
416493
439257
292123
113821
426424
167691
112998
189546
212987
283922
145498
439502
356528
333355
127202
454894
436678
196910
239456
299272
348483
120118
170247
123711
129520
397921
200452
455505
394856
173217
214732
311162
447099
175256
213690
144766
172167
373995
425204
359836
440733
329012
