406075
325647
405078
332922
365186
414535
168907
157644
120524
247094
228559
254346
109729
202857
418123
126075
358681
291778
112418
152084
375423
426625
119649
348229
278548
359316
102959
437258
329567
158746
397430
308526
252194
409406
179634
356537
125634
104070
195971
264550
320372
362350
407142
122916
412045
421468
115979
361683
104067
161464
366347
131697
338868
320007
401174
394134
449890
426424
105524
114367
176718
159123
132501
141881
443884
456006
138312
232780
137704
137643
302168
306923
385930
436167
353558
140414
454336
134725
301307
183761
259645
306773
419518
190578
305483
402405
238920
291286
213628
404955
445885
347873
104576
262003
324755
305950
399497
380908
204613
191297
101007
285942
311382
112466
410181
348717
285459
371168
253359
441900
274066
177775
357452
446922
251652
215544
390882
287534
425921
319720
109967
222676
353310
278075
351668
106908
221351
406250
122443
304229
160945
236173
262729
356600
159270
140263
341838
406445
262087
186267
108302
367031
352676
289066
316445
223323
324166
313083
258424
242748
423840
295785
204238
250723
444414
229451
194551
421596
388311
329354
346989
126624
149705
143519
211004
201121
251752
410591
111191
198146
192573
212151
324577
342609
197505
267852
281896
439538
371601
174101
310348
234885
393088
444280
433434
173500
429410
158932
366951
417032
212036
215345
302816
271404
274226
139139
237307
346682
146091
204077
100690
438323
133342
293595
398002
411311
344374
318908
238433
337335
166776
208332
197935
168460
142056
205308
401143
274645
132589
158313
107356
418669
377390
172009
252701
226607
349364
338533
388332
192450
117583
328199
400508
137798
427354
406385
119822
284443
130275
446416
311423
137323
444514
402938
199002
107302
112221
238654
179925
427266
239927
420201
450649
424867
417008
118928
141091
406073
127401
377482
121595
152307
259130
255875
301311
198074
418383
237123
436413
396807
376935
450935
281426
176281
356868
379435
433741
277307
367511
425519
259913
259672
401637
398942
305926
197996
104362
195200
432413
163536
207969
318969
211733
371535
246021
309693
332378
199205
453841
423583
121237
341954
111875
426471
248253
397809
133656
351067
204591
264718
303453
385523
370156
443488
223015
110799
345820
338978
205620
455420
237385
131482
207270
308481
325536
439084
359183
252365
181914
264921
167376
308817
277752
148744
216922
360980
240793
146005
346315
382311
393726
444421
216210
342092
429636
370053
397369
332226
180136
392503
258020
293254
159070
384949
250499
235116
171332
157560
378767
369083
287803
112336
174342
275403
313908
271556
314640
406483
131605
261193
335569
402583
239258
426776
431208
352914
117048
384025
351739
446196
158702
380854
186438
195718
441564
231264
267946
324447
371821
258776
416933
294358
341357
164810
116888
363574
305005
452366
219651
189344
178394
452629
303341
415645
238101
274613
369545
210337
331838
154148
415619
165889
100992
311284
399583
158393
408630
375582
400744
338063
392467
306786
287767
414872
260549
454677
423559
255436
171378
320549
100650
266696
218505
251239
453649
360120
201371
302421
273480
147606
309088
136559
286162
231309
225673
382334
178492
298737
331763
102998
301472
308712
385828
313766
130593
256572
345439
341923
325257
431152
432743
113002
185266
229591
146835
278571
320525
162688
179524
256560
224290
252262
318130
270787
360708
359046
157384
416015
435271
438895
105639
114436
453306
186589
432701
169300
189083
319511
406960
455797
257117
155432
252624
430804
138263
407317
220111
302793
253806
224636
362227
319173
371696
334723
243141
330097
127043
417566
198675
309746
115107
392362
443530
316751
255360
179912
390950
436011
406056
240857
275223
320962
414090
103956
199594
201154
228098
294974
165998
167540
327891
272219
263218
192302
277926
233298
172773
134410
189726
161466
404714
294286
225551
311508
271243
243116
260922
117412
334574
163955
345237
131543
429996
350368
106960
198735
343479
356108
433474
241396
117286
416568
116665
334293
142664
136733
243543
111527
267130
336313
106158
290706
408310
270845
149728
113649
178435
123448
172629
121345
104396
184269
322936
408043
152454
259290
365712
404612
303177
408228
311938
432008
198468
183006
374122
122780
211610
426964
317161
383065
290597
131347
140695
244042
328392
100996
383811
174209
233741
182170
173021
387388
189999
217080
408851
193825
387866
151817
108966
192750
330169
204634
274706
316965
406316
443904
410230
149560
433624
386936
334841
184623
179528
385318
392269
273464
289142
390013
407229
333974
