406075
325647
405078
136982
332922
231349
293484
249980
365186
168907
157644
363588
254346
109729
202857
209313
418123
126075
358681
112418
375423
426625
119649
278548
359316
102959
437258
329567
158746
397430
148510
308526
252194
409406
356537
125634
265672
104070
195971
264550
320372
229754
362350
407142
397559
412045
383137
115979
361683
104067
161464
366347
131697
401174
394134
238734
105524
176718
132501
159390
286449
141881
443884
138312
232780
137704
302168
306923
385930
436167
353558
222864
301307
259645
306773
229679
419518
190578
251998
131569
305483
402405
450985
306902
417156
238920
291286
213628
404955
347873
104576
262003
324755
399497
223214
182546
191297
101007
283574
311382
240565
112466
410181
371168
253359
196119
441900
274066
320053
231490
177775
357452
251652
451542
215544
390882
225635
331350
404448
287534
425921
272380
319720
353310
440546
332383
202098
106908
317983
339413
406250
122443
160945
236173
262729
199481
140263
341838
406445
309897
262087
186267
202995
108302
352676
289066
316445
223323
324166
234356
313083
242748
230919
375025
204238
444414
229451
194551
421596
388311
121210
329354
346778
346989
126624
149705
143519
211004
201121
251752
194792
198146
192573
169766
130271
100031
324577
205755
342609
267852
439538
371601
174101
310348
234885
269393
433434
173500
158932
366951
417032
212036
302816
271404
308258
286834
237307
146091
204077
100690
452004
293595
398002
344374
318908
166776
208332
197935
299836
168460
142056
205308
132589
158313
418797
107356
418669
377390
172009
151495
240589
169100
226607
338533
388332
192450
328199
249369
115329
400508
137798
427354
405155
119822
284443
130275
446416
311423
137323
444514
402938
199002
107302
112221
238654
179925
427266
187005
291744
420201
425077
450649
424867
118928
141091
406073
127401
421275
377482
152307
259130
255875
301311
204273
198074
418383
163359
436413
314197
376935
336733
450935
290240
281426
356868
433741
277307
367511
425519
300666
259913
259672
401637
437577
398942
305926
383154
104362
297140
195200
395947
163536
417644
294436
318969
127719
381840
371535
309693
199205
453841
248253
133656
351067
204591
303453
385523
370156
443488
110799
289399
345820
123246
145015
262369
205620
449189
237385
284365
131482
416991
308481
325536
439084
359183
284869
181914
232125
327734
264921
348166
167376
104037
308817
277752
216922
360980
146005
346315
382311
393726
444421
216210
342092
374023
388715
397369
332226
180136
392503
293254
384949
235116
157560
378767
376701
287803
142885
401768
112336
174342
275403
313908
271556
267776
406483
131605
261193
335569
326194
402583
352914
117048
410552
384025
420751
148978
446196
158702
168642
380854
186438
195718
110828
441564
231264
267946
324447
213333
435778
239324
258776
353960
416933
294358
341357
410353
175683
164810
363574
452366
219651
189344
113313
178394
452629
303341
415645
274613
369545
210337
331838
154148
415619
165889
267072
311284
399583
408630
375582
400744
338063
131431
287767
232286
414872
454677
423559
171378
320549
189567
271098
319673
239533
100650
266696
218505
392544
251239
453649
360120
201371
302421
147606
309088
136559
225673
382334
178492
298737
331763
213669
102998
301472
148410
415036
142869
385828
313766
130593
256572
345439
341923
187027
325257
432743
185266
229591
146835
278571
346921
320525
309798
162688
179524
256560
252262
170621
360708
359046
318386
157384
416015
370550
188458
231652
435271
438895
105639
114436
432701
169300
319511
406960
257117
155432
430804
194795
138263
407317
220111
302793
409611
253806
224636
362227
371696
343801
334723
107592
243141
330097
127043
198675
309746
392362
443530
232709
316751
255360
179912
390950
447173
436011
240857
275223
320962
414090
103956
199594
228098
217910
165998
270004
327891
272219
263218
184610
192302
277926
425655
233298
172773
134410
189726
161466
404714
294286
375531
225551
311508
271243
117412
334574
163955
120453
117269
429996
350368
158559
198735
343479
110849
356108
433474
241396
117286
116665
334293
136733
243543
111527
267130
336313
106158
290706
166750
156962
270845
113649
229861
281132
305661
172629
121345
184269
322936
228518
396384
408043
341660
152454
265663
365712
404612
303177
354492
198468
183006
374122
122780
211610
426964
383065
290597
131347
140695
100996
383811
202472
174209
233741
182170
173021
387388
189999
217080
408851
387866
151817
108966
192750
330169
204634
274706
316965
406316
443904
410230
149560
386936
334841
184623
300432
385318
392269
273464
140274
390013
333974
