406075
325647
405078
136982
231349
293484
249980
414535
120524
247094
228559
363588
254346
109729
202857
209313
418123
126075
291778
112418
152084
426625
348229
359316
102959
437258
329567
158746
148510
308526
252194
179634
356537
265672
104070
320372
229754
407142
397559
122916
412045
383137
421468
115979
361683
104067
161464
366347
131697
338868
320007
238734
449890
426424
114367
176718
159123
132501
159390
286449
443884
456006
138312
232780
137704
137643
302168
306923
385930
436167
140414
454336
134725
222864
301307
183761
259645
229679
190578
251998
131569
402405
450985
306902
417156
238920
291286
404955
445885
262003
305950
399497
223214
380908
182546
204613
101007
283574
285942
311382
240565
112466
410181
348717
285459
371168
196119
441900
320053
231490
177775
357452
446922
251652
451542
390882
225635
331350
404448
287534
425921
272380
319720
109967
222676
278075
351668
440546
332383
202098
106908
317983
339413
221351
406250
122443
304229
160945
236173
262729
356600
159270
199481
341838
406445
309897
262087
186267
202995
108302
367031
352676
289066
316445
223323
324166
234356
258424
230919
423840
295785
375025
204238
250723
229451
388311
121210
346778
346989
126624
211004
201121
251752
194792
410591
111191
212151
169766
130271
100031
205755
342609
197505
267852
281896
439538
174101
310348
393088
269393
444280
433434
429410
158932
366951
212036
215345
302816
308258
274226
286834
139139
346682
146091
204077
100690
438323
133342
452004
411311
344374
318908
238433
337335
166776
197935
299836
168460
142056
205308
401143
274645
132589
158313
418797
418669
377390
172009
151495
240589
252701
169100
349364
338533
388332
192450
117583
328199
249369
115329
400508
137798
427354
405155
406385
119822
284443
130275
444514
112221
238654
187005
291744
239927
420201
425077
417008
118928
141091
406073
127401
421275
377482
121595
152307
259130
255875
301311
204273
163359
237123
436413
396807
314197
336733
450935
290240
281426
176281
379435
433741
277307
425519
300666
259672
401637
437577
398942
305926
197996
383154
104362
297140
432413
395947
163536
207969
417644
294436
211733
127719
381840
371535
246021
309693
332378
453841
423583
121237
341954
111875
426471
248253
397809
351067
264718
303453
385523
443488
223015
110799
289399
338978
123246
145015
262369
205620
449189
455420
237385
284365
131482
207270
416991
308481
252365
284869
181914
232125
327734
264921
348166
104037
308817
148744
216922
240793
146005
382311
216210
342092
429636
374023
388715
370053
397369
332226
180136
392503
258020
159070
250499
171332
157560
378767
369083
376701
287803
142885
401768
112336
275403
313908
271556
267776
314640
406483
131605
261193
335569
326194
239258
426776
431208
117048
410552
384025
420751
148978
351739
446196
168642
195718
110828
231264
267946
324447
371821
213333
435778
239324
258776
353960
416933
294358
341357
410353
175683
164810
116888
363574
305005
219651
189344
113313
178394
452629
238101
274613
369545
210337
154148
267072
100992
311284
158393
408630
400744
338063
392467
306786
131431
287767
232286
414872
260549
423559
255436
171378
320549
189567
271098
319673
239533
392544
360120
273480
147606
309088
136559
286162
231309
225673
382334
178492
298737
331763
213669
102998
148410
308712
415036
142869
385828
313766
256572
345439
341923
187027
325257
431152
432743
113002
185266
229591
146835
346921
320525
309798
179524
256560
224290
252262
170621
318130
270787
360708
359046
318386
416015
370550
188458
231652
435271
438895
105639
114436
453306
186589
169300
189083
319511
406960
455797
155432
252624
430804
194795
407317
220111
409611
362227
319173
371696
343801
334723
107592
243141
330097
417566
198675
115107
392362
443530
232709
179912
447173
436011
406056
240857
201154
217910
294974
270004
167540
327891
272219
263218
184610
277926
425655
233298
189726
404714
294286
375531
225551
311508
271243
243116
260922
117412
163955
120453
117269
345237
131543
429996
350368
106960
158559
198735
110849
433474
241396
416568
334293
142664
136733
243543
267130
166750
408310
156962
270845
149728
229861
178435
123448
281132
305661
172629
104396
184269
322936
228518
396384
408043
341660
152454
265663
259290
365712
404612
303177
408228
311938
354492
432008
198468
122780
211610
426964
317161
383065
290597
131347
140695
244042
328392
383811
202472
182170
173021
189999
408851
193825
387866
151817
108966
192750
330169
274706
316965
443904
410230
149560
433624
386936
334841
184623
300432
179528
385318
273464
289142
140274
390013
407229
333974
