406075
136982
332922
231349
293484
249980
365186
414535
168907
157644
120524
247094
228559
363588
254346
109729
209313
418123
358681
291778
112418
152084
375423
426625
119649
348229
278548
329567
397430
148510
308526
252194
409406
179634
125634
265672
195971
264550
320372
229754
362350
397559
122916
412045
383137
421468
115979
361683
161464
338868
320007
401174
394134
238734
449890
426424
105524
114367
176718
159123
132501
159390
286449
141881
443884
456006
137704
137643
385930
353558
140414
454336
134725
222864
183761
306773
229679
419518
190578
251998
131569
305483
450985
306902
417156
213628
445885
347873
104576
262003
324755
305950
223214
380908
182546
204613
191297
101007
283574
285942
311382
240565
112466
410181
348717
285459
371168
253359
196119
274066
320053
231490
446922
451542
215544
225635
331350
404448
425921
272380
109967
222676
353310
278075
351668
440546
332383
202098
317983
339413
221351
406250
122443
304229
160945
356600
159270
199481
140263
341838
309897
262087
186267
202995
108302
367031
352676
289066
316445
223323
234356
313083
258424
242748
230919
423840
295785
375025
204238
250723
444414
194551
421596
121210
329354
346778
346989
126624
149705
143519
211004
201121
251752
194792
410591
111191
198146
192573
212151
169766
130271
100031
324577
205755
342609
197505
267852
281896
371601
174101
310348
234885
393088
269393
444280
173500
429410
158932
366951
417032
215345
271404
308258
274226
286834
139139
237307
346682
204077
438323
133342
452004
293595
398002
411311
344374
238433
337335
166776
208332
197935
299836
168460
401143
274645
132589
418797
107356
377390
172009
151495
240589
252701
169100
226607
349364
338533
388332
192450
117583
249369
115329
405155
406385
446416
311423
137323
402938
199002
107302
112221
179925
427266
187005
291744
239927
420201
425077
450649
424867
417008
141091
421275
121595
152307
259130
301311
204273
198074
418383
163359
237123
396807
314197
376935
336733
450935
290240
281426
176281
356868
379435
367511
425519
300666
259913
259672
401637
437577
398942
197996
383154
104362
297140
195200
432413
395947
163536
207969
417644
294436
318969
211733
127719
381840
371535
246021
332378
199205
423583
121237
341954
111875
426471
248253
397809
133656
204591
264718
385523
370156
443488
223015
289399
345820
338978
123246
145015
262369
205620
449189
455420
284365
131482
207270
416991
308481
325536
439084
359183
252365
284869
181914
232125
327734
348166
167376
104037
308817
277752
148744
360980
240793
346315
393726
444421
216210
342092
429636
374023
388715
370053
397369
332226
258020
293254
159070
384949
250499
235116
171332
157560
378767
369083
376701
287803
142885
401768
174342
275403
271556
267776
314640
406483
326194
402583
239258
426776
431208
352914
117048
410552
420751
148978
351739
158702
168642
380854
186438
195718
110828
441564
267946
371821
213333
435778
239324
353960
416933
294358
410353
175683
116888
305005
452366
219651
189344
113313
303341
415645
238101
274613
369545
210337
331838
415619
165889
267072
100992
399583
158393
408630
375582
400744
338063
392467
306786
131431
287767
232286
414872
260549
454677
255436
171378
189567
271098
319673
239533
100650
266696
218505
392544
251239
453649
360120
201371
302421
273480
136559
286162
231309
225673
382334
213669
301472
148410
308712
415036
142869
313766
130593
256572
345439
341923
187027
431152
113002
185266
229591
146835
278571
346921
309798
162688
179524
256560
224290
252262
170621
318130
270787
360708
359046
318386
157384
370550
188458
231652
438895
114436
453306
186589
432701
169300
189083
455797
257117
155432
252624
430804
194795
138263
220111
302793
409611
253806
224636
319173
371696
343801
107592
243141
330097
127043
417566
309746
115107
392362
232709
316751
255360
390950
447173
406056
240857
275223
320962
414090
103956
199594
201154
228098
217910
294974
165998
270004
167540
184610
192302
425655
172773
134410
189726
161466
375531
225551
311508
243116
260922
334574
120453
117269
345237
131543
350368
106960
158559
343479
110849
356108
117286
416568
116665
334293
142664
111527
336313
106158
290706
166750
408310
156962
149728
113649
229861
178435
123448
281132
305661
121345
104396
228518
396384
341660
265663
259290
365712
404612
408228
311938
354492
432008
198468
183006
374122
122780
211610
426964
317161
383065
290597
244042
328392
100996
383811
202472
174209
233741
387388
189999
217080
408851
193825
387866
204634
316965
406316
410230
149560
433624
300432
179528
385318
392269
273464
289142
140274
407229
333974
