325647
405078
136982
332922
231349
293484
249980
365186
414535
168907
157644
120524
247094
228559
363588
202857
209313
126075
358681
291778
152084
375423
119649
348229
278548
359316
102959
437258
158746
397430
148510
409406
179634
356537
125634
265672
104070
195971
264550
229754
362350
407142
397559
122916
383137
421468
104067
366347
131697
338868
320007
401174
394134
238734
449890
426424
105524
114367
159123
159390
286449
141881
456006
138312
232780
137643
302168
306923
436167
353558
140414
454336
134725
222864
301307
183761
259645
306773
229679
419518
251998
131569
305483
402405
450985
306902
417156
238920
291286
213628
404955
445885
347873
104576
324755
305950
399497
223214
380908
182546
204613
191297
283574
285942
240565
348717
285459
253359
196119
441900
274066
320053
231490
177775
357452
446922
251652
451542
215544
390882
225635
331350
404448
287534
272380
319720
109967
222676
353310
278075
351668
440546
332383
202098
106908
317983
339413
221351
304229
236173
262729
356600
159270
199481
140263
406445
309897
202995
367031
324166
234356
313083
258424
242748
230919
423840
295785
375025
250723
444414
229451
194551
421596
388311
121210
329354
346778
149705
143519
194792
410591
111191
198146
192573
212151
169766
130271
100031
324577
205755
197505
281896
439538
371601
234885
393088
269393
444280
433434
173500
429410
417032
212036
215345
302816
271404
308258
274226
286834
139139
237307
346682
146091
100690
438323
133342
452004
293595
398002
411311
318908
238433
337335
208332
299836
142056
205308
401143
274645
158313
418797
107356
418669
151495
240589
252701
169100
226607
349364
117583
328199
249369
115329
400508
137798
427354
405155
406385
119822
284443
130275
446416
311423
137323
444514
402938
199002
107302
238654
179925
427266
187005
291744
239927
425077
450649
424867
417008
118928
406073
127401
421275
377482
121595
255875
204273
198074
418383
163359
237123
436413
396807
314197
376935
336733
290240
176281
356868
379435
433741
277307
367511
300666
259913
437577
305926
197996
383154
297140
195200
432413
395947
207969
417644
294436
318969
211733
127719
381840
246021
309693
332378
199205
453841
423583
121237
341954
111875
426471
397809
133656
351067
204591
264718
303453
370156
223015
110799
289399
345820
338978
123246
145015
262369
449189
455420
237385
284365
207270
416991
325536
439084
359183
252365
284869
232125
327734
264921
348166
167376
104037
277752
148744
216922
360980
240793
146005
346315
382311
393726
444421
429636
374023
388715
370053
180136
392503
258020
293254
159070
384949
250499
235116
171332
369083
376701
142885
401768
112336
174342
313908
267776
314640
131605
261193
335569
326194
402583
239258
426776
431208
352914
410552
384025
420751
148978
351739
446196
158702
168642
380854
186438
110828
441564
231264
324447
371821
213333
435778
239324
258776
353960
341357
410353
175683
164810
116888
363574
305005
452366
113313
178394
452629
303341
415645
238101
331838
154148
415619
165889
267072
100992
311284
399583
158393
375582
392467
306786
131431
232286
260549
454677
423559
255436
320549
189567
271098
319673
239533
100650
266696
218505
392544
251239
453649
201371
302421
273480
147606
309088
286162
231309
178492
298737
331763
213669
102998
301472
148410
308712
415036
142869
385828
130593
187027
325257
431152
432743
113002
278571
346921
320525
309798
162688
224290
170621
318130
270787
318386
157384
416015
370550
188458
231652
435271
105639
453306
186589
432701
189083
319511
406960
455797
257117
252624
194795
138263
407317
302793
409611
253806
224636
362227
319173
343801
334723
107592
127043
417566
198675
309746
115107
443530
232709
316751
255360
179912
390950
447173
436011
406056
275223
320962
414090
103956
199594
201154
228098
217910
294974
165998
270004
167540
327891
272219
263218
184610
192302
277926
425655
233298
172773
134410
161466
404714
294286
375531
271243
243116
260922
117412
334574
163955
120453
117269
345237
131543
429996
106960
158559
198735
343479
110849
356108
433474
241396
117286
416568
116665
142664
136733
243543
111527
267130
336313
106158
290706
166750
408310
156962
270845
149728
113649
229861
178435
123448
281132
305661
172629
121345
104396
184269
322936
228518
396384
408043
341660
152454
265663
259290
303177
408228
311938
354492
432008
183006
374122
317161
131347
140695
244042
328392
100996
202472
174209
233741
182170
173021
387388
217080
193825
151817
108966
192750
330169
204634
274706
406316
443904
433624
386936
334841
184623
300432
179528
392269
289142
140274
390013
407229
