166065
437870
203953
246571
290878
232713
129494
366090
173979
398792
291919
208894
287149
297880
357833
212653
196104
298734
382159
167403
166987
436316
312905
285189
159961
293823
231077
453978
148096
112281
437171
377446
171841
250006
370058
401785
160624
237028
106580
128056
165719
442955
226940
307915
185435
267558
370931
406901
114511
335530
187450
397882
100825
174958
224168
102150
421283
279935
192997
157356
434301
411241
140822
357581
216252
390566
234281
413611
448307
131131
170994
315457
101265
206699
172068
235036
110308
208415
295809
345671
403195
438773
228631
283448
307666
416528
218838
241242
329208
324676
244088
354202
377413
208152
261794
404341
285660
349884
291803
249163
445430
279034
416916
231288
334920
246441
315250
385742
370246
237241
169839
163421
439035
340125
277942
147877
278163
224018
329680
211494
255836
221364
356062
259222
298241
325351
273936
331814
408078
388811
198904
198203
351287
133134
330653
371149
226141
390375
375175
182319
116506
409527
326902
147121
310080
136218
376276
364962
152500
295683
210202
155545
151524
293777
426274
436611
203439
213764
453771
293666
167893
103549
118467
391189
410255
242685
325847
374321
205065
427422
103161
194988
129870
236363
423539
249429
453009
405164
233902
408314
412297
264933
223287
398364
248793
218045
267484
251451
369213
261210
371586
223766
388519
443830
151045
257645
301621
313352
218283
291212
376135
144257
344112
174883
424488
229599
288428
402049
380929
199103
130135
291378
413543
258480
214212
301373
434944
154031
318215
385398
386229
156114
438553
447476
357199
254155
283086
144747
113015
412222
271823
427855
424753
236472
363088
168973
390164
423341
202614
449968
221231
125781
132687
429832
255308
452593
369739
386621
351384
164279
175837
313995
224704
183126
250926
333674
263920
417712
346740
136651
359894
136962
290357
402647
251741
414563
333441
303489
193227
193320
372711
213496
385440
113990
260810
119271
282115
421373
178595
434190
454967
311017
153713
116375
308704
134931
152423
433992
266886
380355
288238
432386
436664
192906
400053
225113
163573
219651
413998
429934
411866
347080
256659
317800
210881
320957
216292
399301
105994
178872
302142
265698
102285
128497
304302
326333
110936
186987
184490
195825
212043
402838
412766
452801
170879
179709
367047
400022
198223
251160
297969
260476
144861
233375
114488
300594
367679
147327
271375
254147
207523
143987
401211
384413
172613
259114
180997
143301
358361
370524
213350
138149
252442
262273
364073
105466
251648
199056
212644
292957
291619
156774
245390
209904
347090
194840
194232
294614
435436
406684
223602
108560
410215
226842
173786
265113
344695
373813
367480
365804
251547
149618
278134
104844
321780
392271
370976
168414
127816
324882
332926
221521
320450
376574
449315
280961
142846
127692
205163
119613
224418
422358
136944
426200
360551
328840
322912
268999
249189
129702
419262
143121
206220
437987
237123
242894
358453
204703
116240
412159
244637
454151
175016
233069
227104
168005
375368
172625
258865
213832
273628
128850
165699
121718
263485
292578
293335
454558
314191
397328
292744
214300
129694
267952
325265
355590
438149
257795
367085
106518
295128
298582
253722
312018
366233
440794
125595
159416
159316
429957
245927
408159
293347
217704
436188
268262
206869
298561
300821
333479
114145
118121
448709
246395
405071
324223
147135
381856
119364
432164
113021
134169
308620
184852
412496
170319
371581
195760
393620
391058
391660
329022
145782
357828
279857
102925
280659
390169
155537
393066
106600
307624
327131
319294
278553
112305
446937
319894
189175
234093
298626
119374
339675
191886
390632
344491
352798
449732
305548
388108
159410
289396
401578
186177
280799
306020
293797
100636
428079
156461
400354
252266
313846
335707
211068
343248
343660
231836
332919
137494
101088
132930
125035
309248
421327
157671
439789
349726
104763
113244
307989
358368
382638
138230
156772
309048
127963
454668
444078
421892
115346
374876
300865
363296
354195
157384
319764
396294
235770
136716
358339
364727
324285
263010
455579
151885
391964
280829
173061
431620
195248
194557
259643
240225
284995
398018
123428
368978
381558
291687
299451
170995
351733
256172
399610
397199
142391
291779
401072
178276
226035
367150
229302
298976
227625
200051
151733
228955
151893
221138
424859
224867
221745
268052
354604
215394
104561
279465
298597
264261
444266
212046
195964
216328
266685
218252
290679
291746
100403
440672
239837
276706
316962
319249
100927
130069
203851
316497
203336
282268
417932
311246
398558
216871
140998
171898
451944
239923
359165
220438
311171
437568
287251
447768
366374
418802
119212
302451
273913
239178
355234
394966
356935
278921
345124
300389
432300
269857
315182
380387
267591
305170
147598
433178
103547
368176
401862
248500
356018
341690
161133
207142
212137
373933
284922
214632
368573
172603
200547
204658
387727
372426
410920
408190
140843
437889
157031
369352
115544
130948
348661
115628
373601
158550
295247
227205
248186
282935
396390
315729
288114
369975
278746
359976
206992
125677
212482
280530
240556
121179
428855
172379
424040
419399
163678
259732
156226
273034
172658
401446
200667
180082
351767
368838
326361
225232
437406
146276
147589
228804
134530
455773
321096
365451
149814
372253
453053
223234
314526
381326
436236
352754
118333
180176
365407
246181
414676
387160
133903
333808
165717
329676
229197
302025
430245
115497
366256
346643
281887
195636
379615
442534
423484
277535
221110
196027
126100
122269
121534
298681
327385
237339
128252
292328
419436
272196
403304
249848
118820
441317
261802
104562
428400
117986
432209
392723
210665
123525
336254
264373
410349
313953
312319
389820
205248
332577
259430
127837
103300
164325
159130
106657
378486
133157
355227
312616
170380
130759
160575
284969
413231
397578
335651
178147
134694
214278
398305
263375
165945
412513
142630
132711
142742
242759
303304
370690
280521
144487
300509
293298
412359
191096
248312
121709
176161
306612
357452
243725
281335
318207
438342
225476
439440
228113
213525
432428
212160
244929
384345
122422
418846
292709
339158
418202
332788
105959
139918
393402
172375
204263
307591
430972
406338
178893
336091
240455
393483
191334
325560
421737
359084
121260
133488
175294
399517
382558
336800
423275
138205
331720
394350
265417
230785
174808
116278
379972
244642
339798
174704
252498
449550
267825
331092
407063
354342
285377
126049
449452
336036
266282
118376
111871
168603
121683
192549
366584
123498
231670
307173
231991
421740
371563
165702
259792
109665
367453
423359
258700
149518
112610
288729
173114
218041
227002
341352
189369
179259
209086
386128
279241
252024
385979
227937
221953
320681
233004
446824
186614
349961
385229
122100
178953
337111
448879
296046
349390
282596
159290
289626
154699
257573
116809
156510
169910
366217
183448
329112
324637
101167
261558
211855
122309
124993
422593
346919
450484
141212
132566
174204
410658
396520
373425
341171
121359
337409
167825
186546
101273
365881
305169
445857
394219
311080
399584
289457
407890
390836
374498
106707
334928
