166065
437870
354391
203953
246571
144485
129494
256555
366090
173979
398792
291919
208894
287149
297880
357833
212653
196104
382159
166987
436316
312905
302489
285189
375607
287268
180162
150639
159961
406661
372703
231077
453978
148096
297428
112281
437171
171841
370058
348835
160624
237028
128056
165719
442955
226940
185435
267558
175632
146168
370931
406901
114511
187450
397882
100825
101417
148950
174958
224168
260372
192997
157356
411241
140822
357581
390566
367870
427962
234281
448307
139203
315457
219166
438248
206699
172068
110308
208415
295809
345671
198470
403195
438773
205794
307666
416528
381317
218838
239250
324676
244088
392913
148653
208152
261794
404341
349884
291803
249163
368915
445430
357521
279034
416916
231288
385742
370246
237241
169839
163421
439035
340125
277942
147877
278163
329680
184078
211494
255836
332760
221364
356062
259222
273936
320951
331814
408078
388811
198904
198203
133134
330653
104536
371149
375175
182319
116506
409527
326902
136218
445259
240982
353558
155545
151524
357488
293777
405837
203439
136837
213764
209734
393639
453771
242634
293666
167893
103549
118467
391189
410255
242685
325847
437293
103161
433710
194988
129870
236363
423539
240016
249429
453009
405164
233902
408314
412297
157492
264933
223287
337486
398364
248793
218045
125277
267484
251451
369213
130411
230714
288052
261210
223766
443830
151045
257645
301621
283638
218283
303426
191585
291212
376135
314372
252421
154546
260262
144257
344112
373958
174883
107746
245321
424488
257188
229599
288428
402049
380929
199103
130135
291378
258480
214212
301373
434944
386229
267646
353517
156114
329279
438553
357199
254155
283086
190298
144747
113015
412222
271823
427855
424753
236472
168973
390164
423341
202614
449968
125781
132687
429832
255308
452593
382387
369739
271677
386621
351384
164279
313995
253191
224704
250926
333674
263920
417712
359393
103665
136651
212559
136962
290357
410806
402647
251741
414563
333441
122993
361903
303489
193227
312757
193320
372711
213496
208582
385440
113990
239459
119271
357076
421373
306920
434190
311017
153713
116375
308704
134931
152423
433992
209416
380355
288238
194829
364941
432386
433534
192906
400053
361765
131814
318401
163573
219651
413998
411866
317800
210881
320957
241427
216292
399301
302142
265698
128497
304302
326333
121430
110936
186987
184490
195825
300718
212043
423265
402838
412766
452801
170879
179709
367047
111564
400022
198223
297969
325937
120450
171448
114488
291979
319391
300594
367679
147327
271375
254147
143987
401211
372170
172613
259114
180997
177951
314693
143301
358361
370524
213350
138149
252442
262273
105466
251648
426074
110515
373935
199056
212644
292957
291619
324793
156774
209904
239133
163515
194232
145183
406684
223602
108560
410215
453594
173786
265113
305959
373813
367480
365804
251547
149618
278134
445882
104844
321780
392271
370976
168414
127816
324882
366175
332926
221521
320450
376574
449315
142846
205163
119613
224418
422358
426200
333614
360551
322912
285590
211090
268999
168215
453957
249189
129702
409925
419262
206220
437987
386645
237123
242894
358453
204703
200764
412159
244637
454151
227104
172625
213832
273628
128850
165699
153545
121718
263485
292578
403168
293335
314191
397328
292744
129694
267952
325265
355590
438149
367085
398462
308508
106518
338798
254061
295128
253722
357122
366233
440794
159416
340100
159316
245927
408159
436188
268262
324108
261567
206869
298561
300821
333479
270002
226529
419912
448709
374610
246395
207904
405071
147135
381856
119364
113021
134169
308620
184852
412496
195760
393620
391058
283398
338982
391660
141576
357828
180781
353234
419978
279857
309140
280659
390169
155537
362278
250725
393066
106600
307624
414283
278553
112305
446937
319894
212202
234093
298626
119374
112617
339675
191886
107591
303795
390632
344491
114594
352798
449732
305548
388108
384525
159410
289396
266863
401578
280799
306020
135358
293797
100636
428079
156461
313846
335707
150395
211068
343660
231836
171352
332919
137494
101088
132930
309248
421327
157671
349726
104763
113244
307989
358368
237919
382638
138230
156772
309048
127963
454668
421892
115346
374876
354195
157384
319764
396294
136716
358339
364727
324285
455579
151885
205341
377575
380845
423282
173061
431620
351859
195248
194557
345805
244919
111770
284995
398018
368978
381558
291687
233602
170995
325688
351733
256172
399610
397199
142391
291779
401072
317194
178276
226035
367150
229302
298976
200051
372534
228955
200361
221138
424859
288089
354604
279465
444266
195964
266685
218252
290679
291746
100403
235247
297508
442996
315449
440672
239837
276706
316962
319249
100927
277334
130069
203851
282268
417932
311246
398558
216871
451944
359165
286004
220438
311171
125685
437568
287251
418802
119212
302451
273913
239178
355234
394966
356935
278921
300389
432300
135793
269857
315182
230110
267591
305170
385755
433178
103547
368176
199261
401862
167524
248500
356018
341690
161133
207142
209550
284922
368573
172603
176944
200547
204658
387727
372426
108387
410920
301035
145340
408190
140843
115544
130948
348661
115628
158550
295247
389577
227205
248186
282935
396390
315729
288114
369975
278746
307825
359976
206992
125677
280530
121179
101567
172379
424040
419399
163678
347693
190466
156226
273034
401446
200667
180082
351767
326361
225232
262153
414823
371845
147589
455800
438395
358060
149814
453053
314526
381326
436236
296665
352754
118333
180176
365407
246181
387160
333808
165717
329676
229197
302025
430245
115497
366256
281887
195636
442534
277535
122269
121534
298681
327385
128252
292328
419436
272196
403304
249848
134173
368000
441317
261802
104562
117986
432209
392723
210665
123525
264373
410349
313953
312319
302677
162345
205248
332577
403380
127837
103300
164325
117231
106657
378486
133157
170380
403499
160575
311293
284969
295617
454387
413231
397578
295643
335651
178147
134694
389853
398305
108628
237238
263375
165945
412513
142630
142742
242759
311741
130063
280521
300509
293298
412359
191096
248312
393825
176161
306612
370261
243725
281335
318207
438342
277649
287940
213637
439440
228113
213525
432428
212160
244929
122422
418846
292709
418202
105959
172375
204263
307591
430972
406338
145370
178893
336091
393483
191334
325560
359084
121260
133488
175294
382558
336800
328612
277241
423275
331720
265417
141939
174808
264657
116278
379972
244642
339798
174704
252498
449550
351661
267825
331092
407063
336036
129469
269707
266282
123443
111871
121683
192549
366584
124534
123498
231670
307173
231991
165702
346348
367453
423359
258700
149518
112610
430779
227002
341352
189369
209086
279241
252024
385979
227937
233004
356989
375563
446824
349961
122100
178953
253577
448879
296046
282596
159290
289626
154699
257573
116809
154765
383270
169910
183448
261558
211855
122309
422593
346919
409675
450484
372980
141212
421164
114275
132566
174204
410658
373425
341171
394888
121359
115319
430822
194978
136892
337409
167825
101273
365881
380829
305169
394219
311080
398464
399584
350877
289457
407890
390836
251560
374498
106707
334928
