166065
437870
354391
290878
144485
232713
129494
256555
208894
287149
297880
357833
212653
196104
298734
382159
167403
166987
312905
302489
285189
375607
287268
180162
150639
159961
406661
293823
372703
453978
297428
112281
437171
377446
250006
348835
401785
160624
106580
165719
442955
226940
307915
267558
175632
146168
370931
406901
114511
335530
187450
397882
100825
101417
148950
224168
102150
421283
260372
279935
192997
434301
411241
140822
357581
216252
367870
427962
234281
413611
448307
131131
139203
170994
315457
101265
219166
438248
206699
235036
295809
198470
403195
438773
228631
283448
205794
416528
381317
241242
239250
329208
324676
244088
392913
354202
148653
377413
261794
404341
285660
349884
291803
368915
357521
279034
334920
246441
315250
385742
370246
277942
147877
278163
224018
184078
255836
332760
356062
298241
325351
273936
320951
331814
408078
388811
198904
198203
351287
133134
330653
104536
371149
226141
390375
375175
116506
409527
326902
147121
310080
136218
445259
376276
364962
152500
240982
353558
295683
210202
151524
357488
293777
426274
436611
405837
203439
136837
213764
209734
393639
242634
167893
118467
391189
410255
242685
325847
374321
437293
205065
427422
433710
194988
423539
240016
249429
453009
408314
412297
157492
264933
223287
337486
398364
248793
218045
125277
267484
251451
369213
130411
230714
288052
261210
371586
223766
388519
151045
283638
313352
218283
303426
191585
376135
314372
252421
154546
260262
144257
344112
373958
174883
107746
245321
424488
257188
288428
402049
380929
199103
291378
413543
258480
434944
154031
318215
385398
386229
267646
353517
156114
329279
438553
447476
254155
283086
190298
113015
412222
424753
236472
363088
168973
390164
423341
202614
449968
221231
125781
429832
255308
452593
382387
271677
175837
313995
253191
183126
250926
333674
263920
417712
359393
103665
346740
136651
212559
359894
136962
290357
410806
402647
251741
414563
333441
122993
361903
303489
193227
312757
213496
208582
385440
113990
239459
260810
119271
357076
282115
421373
306920
178595
434190
454967
311017
152423
433992
266886
209416
380355
194829
364941
432386
436664
433534
192906
400053
361765
131814
318401
225113
163573
219651
413998
429934
411866
347080
256659
317800
320957
241427
216292
399301
105994
178872
265698
102285
128497
121430
110936
186987
300718
212043
423265
402838
179709
367047
111564
400022
251160
297969
260476
144861
325937
233375
120450
171448
114488
291979
319391
300594
367679
254147
207523
401211
384413
372170
172613
259114
180997
177951
314693
143301
358361
370524
213350
252442
262273
364073
426074
110515
373935
212644
292957
291619
324793
156774
245390
209904
239133
347090
194840
163515
194232
294614
145183
435436
406684
223602
410215
226842
453594
173786
265113
305959
344695
373813
365804
149618
278134
445882
104844
321780
392271
168414
127816
324882
366175
332926
320450
280961
142846
127692
205163
119613
224418
422358
136944
426200
333614
328840
322912
285590
211090
168215
453957
249189
409925
143121
437987
386645
242894
358453
204703
200764
116240
412159
454151
175016
233069
227104
168005
375368
172625
258865
213832
273628
128850
165699
153545
121718
292578
403168
293335
454558
314191
397328
292744
214300
129694
267952
355590
257795
367085
398462
308508
338798
254061
295128
298582
253722
357122
312018
366233
440794
125595
159416
340100
159316
429957
245927
293347
217704
436188
324108
261567
206869
298561
300821
333479
270002
114145
226529
118121
419912
374610
246395
207904
405071
324223
147135
432164
113021
134169
308620
412496
170319
371581
393620
283398
338982
391660
329022
141576
145782
357828
180781
353234
419978
279857
102925
309140
390169
155537
362278
250725
393066
106600
307624
327131
414283
319294
278553
446937
319894
189175
212202
234093
298626
119374
112617
339675
107591
303795
344491
114594
449732
388108
384525
159410
289396
266863
401578
186177
280799
306020
135358
293797
100636
428079
156461
400354
252266
313846
150395
343248
343660
171352
332919
101088
125035
309248
421327
157671
439789
349726
104763
113244
237919
138230
309048
127963
454668
444078
115346
374876
300865
363296
354195
157384
319764
396294
235770
136716
364727
263010
455579
205341
391964
377575
280829
380845
423282
351859
194557
259643
240225
345805
244919
111770
398018
123428
368978
381558
291687
299451
233602
170995
325688
256172
291779
317194
178276
226035
298976
227625
200051
151733
372534
228955
200361
151893
424859
224867
221745
288089
268052
354604
215394
104561
279465
298597
264261
444266
212046
195964
216328
266685
290679
291746
100403
235247
297508
442996
315449
276706
319249
100927
277334
316497
203336
282268
417932
311246
398558
216871
140998
171898
451944
239923
359165
286004
220438
125685
437568
287251
447768
366374
302451
239178
355234
345124
300389
432300
135793
230110
380387
267591
305170
385755
147598
433178
103547
368176
199261
401862
167524
248500
207142
209550
212137
373933
214632
172603
176944
200547
204658
108387
410920
301035
145340
437889
157031
369352
115544
373601
158550
295247
389577
248186
396390
315729
288114
369975
307825
206992
125677
212482
240556
121179
101567
428855
172379
424040
419399
163678
347693
259732
190466
156226
273034
172658
351767
368838
326361
437406
262153
414823
371845
146276
147589
455800
228804
134530
438395
455773
358060
321096
365451
149814
372253
453053
223234
314526
381326
436236
296665
352754
118333
180176
246181
414676
387160
133903
333808
329676
229197
302025
430245
115497
346643
281887
379615
423484
277535
221110
196027
126100
121534
298681
237339
128252
403304
249848
134173
368000
118820
441317
261802
104562
428400
117986
432209
392723
210665
123525
336254
264373
410349
313953
389820
302677
162345
259430
403380
127837
103300
164325
159130
117231
133157
355227
312616
170380
403499
130759
311293
284969
295617
454387
413231
397578
295643
134694
214278
389853
108628
237238
263375
165945
412513
132711
303304
370690
311741
130063
144487
300509
412359
191096
121709
393825
357452
370261
243725
281335
318207
438342
277649
225476
287940
213637
439440
228113
213525
212160
384345
122422
418846
292709
339158
418202
332788
139918
393402
204263
307591
406338
145370
336091
240455
325560
421737
359084
121260
133488
399517
382558
336800
328612
277241
423275
138205
331720
394350
141939
230785
264657
339798
174704
252498
351661
267825
331092
354342
285377
126049
449452
336036
129469
269707
118376
123443
111871
168603
366584
124534
123498
231670
307173
421740
371563
165702
259792
109665
346348
258700
149518
112610
288729
173114
218041
430779
341352
179259
209086
386128
279241
252024
385979
227937
221953
320681
233004
356989
375563
446824
186614
349961
385229
253577
337111
448879
349390
282596
159290
154699
257573
116809
156510
154765
383270
169910
366217
183448
329112
324637
101167
261558
211855
122309
124993
409675
372980
421164
114275
174204
410658
396520
373425
394888
121359
115319
430822
194978
136892
167825
186546
365881
380829
445857
394219
398464
350877
407890
251560
374498
106707
334928
