166065
354391
203953
246571
290878
144485
232713
256555
366090
173979
398792
291919
287149
212653
298734
167403
436316
302489
375607
287268
180162
150639
406661
293823
372703
231077
148096
297428
437171
377446
171841
250006
370058
348835
401785
160624
237028
106580
128056
226940
307915
185435
175632
146168
370931
406901
335530
187450
397882
101417
148950
174958
102150
421283
260372
279935
192997
157356
434301
411241
357581
216252
390566
367870
427962
234281
413611
131131
139203
170994
315457
101265
219166
438248
206699
172068
235036
110308
208415
295809
345671
198470
403195
228631
283448
205794
307666
381317
218838
241242
239250
329208
324676
392913
354202
148653
377413
208152
261794
404341
285660
249163
368915
445430
357521
279034
416916
231288
334920
246441
315250
385742
370246
237241
169839
163421
439035
340125
277942
224018
329680
184078
211494
332760
221364
259222
298241
325351
273936
320951
198904
198203
351287
133134
104536
371149
226141
390375
182319
116506
147121
310080
445259
376276
364962
152500
240982
353558
295683
210202
155545
151524
357488
293777
426274
436611
405837
136837
213764
209734
393639
453771
242634
293666
167893
103549
391189
242685
374321
437293
205065
427422
103161
433710
129870
236363
423539
240016
453009
405164
233902
157492
223287
337486
125277
369213
130411
230714
288052
261210
371586
223766
388519
443830
257645
301621
283638
313352
218283
303426
191585
291212
314372
252421
154546
260262
344112
373958
174883
107746
245321
424488
257188
229599
288428
199103
130135
413543
214212
301373
434944
154031
318215
385398
386229
267646
353517
156114
329279
438553
447476
357199
254155
190298
144747
113015
412222
271823
427855
424753
236472
363088
168973
449968
221231
132687
429832
382387
369739
271677
386621
351384
164279
175837
253191
224704
183126
250926
333674
263920
359393
103665
346740
136651
212559
359894
136962
290357
410806
402647
414563
122993
361903
312757
193320
372711
213496
208582
385440
239459
260810
119271
357076
282115
421373
306920
178595
434190
454967
311017
153713
116375
308704
134931
152423
266886
209416
288238
194829
364941
432386
436664
433534
192906
400053
361765
131814
318401
225113
163573
219651
413998
429934
411866
347080
256659
210881
320957
241427
216292
399301
105994
178872
302142
102285
304302
326333
121430
184490
195825
300718
423265
402838
412766
452801
170879
179709
367047
111564
198223
251160
260476
144861
325937
233375
120450
171448
291979
319391
300594
147327
271375
254147
207523
143987
401211
384413
372170
172613
177951
314693
143301
138149
252442
364073
105466
251648
426074
110515
373935
199056
292957
291619
324793
156774
245390
239133
347090
194840
163515
294614
145183
435436
406684
108560
410215
226842
453594
305959
344695
367480
365804
251547
149618
445882
104844
392271
370976
168414
324882
366175
221521
376574
449315
280961
127692
205163
136944
333614
360551
328840
285590
211090
268999
168215
453957
249189
129702
409925
419262
143121
206220
386645
237123
358453
200764
116240
244637
454151
175016
233069
168005
375368
258865
213832
273628
153545
121718
263485
403168
293335
454558
314191
397328
214300
267952
325265
355590
438149
257795
398462
308508
106518
338798
254061
295128
298582
357122
312018
366233
440794
125595
340100
429957
245927
408159
293347
217704
268262
324108
261567
206869
298561
300821
270002
114145
226529
118121
419912
448709
374610
246395
207904
405071
324223
381856
119364
432164
134169
308620
184852
170319
371581
195760
391058
283398
338982
391660
329022
141576
145782
180781
353234
419978
102925
309140
280659
390169
362278
250725
393066
106600
307624
327131
414283
319294
278553
112305
446937
319894
189175
212202
234093
298626
112617
191886
107591
303795
390632
114594
352798
305548
384525
266863
186177
280799
306020
135358
293797
400354
252266
335707
150395
211068
343248
343660
231836
171352
332919
137494
101088
132930
125035
439789
349726
104763
113244
307989
358368
237919
382638
156772
127963
444078
421892
374876
300865
363296
319764
235770
136716
358339
324285
263010
455579
151885
205341
391964
377575
280829
380845
423282
173061
431620
351859
195248
194557
259643
240225
345805
244919
111770
284995
123428
381558
299451
233602
325688
351733
399610
397199
142391
401072
317194
178276
226035
367150
229302
227625
200051
151733
372534
228955
200361
151893
221138
424859
224867
221745
288089
268052
354604
215394
104561
279465
298597
264261
212046
195964
216328
218252
290679
235247
297508
442996
315449
440672
239837
276706
316962
319249
100927
277334
130069
203851
316497
203336
311246
398558
140998
171898
239923
286004
311171
125685
447768
366374
418802
119212
273913
239178
394966
356935
278921
345124
300389
135793
269857
315182
230110
380387
385755
147598
368176
199261
167524
356018
341690
161133
209550
212137
373933
284922
214632
368573
176944
200547
387727
372426
108387
410920
301035
145340
408190
140843
437889
157031
369352
130948
348661
115628
373601
158550
295247
389577
227205
248186
282935
396390
278746
307825
359976
206992
125677
212482
280530
240556
121179
101567
428855
172379
347693
259732
190466
172658
401446
200667
180082
351767
368838
326361
225232
437406
262153
414823
371845
146276
147589
455800
228804
134530
438395
455773
358060
321096
365451
372253
453053
223234
436236
296665
365407
414676
133903
333808
165717
329676
229197
430245
115497
366256
346643
281887
195636
379615
442534
423484
221110
196027
126100
122269
298681
327385
237339
292328
419436
272196
249848
134173
368000
118820
261802
428400
432209
392723
210665
123525
336254
264373
312319
389820
302677
162345
205248
332577
259430
403380
127837
164325
159130
117231
106657
378486
133157
355227
312616
403499
130759
160575
311293
284969
295617
454387
413231
295643
335651
178147
214278
389853
398305
108628
237238
263375
412513
142630
132711
142742
242759
303304
370690
311741
130063
280521
144487
300509
293298
412359
248312
121709
393825
176161
306612
357452
370261
243725
318207
277649
225476
287940
213637
228113
432428
212160
244929
384345
292709
339158
418202
332788
105959
139918
393402
172375
307591
430972
406338
145370
178893
336091
240455
393483
191334
325560
421737
121260
133488
175294
399517
336800
328612
277241
423275
138205
394350
265417
141939
230785
174808
264657
116278
379972
244642
339798
174704
252498
449550
351661
267825
407063
354342
285377
126049
449452
336036
129469
269707
266282
118376
123443
168603
121683
192549
366584
124534
123498
231670
307173
231991
421740
371563
165702
259792
109665
346348
367453
423359
149518
288729
173114
218041
430779
227002
341352
189369
179259
386128
221953
320681
356989
375563
186614
349961
385229
122100
178953
253577
337111
296046
349390
289626
154699
257573
116809
156510
154765
383270
169910
366217
183448
329112
324637
101167
261558
211855
122309
124993
422593
346919
409675
450484
372980
141212
421164
114275
132566
174204
410658
396520
373425
341171
394888
115319
430822
194978
136892
337409
167825
186546
101273
380829
305169
445857
311080
398464
399584
350877
289457
390836
251560
334928
