148977
167894
188236
199512
351816
143222
439148
352950
359446
327038
356979
148924
187593
169399
377770
381568
115826
139459
367471
151616
168750
304878
150911
363130
386370
330152
422756
425669
360477
344166
379109
454833
257841
179707
381811
256420
380482
405657
339907
149634
418573
118473
244232
326303
243816
263310
226801
130520
295646
121493
414967
315854
349504
332685
167496
414954
437697
278085
222647
124613
324637
266309
345651
375172
246779
430750
408362
305155
127649
265731
283727
180651
137265
276592
122276
404444
295011
381610
245969
303931
309067
335492
198986
447126
134314
334705
207124
383278
200316
442031
238168
147676
331270
364798
324890
389244
138357
343787
448588
181942
306296
378763
334956
258482
425562
338525
147046
193563
291716
272108
396634
120201
274436
377288
417846
198235
297858
434657
313308
245498
269427
430259
268881
114110
117476
400191
435407
184958
391660
189870
368231
321689
324272
108376
440738
137831
341145
311390
104876
257627
114971
174031
233530
223820
425527
250674
151405
442906
353315
178645
175793
323855
164999
374415
116450
249659
225184
148766
399471
350382
429834
263488
224836
121653
454995
349863
438018
419427
427185
260250
209932
173521
346578
404436
280817
281434
163343
286977
263537
131383
104615
431920
177298
404448
253476
275833
310267
419809
290097
298672
197842
135473
193005
377497
272612
320095
157380
440094
370018
165167
181595
408557
220278
358864
347108
155284
270278
164909
205948
368087
327972
329491
194502
281894
360989
224470
108847
110391
321397
212967
251492
170571
385300
178220
160333
230432
121979
211207
203639
277450
317102
439224
183320
244320
333062
355691
392651
176086
280773
444742
204217
265338
209790
334553
300774
340136
364831
302796
110182
131939
117063
249759
410097
247842
331766
389360
358674
216291
226317
246404
196171
365906
338502
109612
285220
420062
126957
122071
329006
329600
229697
414468
281624
101189
455895
300688
133153
201717
209724
280385
303394
404849
414908
366311
350228
334741
173377
386322
146825
276534
163471
231512
157400
394354
293727
141939
410114
372411
349018
192683
376949
316161
339332
166259
112022
114947
429130
194828
440185
230790
259376
375815
124549
418143
285768
448022
282623
261604
185777
215255
442139
264599
386436
379232
286932
241675
374583
161383
186735
357668
137535
156415
422377
334740
122502
306904
123915
162888
380798
145910
442376
428827
433317
327667
137272
449175
264598
220469
406102
157672
114194
434242
139124
128834
378731
207755
260275
261286
326415
426170
355530
132404
321829
117163
293882
157000
203105
275987
121457
147385
331618
200221
109827
345660
244579
186125
285191
232818
184673
179439
233084
445709
226406
252455
119910
272724
291602
351180
362608
275996
256092
430915
395058
237421
426142
300397
195202
231142
115329
288153
201045
451821
320277
224663
437194
336540
119478
221045
220122
193069
442421
155051
127949
335234
327675
229682
228344
204541
301669
130826
437955
113495
295579
361004
309154
189554
145594
183144
244732
279453
453901
275097
241589
270535
383605
375553
130646
356285
199868
146158
287159
321273
191517
383103
113239
349266
174273
298635
119121
265611
107820
271724
127079
269076
172474
441250
397282
446486
307331
159256
114145
104494
231044
324973
242695
380624
203722
431355
329427
252287
398085
228639
333000
439139
423921
167949
200691
254898
424388
106195
116385
270036
198648
108770
431091
156198
121746
257171
239280
243142
210720
438061
304669
400528
333869
211288
145901
352799
194784
430130
132318
133213
160949
220528
103903
197760
130684
416174
400570
106880
446326
128480
292808
362719
339299
399796
109842
408366
230540
320239
420590
159894
141773
297102
152255
129633
353813
217254
246470
388794
249586
397484
222142
292242
230167
419117
128643
439639
143163
331123
262528
438539
316623
421809
205417
159715
184658
360693
216152
387801
222284
132348
346749
305853
394957
455085
438742
208138
391980
406657
249995
311805
124241
396364
281452
349813
346813
350215
220935
229308
107120
380557
452531
158164
441313
402900
362068
184264
426000
104522
310790
312592
129502
314966
228088
181560
318364
180165
130376
357847
345060
127474
179591
206505
145261
168733
443733
279996
149978
427854
124242
381105
122155
401872
419198
106147
410638
447630
153229
110615
242747
159031
116972
222207
115651
421326
334786
385404
233348
416344
451929
164917
404987
312664
293027
142146
316097
328581
334393
376673
325872
336396
180564
293661
199926
255125
123497
246688
432844
205743
