148977
188236
199512
351816
435382
439148
352950
369193
359446
356979
169399
381568
115826
139459
367471
151616
168750
441065
150911
386370
330152
422756
425669
102810
360477
344166
379109
261484
454833
257841
329658
128440
381811
256420
295607
380482
325678
318631
142453
405657
293946
339907
149634
418573
118473
244232
326303
213188
243816
226801
130520
295646
121493
414967
315854
349504
332685
196284
278085
222647
324031
124613
324637
301300
266309
345651
375172
246779
430750
329231
305155
265731
180651
276592
258678
201416
264520
295011
245969
303931
335492
153613
198986
423729
134314
334705
207124
238949
200316
442031
238168
331095
369445
364798
324890
389244
138357
448588
376779
244540
378763
334956
370325
258482
299772
291716
272108
274436
377288
417846
198235
297858
202329
434657
313308
245498
269427
355135
430259
145790
114110
117476
400191
184958
454762
189870
368231
324272
108376
440738
341145
176593
311390
104876
220282
114971
213392
207614
105762
223820
425527
276790
250674
203734
353315
178645
175793
181002
116450
249659
225184
148766
405405
399471
350382
197782
429834
263488
195708
224836
121653
254842
454995
349863
438018
419427
104661
427185
330714
260250
293886
173521
346578
280817
281434
137227
163343
286977
263537
131383
437115
104615
433170
106402
234348
431920
404448
253476
310267
419809
290097
298672
197842
215694
135473
193005
150747
377497
272612
421561
320095
157380
440094
300734
259162
370018
165167
396098
181595
408557
220278
358864
347108
270278
164909
205948
327972
329491
194502
281894
360989
224470
110391
321397
170571
295618
385300
178220
162566
377557
160333
215343
230432
365027
121979
211207
203639
277450
317102
447714
439224
390435
120230
244320
333062
355691
176086
280773
204217
265338
334553
300774
290877
340136
302796
110182
131939
117063
249759
410097
247842
331766
280478
120798
216291
226317
246404
196171
365906
285220
353668
420062
126957
122071
229697
414468
265406
305952
281624
299092
455895
343398
209724
317368
338806
280385
439302
414908
366311
350228
334741
386322
237631
276534
163471
231512
394354
293727
410248
141939
410114
372411
349018
376949
339332
166259
304849
112022
114947
429130
230790
259376
390924
156554
375815
124549
431615
418143
285768
448022
282623
215255
442139
264599
151967
202750
386436
379232
241675
374583
161383
186735
357668
137535
156415
422377
300550
334740
273707
122502
306904
123915
242244
380798
145910
442376
428827
394483
433317
327667
137272
264598
229475
220469
120157
157672
114194
128834
378731
207755
261286
426170
329229
102037
355530
132404
321829
134353
293882
203105
267536
275987
138269
121457
217727
200221
109827
345660
186125
285191
232818
356411
179439
233084
445709
439344
119910
272724
291602
351180
362608
275996
367398
256092
327009
430915
395058
166484
223715
426142
300397
356554
195202
231142
115329
288153
201045
451821
320277
224663
252796
119478
157485
220122
442421
305886
155051
143288
229682
228344
204541
301669
130826
437955
295579
189552
361004
189554
145594
183144
244732
279453
453901
241589
370154
270535
383605
375553
247495
356285
117523
199868
146158
407447
364238
202479
287159
321273
383103
113239
141479
349266
251917
174273
298635
107820
271724
127079
441250
146219
397282
446486
307331
159256
202468
397152
114145
104494
231044
324973
242695
380624
269919
431355
428990
329427
333000
277906
167949
254898
424388
444162
106195
116385
270036
198648
108770
156198
121746
257171
239280
243142
210720
438061
400528
333869
211288
327004
352799
194784
132318
133213
160949
220528
103903
416174
400570
446326
128480
292808
362719
339299
399796
109842
408366
230540
320239
420590
159894
141773
297102
398049
217254
121040
246470
249586
397484
222142
430689
292242
419117
128643
439639
143163
262528
438539
316623
283885
205417
159715
184658
360693
398722
216152
387801
222284
111874
386391
164232
312723
346749
394957
455085
208138
391980
406657
249995
422406
364324
290026
311805
124241
432027
396364
281452
337131
210796
253187
346813
350215
106515
107120
158164
441313
402900
104522
310790
312592
330287
129502
314966
361151
228088
181560
334619
269236
318364
130376
377125
357847
345060
127474
179591
269450
206505
145261
168733
252560
279996
149978
427854
122155
401872
419198
106147
410638
153229
110615
242747
116972
222207
115651
421326
421384
334786
385404
230634
416344
451929
293027
142146
316097
328581
376673
114773
325872
179381
336396
222428
180564
293661
255125
455362
123497
153275
246688
421281
403861
205743
392105
