148977
167894
188236
199512
351816
143222
435382
369193
327038
356979
148924
187593
169399
377770
115826
139459
367471
168750
441065
304878
363130
386370
330152
422756
425669
102810
360477
344166
379109
261484
454833
329658
179707
128440
381811
256420
295607
380482
325678
318631
142453
293946
149634
418573
118473
244232
213188
263310
226801
130520
295646
121493
414967
315854
349504
332685
167496
414954
437697
196284
278085
222647
324031
124613
301300
345651
375172
246779
430750
329231
408362
305155
127649
265731
283727
180651
137265
276592
258678
122276
201416
404444
264520
381610
245969
303931
309067
335492
153613
198986
447126
423729
134314
334705
238949
383278
200316
442031
238168
147676
331095
331270
369445
364798
324890
389244
343787
448588
376779
181942
306296
244540
370325
258482
425562
338525
147046
193563
299772
291716
396634
120201
274436
417846
198235
297858
202329
434657
313308
269427
355135
145790
268881
114110
400191
435407
184958
391660
454762
321689
108376
137831
176593
104876
257627
220282
114971
213392
207614
105762
174031
233530
425527
276790
250674
151405
442906
203734
353315
323855
164999
374415
181002
116450
249659
225184
148766
405405
399471
350382
197782
263488
195708
224836
254842
349863
438018
104661
427185
330714
260250
293886
209932
346578
404436
280817
281434
137227
286977
263537
131383
437115
104615
433170
106402
234348
431920
177298
404448
253476
275833
310267
419809
290097
298672
197842
215694
135473
193005
150747
377497
421561
320095
300734
259162
370018
165167
396098
181595
358864
347108
155284
164909
205948
368087
327972
194502
224470
108847
321397
212967
251492
170571
295618
162566
377557
160333
215343
230432
365027
121979
203639
277450
317102
447714
439224
390435
120230
183320
244320
355691
392651
280773
444742
209790
334553
290877
364831
302796
110182
117063
249759
410097
247842
331766
280478
389360
120798
358674
226317
246404
196171
365906
338502
109612
285220
353668
126957
122071
329006
329600
229697
414468
265406
305952
281624
101189
299092
300688
133153
201717
343398
209724
317368
338806
280385
303394
404849
439302
414908
366311
350228
334741
173377
237631
146825
231512
157400
394354
410248
372411
349018
192683
316161
339332
166259
304849
112022
114947
429130
194828
440185
230790
259376
390924
156554
431615
285768
448022
282623
261604
185777
442139
264599
151967
202750
379232
286932
161383
186735
357668
137535
156415
422377
300550
273707
122502
123915
242244
162888
380798
145910
442376
428827
394483
433317
327667
137272
449175
264598
229475
406102
120157
434242
139124
128834
378731
207755
260275
326415
426170
329229
102037
132404
321829
117163
134353
157000
203105
267536
275987
138269
147385
331618
217727
109827
345660
244579
232818
184673
356411
233084
445709
439344
226406
252455
119910
362608
367398
256092
327009
237421
166484
223715
426142
300397
356554
288153
320277
224663
437194
252796
336540
221045
157485
193069
442421
305886
155051
127949
143288
335234
327675
229682
228344
301669
130826
437955
113495
295579
189552
361004
309154
189554
145594
244732
279453
453901
275097
370154
383605
247495
130646
117523
199868
146158
407447
364238
202479
287159
321273
191517
383103
141479
349266
251917
174273
298635
119121
265611
271724
269076
172474
441250
146219
446486
202468
397152
104494
324973
380624
203722
269919
431355
428990
329427
252287
398085
228639
333000
277906
439139
423921
167949
200691
254898
424388
444162
106195
198648
108770
431091
156198
257171
243142
210720
304669
400528
333869
327004
145901
352799
194784
430130
132318
133213
160949
220528
103903
197760
130684
416174
400570
106880
446326
128480
362719
399796
109842
408366
230540
320239
420590
159894
398049
152255
129633
353813
121040
388794
249586
397484
222142
430689
230167
128643
143163
331123
262528
438539
316623
421809
283885
205417
159715
398722
387801
111874
386391
132348
164232
312723
346749
305853
455085
438742
208138
391980
422406
364324
290026
124241
432027
396364
337131
210796
349813
253187
350215
220935
229308
106515
107120
380557
452531
158164
441313
402900
362068
184264
426000
310790
330287
314966
361151
228088
334619
269236
318364
180165
377125
345060
127474
179591
269450
206505
168733
443733
252560
279996
427854
124242
381105
122155
401872
106147
447630
242747
159031
116972
115651
421384
233348
230634
416344
451929
164917
404987
312664
293027
142146
328581
334393
376673
114773
325872
179381
336396
222428
180564
293661
199926
455362
153275
246688
421281
403861
432844
205743
392105
