235732
237914
318279
168402
349529
240785
112580
252168
221847
451468
244598
214962
309021
234015
135537
174705
307915
167305
202596
324350
436752
318316
134105
345525
310042
270711
262858
429561
330352
272103
266603
243021
162098
221268
116417
224650
302234
377102
389900
374554
422169
218308
401189
120941
261454
278163
208207
416841
232668
106036
330760
408853
450851
220230
409925
442485
366722
451679
200359
274980
182973
251829
384031
362441
407127
126834
453035
303883
108933
417605
271362
154960
278567
336354
225084
140602
248959
411490
265652
264428
305265
182786
208733
274232
191514
216872
163865
317480
449547
395360
150253
159279
283156
214300
342580
299915
144808
174191
115994
163152
211189
216063
135712
101073
398210
158024
366580
232445
252259
149474
137282
142356
153635
189459
163251
269853
286293
358002
438253
443058
301290
407445
106074
122297
186813
258481
284535
188764
404387
233885
437906
264305
333002
425445
403913
290860
337534
226151
387605
175901
410334
390033
187404
187770
148516
429183
314434
394429
245103
124448
381188
237363
217704
278401
420539
204763
240690
173671
324137
110178
345891
383362
321062
132950
216729
192500
274400
181115
121014
331511
130502
421460
182561
344187
379218
325073
361444
268724
208113
308479
327259
113018
405007
133618
361419
217529
278264
208702
350541
357783
387275
269856
211081
364992
312246
260728
165215
209500
223655
242823
206839
148719
350926
146794
146233
117128
237223
443635
364863
238993
288447
180551
260462
446580
250625
101495
116929
198396
103957
345013
183236
215416
163382
136746
257009
249182
415325
452794
117197
166563
283448
139815
355692
280287
169462
190400
323216
355438
381563
272230
214142
136419
156586
415155
288159
326350
141281
279783
210679
279623
398272
410271
345330
108216
258359
189598
445768
346986
428873
340565
455208
235750
129051
301906
363967
217837
309098
351911
198310
244477
417132
403867
188288
129110
415450
451750
157200
234933
297830
213646
444990
361944
350285
105632
141418
128973
243640
214214
145774
424798
176163
197991
399369
255251
304056
222698
402050
173625
134623
146101
385873
241206
266956
439969
414037
291825
345054
243042
253864
380687
166897
186020
410241
285552
274075
287612
403184
429659
180829
257681
243381
425000
259366
230619
402592
294147
425534
277406
195167
416578
103834
250219
154723
272084
363408
452480
181912
197610
135428
375451
443696
275725
232731
201190
403258
451884
410159
194541
275508
338144
356109
331419
440781
184192
450237
449869
145691
185280
347041
372981
342106
380563
286248
317290
166083
215387
106229
279312
259417
389789
303714
372283
269164
265130
361930
130142
289530
434534
426553
437073
127504
441929
413021
107512
380315
243460
220977
144994
424458
174792
338776
325345
187581
203989
275107
320312
209842
201885
362439
374631
237478
394764
116807
261741
290819
282186
390154
424411
386197
450154
376232
319063
430570
402203
425099
376680
271491
145314
342380
212250
248474
298501
193633
168977
260534
370603
221889
140663
441555
177420
124294
313971
291026
448089
116910
390267
244739
447897
175658
326654
240980
254494
232222
237045
373698
311702
107240
156638
380946
131267
411568
152295
159599
426463
340435
157508
258494
401804
442008
268878
452569
143850
340861
325989
132994
414565
183095
172154
119030
278772
295785
363605
176330
102759
447981
146804
367643
265332
356456
236258
184709
379480
267176
146981
251460
271315
248711
132269
357267
409523
379897
184877
289507
133963
367572
112442
212769
379931
172089
370956
366014
298173
106112
237104
305802
350003
370397
108968
156381
167369
130554
342745
225430
115036
399553
101277
270007
247782
343731
249658
181240
322300
158881
256335
304920
403271
418336
449918
224883
440549
410486
291642
190120
333729
171104
290268
277907
427722
267548
252694
253192
241099
316704
382366
229171
115304
443641
126134
348908
203943
292459
236251
140977
298629
185008
151201
304370
301818
122586
228646
197753
323528
312530
117706
247735
245307
350322
170529
375130
384944
138194
286496
224256
152972
121793
270365
223811
360495
453216
436130
355069
402334
361180
162378
342343
305097
348609
387647
440579
286525
169155
330773
199646
374367
406188
290900
220103
172192
228700
452049
254229
130719
374934
301436
402638
186941
229461
381302
134505
143787
178708
136853
165905
293601
145231
346935
287430
114146
279278
417353
285771
449830
386624
138811
449856
269320
206240
335086
107303
231827
165153
122457
325668
351280
429792
278631
378484
450829
388782
202787
347987
191136
251404
137139
388717
222146
429704
129605
296587
327385
326273
380469
171492
136996
230943
439653
351779
421029
278413
363105
349593
400961
194873
308533
247835
230209
173871
151508
227672
365669
392503
333506
190747
433320
372089
382520
172987
396993
388475
109078
116303
248233
122510
288108
112523
244619
272910
108365
316689
354485
249462
415151
231479
427398
444890
364939
358060
107162
216657
380430
370619
101420
224749
202886
268547
126385
211426
189461
323177
276295
282400
338759
405171
444647
252611
251143
199984
233045
246398
170434
252264
445624
348224
108201
239191
241819
326807
358222
416943
282953
408023
339356
334071
198662
126287
197536
197569
389858
263930
340856
121927
240114
135686
331898
425015
179806
418755
414181
259012
142233
191929
149262
288797
391728
282361
228337
144911
199876
382596
446338
384084
330328
160253
204144
183375
377828
217446
226663
318945
166795
363927
284531
266857
164293
175993
373921
383217
415518
391712
182935
343636
397698
199832
286276
403607
387786
116101
280280
207076
255091
133675
155277
224829
160395
370285
246831
414005
313384
222543
170079
447580
157719
135333
158569
359364
244970
437696
188155
107971
182210
187889
117409
166938
215631
161120
399900
204462
352459
109676
335267
240107
327520
399003
260828
137147
182647
264730
283545
143661
398620
171389
443416
201770
346370
171854
119729
259796
410952
217852
233219
266884
365467
178198
376858
298586
444246
236664
212532
331783
122624
443123
182138
166168
111536
357569
447085
237667
405532
419276
118656
293020
193373
398685
241017
322548
453226
313760
314503
102586
330501
356452
185413
124244
319293
160439
121658
230861
153451
151054
154627
160304
251895
331321
444044
334712
166696
381125
191872
202671
180449
142406
252018
231161
141141
414572
316920
389945
277926
181636
413258
325071
307325
223338
349211
225970
357395
190563
236257
144132
431075
221542
262578
448320
136834
346060
194811
271035
203396
451177
198147
230835
335174
306645
147841
258648
411632
188750
255524
232075
369251
234459
244583
273598
400406
157699
408004
129171
252808
332602
168679
255122
130228
181041
415973
263472
354695
268614
127677
152109
354143
360083
199986
248080
178118
423758
109808
170788
199439
120728
289949
424037
189789
325813
220460
254747
286932
456000
409572
383077
403425
385054
451986
424619
383868
193674
382747
201291
393342
360442
292051
445604
325356
427238
427351
293413
253946
211857
428276
277561
431208
159063
305221
210416
299250
237140
453243
367872
214285
130956
366000
247208
167396
312076
247996
209633
341141
431225
268067
271983
222107
247252
183966
427820
336984
159231
209215
412208
274583
277027
307185
451036
367524
382957
359148
404631
342132
189433
138120
250390
236688
112931
261158
376968
398975
156218
328073
394966
387321
379326
162935
187148
438360
285998
240780
125160
323435
119458
440686
187614
373220
177723
116124
344206
301574
119608
431994
126422
174735
248890
383980
448866
427231
314653
150823
278625
324117
319405
301326
437784
277932
355252
255209
206152
238920
344557
281206
403848
343982
308926
360710
449245
242458
188535
242957
208297
305003
176746
109729
228905
207077
403206
452066
118248
195998
190766
246778
236745
230174
225098
162434
191097
253839
110322
297144
419314
347247
270174
268925
310314
244065
107983
126049
335167
254698
339386
307038
270432
158877
425261
259626
214612
453394
357316
105870
311938
348505
285362
284011
373595
427491
159719
121134
144382
347654
239508
373519
271641
443196
128971
186554
207111
182205
442980
313419
267883
114941
245102
166350
384958
374431
381206
206034
273852
439423
205514
210092
215125
419977
376112
128960
450875
451574
415611
401198
218336
342284
367553
114363
352986
224349
260964
357438
423329
159346
324094
450967
319804
246819
223285
454372
387309
149497
246413
324309
255252
141621
137164
250008
187467
342487
170215
414029
455433
276554
359468
102710
140708
404823
361499
325232
387405
309946
113044
117334
101347
107501
421400
333534
235517
320097
421019
381935
245573
205603
232284
356296
258007
368032
424377
282907
258946
300730
425499
114985
218328
144056
238447
379973
455899
416628
296098
407268
452524
165542
264554
110099
297910
100616
206568
201063
141665
249022
176473
183829
339153
268551
333955
329098
205504
191112
363552
100336
290697
236647
203819
391277
424158
117673
355429
189124
400064
103362
220414
144533
106508
286232
156922
394884
410625
154517
351787
415626
446380
250215
288731
455314
363923
241948
437162
101418
124048
416100
133470
442858
382970
381550
377375
321629
407571
426049
103845
161384
382416
154028
113860
120656
207417
392305
365452
275476
374403
210377
173814
252559
357962
361395
413783
169665
451246
178794
235880
129259
108962
198342
450912
213342
176066
279759
282008
238418
288922
198608
289037
414173
302620
219860
171636
169555
419589
107188
299401
330436
414817
130315
256800
200035
234677
407949
134717
243750
110366
355448
139822
285334
127732
134304
195016
438357
425999
229886
426845
157560
140765
436529
284835
248447
125173
338695
312461
181149
262279
205580
129679
455880
354183
327727
323091
210256
176612
335651
123936
325561
184111
352672
190414
423946
260139
330958
442901
420969
388654
378663
173265
406432
338940
141700
329437
109586
266716
135467
214816
147286
353957
403177
244239
369607
240115
451993
248857
436739
443733
276102
434567
134436
411823
261580
259327
200633
377962
344012
265033
339225
226032
429997
244158
273421
316434
299380
400581
438289
149014
333243
266200
276738
181210
238037
346433
334936
334406
419622
277450
275338
130835
108959
141696
325793
428193
284769
200831
155876
382990
352206
196589
452823
256602
237472
341072
110611
101525
242805
124218
415908
366240
289068
410064
381010
119877
414714
238789
308491
356823
428945
209883
244813
138265
238725
139751
375908
169923
293101
190462
263604
178813
171564
162042
391069
221150
403428
174894
387229
244020
261964
453162
139401
115649
167523
218687
391126
215246
165070
166806
218999
380745
133690
419864
268919
192470
276092
391948
357778
189487
110940
415662
305458
256974
118991
199244
338830
333480
379543
136845
381052
381897
194253
288873
214345
454753
155981
158157
202071
171869
158313
180138
365931
213837
136496
237897
269383
253186
140600
388903
340808
121044
398709
226817
215466
194059
166802
269315
287937
380126
209948
100808
138604
423459
358046
425632
314428
397530
305524
107591
326642
274771
243586
377957
180805
282799
227156
314070
205984
229062
362904
146422
330033
182243
449966
160271
455011
233237
261334
144476
297524
218698
455107
341750
255165
353409
331543
293832
142029
289769
106584
228558
236743
304781
427387
378714
288458
132372
140846
281226
119724
338848
113461
307257
228573
219226
120735
369317
395397
382962
204577
100620
233146
405604
274685
293200
451660
147877
387725
354392
298808
438639
259238
263845
376725
409652
398565
423072
310194
271771
248167
127792
434131
104998
313619
286973
269617
396786
268229
126567
163733
374884
265399
392565
191196
171401
442521
105980
124706
257230
149101
286435
403730
119832
377291
292076
228957
113622
150600
398305
242321
398339
217474
198157
137564
231784
400039
234961
385435
290806
446790
322537
363424
123783
104707
426012
352518
106098
151484
135833
439811
272655
360667
220844
166953
150402
191713
402558
159246
229190
193629
353689
391120
227072
416745
404729
325598
296483
322211
217555
387407
412443
243083
335326
308064
218845
190847
347076
361219
262352
181027
147648
334771
185737
244258
353143
322843
135568
109993
189722
119325
296238
407009
369596
140822
136193
195260
158860
203206
227970
270206
166304
420808
107522
423559
108325
415812
147506
360523
322140
272460
394909
337570
339175
296053
213950
187588
205110
379715
220606
441572
383385
299906
358202
216217
353077
314419
308224
329225
380572
436080
281967
423661
122880
192769
109417
260250
433199
340462
321793
334079
167146
404570
432290
270889
169431
275214
203765
170614
191146
106078
127823
132791
388137
195490
124190
216257
374398
334591
261675
372404
198601
230757
123779
115765
256001
388026
146925
421046
138577
343395
226333
376563
231372
269527
191162
329983
266023
320753
346342
250482
369765
360702
388282
391970
203338
396870
221499
351462
214702
232252
377135
439052
425166
197203
236941
209140
170097
403312
192810
185386
439871
358846
311122
141930
136076
183124
204813
337300
370006
359883
428864
360883
295950
168812
356619
224821
122516
287808
399105
262463
124256
337379
211271
228560
257179
342175
296478
233500
217891
215837
275987
226863
362827
177913
211743
109576
304301
145034
213215
349082
270114
392897
331906
326125
402392
396373
183827
120435
164870
438674
260601
450907
377610
248917
265076
113282
154961
386437
411353
371282
391744
359489
170997
197439
326162
199159
358923
247789
292020
366748
443822
358468
157460
138154
433279
283427
141879
210479
421107
407466
405704
351220
152166
119511
363532
132221
173382
265614
328333
325343
360514
388553
444296
217339
394854
107290
142502
123628
272485
179483
292539
141960
391851
289379
450049
154774
227381
259016
259945
202770
102422
378818
202467
359190
405622
378216
234010
200821
123516
133013
423575
159521
429376
436245
389616
135956
451477
428076
359279
195393
197649
264181
351862
421218
357468
370200
193693
296972
249049
302100
139469
124071
254233
411142
364475
416353
246608
230491
118411
332598
427502
190005
225751
412202
141353
195437
154707
213162
341614
182429
424170
196999
165413
336290
275718
433557
274701
262808
230551
311402
317228
282795
343456
205774
338080
373228
360600
264553
