237914
318279
161032
285113
168402
240785
112580
407989
312811
252168
451468
244598
214962
309021
234015
135537
307915
236730
318316
123141
134105
345525
310042
270711
451529
262858
429561
330352
272103
266603
243021
162098
221268
116417
224650
302234
114936
422169
128897
218308
120941
261454
208207
416841
306426
106036
330760
408853
220230
442485
366722
200359
274980
182973
251829
384031
362441
407127
453035
257207
346294
439196
303883
108933
195650
417605
271362
154960
278567
336354
225084
140602
248959
411490
452061
265652
264428
305265
182786
208733
438496
191514
158746
114306
163865
317480
449547
395360
150253
174812
430935
283156
214300
299915
174191
115994
163152
396658
429665
101073
145452
398210
158024
366580
232445
171242
252259
142356
153635
189459
143384
163251
269853
254529
286293
358002
438253
443058
301290
407445
186813
258481
188764
404387
233885
437906
264305
333002
425445
356466
403913
290860
226151
387605
215640
352769
175901
410334
150410
187404
187770
287797
148516
429183
314434
394429
245103
283527
124448
381188
318146
237363
217704
278401
204763
240690
166918
173671
345891
383362
321062
433980
154214
130032
132950
445361
206237
192500
274400
181115
121014
331511
244056
130502
388636
182561
344187
268724
208113
308479
327259
208115
189096
113018
214010
294269
405007
133618
361419
217529
278264
350541
357783
387275
269856
312246
260728
165215
120239
242823
206839
148719
146794
146233
237223
443635
364994
238993
288447
260462
446580
101495
198396
103957
345013
215416
257009
393731
415325
452794
117197
166563
360251
283448
235209
355692
280287
169462
190400
355438
272230
214142
136419
110641
415155
310449
288159
141281
210679
271553
279623
398272
425321
108216
258359
381019
445768
428873
455208
235750
351969
270463
301906
351911
198310
244477
188288
129110
447941
451750
157200
234933
297830
391731
213646
379842
299293
444990
361944
178551
105632
141418
253452
173957
243640
214214
145774
424798
104000
125786
176163
206515
179897
163839
197991
399369
304056
222698
402050
173625
134623
146101
241206
266956
439969
414037
345054
218416
243042
396956
253864
380687
220410
259560
345496
166897
361496
186020
361902
285552
287612
403184
429659
234548
180829
257681
113760
243381
393167
333148
425000
259366
402592
382203
425534
277406
195167
416578
107805
103834
287064
250219
272084
363408
452480
181912
197610
150358
135428
443696
275725
387000
232731
361923
207796
153634
451884
410159
194541
338144
411214
356109
331419
440781
184192
163428
450237
145691
185280
347041
238116
372981
342106
205728
286248
352308
166083
106229
122781
259417
389789
372283
265130
361930
130142
289530
434534
426553
127504
441929
413021
164480
107512
380315
299034
220977
144994
424458
338776
153689
187581
290777
203989
212445
281091
275107
201885
362439
374631
214306
116807
261741
127941
435032
290819
282186
390154
424411
145092
231047
450154
319063
430570
402203
425099
376680
271491
145314
342380
212250
298501
193633
168977
370603
130798
140663
177420
124294
234551
313971
291026
448089
406465
447897
175658
240980
254494
357441
232222
403899
361346
107240
338460
331152
156638
380946
418768
261452
411568
152295
159599
364246
289419
157508
401804
250240
268878
143850
269415
361182
199297
340861
125319
132994
183095
223146
172154
119030
245453
278772
421358
433593
363605
176330
102759
447981
265332
224927
356456
236258
184709
379480
408970
430470
267176
146981
251460
271315
360608
248711
357267
379897
184877
454474
133963
367572
112442
212769
172089
437529
370956
229311
298173
106112
237104
433811
288499
209781
350003
370397
108968
156381
167369
155180
130554
342745
243425
259312
412848
113734
270007
247782
343731
249658
128082
158881
398972
304920
403271
449918
224883
440549
410486
248651
291642
254547
190120
333729
171104
290268
427722
155387
267548
252694
241099
316704
382366
229171
443641
126134
203943
292459
352538
236251
140977
370650
298629
185008
151201
304370
301818
228646
323528
117706
245307
350322
170529
375130
384944
152972
121793
287523
270365
223811
360495
453216
127995
436130
351105
355069
102662
361180
162378
342343
305097
440579
286525
169155
330773
199646
374367
406188
290900
172192
228700
130719
201702
301436
402638
229461
381302
134505
143787
178708
136853
113184
165905
145231
346935
114146
426614
293137
130610
285771
361199
449830
386624
138811
449856
350880
269320
206240
335086
272301
231827
165153
122457
325668
378484
450829
388782
202787
223890
347987
137139
222146
389449
255255
258636
429704
129605
296587
114821
327385
326273
394921
132476
449544
360318
380469
171492
336865
230943
439653
351779
278413
363105
400961
194873
308533
157282
173871
151508
227672
380452
365669
367087
275795
392503
433320
382520
172987
396993
388475
109078
150403
439933
248233
426519
288108
326081
204053
112523
294488
244619
272910
108365
234824
316689
354485
138621
124798
249462
415151
231479
427398
444890
358060
107162
114059
163498
380430
101420
361692
224749
202886
268547
126385
194557
419495
189461
323177
276295
444647
251143
200893
246398
180170
282887
170434
341400
445624
382217
348224
430444
239191
326807
358222
282953
339356
334071
158932
198662
197536
132979
197569
389858
263930
340856
121927
129364
312794
135686
431283
425015
107157
452208
179806
418755
259012
142233
191929
149262
288797
391728
144911
382596
446338
160253
204144
226678
276006
183375
377828
217446
226663
318945
166795
363927
284531
266857
164293
210952
175993
308925
373921
383217
367917
415518
193037
401058
182935
125377
413304
343636
397698
199832
313712
452220
116101
133675
395333
265580
155277
160395
288908
370285
246831
414005
439264
313384
447580
157719
135333
158569
359364
244970
437696
188155
107971
182210
430500
187889
421631
117409
179217
166938
215631
161120
399900
204462
352459
448303
109676
335267
359698
327520
399003
260828
182647
264730
283545
143661
398620
171389
201770
346370
259796
410952
340443
217852
266884
385072
365467
178198
138143
376858
298586
330456
236664
122624
443123
182138
166168
111536
357569
447085
405532
419276
118656
293020
193373
398685
241017
322548
331996
453226
313760
385716
314503
102586
330501
185413
124244
160439
121658
230861
243086
154627
160304
453127
213177
251895
444044
410659
334712
253527
357425
381125
191872
252278
447128
202671
180449
252018
159394
231161
141141
414572
316920
413258
325071
173626
223338
349211
225970
357395
190563
236257
144132
431075
259263
262578
448320
136834
346060
194811
316737
271035
364720
451177
116630
198147
230835
335174
157982
147841
258648
196610
188750
109671
255524
232075
369251
234459
244583
176554
400406
408004
252808
255122
130228
181041
156132
415973
354695
268614
152109
354143
360083
199986
410519
397746
248080
178118
423758
109808
170788
153649
142413
120728
442294
424037
189789
325813
254747
166677
286932
409572
403425
404021
385054
451986
424619
276000
383868
382747
201291
393342
360442
292051
268233
445604
325356
427238
427351
293413
286628
129885
253946
211857
428276
277561
431208
159063
305221
210416
299250
237140
453243
367872
214285
130956
247208
312076
247996
341141
335186
268067
271983
222107
343895
183966
427820
373803
377924
125623
209215
412208
292094
285134
277027
426349
307185
361955
451036
367524
382957
359148
404631
342132
380792
189433
250390
236688
112931
261158
398975
394966
387321
123222
379326
162935
176069
438360
146965
285998
240780
317553
373706
323435
143838
440686
187614
338342
116124
379960
344206
301574
449471
183027
119608
431994
435061
126422
383980
427231
314653
278625
324117
319405
301326
437784
355252
206152
238920
295149
344557
281206
403848
343982
449245
242458
128701
188535
242957
208297
305003
176746
363193
109729
228905
207077
403206
452066
118248
190766
236745
230174
225098
162434
225418
184648
191097
128145
110322
297144
210613
270174
266148
244065
107983
144894
173577
253900
126049
335167
145726
339386
412069
272624
270432
425261
259626
182488
120112
453394
105870
311938
348505
285362
284011
373595
427491
159719
121134
144382
347654
239508
271641
443196
423262
128971
186554
207111
308124
442980
207172
361689
200433
313419
114941
352848
166350
384958
374431
381206
358370
206034
273852
439423
205514
210092
419977
376112
128960
450875
451574
401198
183139
348153
254848
342284
367553
331067
112465
232810
395494
352986
224349
333992
260964
370601
357438
423329
159346
324094
324859
450967
322232
268755
246819
223285
387309
149497
220145
246413
324309
255252
141621
187467
342487
170215
414029
455433
164249
276554
359468
102710
140708
404823
325232
387405
309946
113044
117334
272725
101347
107501
333534
421019
381935
245573
372798
232284
152296
314196
258007
368032
424377
394882
300730
425499
114985
144056
379973
416628
296098
452524
165542
406189
374436
264554
110099
229289
297910
203936
100616
206568
240127
141665
176473
183829
339153
268551
333955
205504
191112
100336
342291
255040
434308
290697
369943
236647
391277
424158
102674
330909
355429
189124
400064
220414
144533
106508
286232
394884
170318
134219
382244
123058
410625
154517
351787
446380
455314
363923
241948
437162
101418
416100
133470
108847
442858
382970
377375
455189
407571
213830
426049
103845
161384
154028
113860
445862
120656
207417
178298
374403
236108
210377
173814
252559
357962
174378
361395
169665
451246
108962
198342
450912
279759
321464
288922
414173
302620
219860
171636
419589
107188
299401
330436
414817
422646
256800
200035
407949
134717
243750
355448
139822
396669
285334
127732
134304
169096
438357
219648
229886
426845
157560
140765
436529
284835
248447
125173
193498
338695
312461
181149
262279
205580
129679
327727
390143
176612
320222
335651
284381
449627
304564
123936
325561
184111
352672
342075
238344
260139
330958
442901
418068
291678
420969
388654
173265
165747
406432
338940
391083
266716
135467
353957
244239
369607
240115
451993
248857
436739
287581
443733
276102
434567
260729
134436
317094
261580
259327
200633
377962
317024
344012
339225
226032
429997
244158
273421
299380
400581
279637
418809
438289
149014
333243
266200
276738
207006
181210
334936
334406
419622
277450
268344
275338
130835
108959
141696
428193
284769
155876
203614
382990
352206
196589
452823
256602
237472
341072
110611
101525
447749
242805
221447
326758
366240
289068
446188
381010
119877
397004
435085
402806
356823
428945
209883
163582
244813
238725
139751
375908
293101
263604
178813
171564
162042
300023
391069
183181
221150
403428
174894
387229
244020
261964
453162
139401
115649
218687
229857
391126
280114
405022
215246
165070
166806
194690
218999
380745
133690
419864
240103
268919
192470
391948
289840
189487
110940
415662
305458
256974
199244
360681
333480
455566
135402
379543
381052
159666
381897
142355
194253
288873
214345
454753
155981
158157
451975
202071
158313
180138
365931
213837
253186
140600
388903
340808
121044
226817
311125
215466
406541
194059
269315
287937
360463
380126
209948
100808
138604
293031
358046
425632
314428
284437
397530
305524
297890
231499
274771
181668
243586
180805
453675
436649
282799
314070
205984
362904
146422
449966
160271
455011
234520
219417
233237
261334
297524
455107
416805
353409
331543
293832
142029
289769
205328
106584
228558
236743
216732
427387
288458
421653
132372
140846
281226
119724
338848
113461
307257
228573
120735
369317
395397
382962
204577
243953
233146
274685
293200
451660
268485
387725
354392
298808
438639
275009
259238
181711
240541
263845
409652
398565
423072
310194
271771
248167
432567
127792
115911
434131
317472
286973
284455
269617
396786
287780
268229
126567
163733
374884
265399
392565
191196
171401
442521
105980
124706
257230
238888
292274
286435
403730
375382
434576
119832
292076
228957
278112
113622
150600
110758
242321
398339
217474
198157
137564
400039
234961
385435
328102
290806
446790
322537
221087
363424
402418
123783
237546
245034
426012
151484
135833
439811
272655
426896
360667
220844
166953
191713
451921
257467
402558
159246
193629
288571
391120
283439
227072
416745
404729
325598
296483
322211
217555
387407
412443
243083
335326
308064
218845
315250
293984
361219
262352
181027
219924
334771
244258
353143
322843
135568
189722
119325
296238
452965
369596
138988
136193
195260
203206
227970
270206
107522
108325
415812
147506
360523
322140
272460
394909
337570
339175
296053
211624
213950
205110
312349
300190
441572
383385
455602
132795
216217
162097
436354
314419
308224
305143
253154
291215
380572
423661
255664
409768
192769
109417
260250
433199
340462
167146
404570
366827
370800
164299
432290
270889
277947
170614
326441
106078
127823
388137
195490
124190
216257
375636
374398
334591
396003
261675
372404
224382
198601
230757
123779
115765
256001
388026
146925
408313
138577
343395
226333
231372
329983
207318
320753
346342
107457
250482
360702
388282
240016
221499
214702
232252
377135
425166
254455
199315
197203
236941
209140
234672
170097
192810
185386
439871
206740
358846
269437
141930
454054
136076
183124
204813
370006
439117
359883
428864
360883
387184
295950
168812
356619
224821
122516
397385
287808
399105
228611
421774
235656
124256
372225
211271
228560
342175
296478
217891
215837
275987
226863
362827
177913
211743
109576
304301
145034
310489
213215
318200
270114
134378
392897
331906
326125
402392
396373
277405
183827
120435
342060
164870
139250
438674
260601
450907
377610
206607
163343
265076
113282
201374
154961
117569
371282
391744
359489
170997
197439
397133
247789
292020
443822
358468
157460
138154
433279
141879
210479
421107
407466
405704
351220
152166
363532
132221
173382
325343
360514
388553
394854
107290
142502
123628
272485
101564
179483
225945
141960
222798
161596
391851
289379
154774
227381
259016
102422
378818
202467
241979
405622
234010
200821
123516
133013
423575
429376
436245
389616
135956
451477
428076
197649
264181
168339
351862
421218
357468
370200
381487
249049
302100
305445
139469
369352
254233
411142
238821
377956
364475
416353
246608
230491
368710
427502
106066
225751
412202
141353
213162
341614
182429
424170
165413
336290
433557
267497
262808
230551
311402
317228
349879
282795
343456
205774
338080
373228
360600
264553
