187560
182827
430288
254292
438180
137957
117175
180938
173256
393575
134187
279511
117751
439969
136254
325159
254819
161759
424487
213310
352413
152010
227398
403921
308848
175841
249455
234040
257245
281533
436161
403581
179214
337904
165214
409881
305147
350587
178338
329878
113328
370246
205675
154543
412081
328989
442284
365814
318277
308141
407504
401804
152979
124851
283439
452001
145802
370053
416669
452143
258323
153060
319175
170015
213948
399395
186047
274151
269814
288198
415849
383474
298044
353144
195996
144067
364904
289996
244427
140480
279274
399559
280507
110086
156190
124744
422029
183482
309517
342213
186659
144994
179060
126570
183327
152748
163766
438571
422163
179589
108560
256946
358928
293491
373514
115766
407900
170989
416498
100679
414396
393687
267370
378786
398119
144625
114370
133883
167200
133391
336026
121966
321724
416993
210308
191512
419219
186032
133019
310630
350470
301736
203488
332619
376623
172065
298365
361956
234588
300332
420338
180170
249391
173398
250277
158925
363981
407888
307108
251256
105379
294659
455387
422915
107188
394688
307007
420151
195030
364637
155185
413786
125207
162747
105632
275850
112465
266565
347744
106771
180154
279017
312530
361806
170469
263472
164999
267292
378930
207704
274689
184150
217678
179937
423220
246943
273515
402721
128988
132341
406918
321286
168510
371906
103979
358019
338858
154281
367723
375748
