293116
243159
356376
268969
431154
247884
360044
443328
446043
435501
324410
386066
161123
398809
323632
166718
135251
405117
381901
368167
394517
220798
394969
201626
143541
106181
168051
298318
184498
413067
208734
307776
432360
131783
118261
198826
406668
118233
187757
421900
217062
133196
449036
278746
141822
375558
437662
399471
347431
329797
188959
416248
243636
316217
102114
172748
262742
421942
260758
252898
168912
107785
219361
220486
298419
382310
444901
401880
341886
175611
230001
141156
399291
117591
309259
368037
251890
140792
140860
454815
