293116
243159
356376
268969
431154
247884
360044
383234
443328
446043
435501
435670
386066
161123
398809
437833
323632
275572
216524
166718
442560
405117
381901
368167
394517
220798
394969
201626
170206
106181
312389
168051
229571
298318
413067
341047
142857
432360
198826
119506
187757
421900
217062
133196
449036
278746
141822
437662
138265
399471
167317
347431
329797
188959
184607
416248
172748
262742
421942
219348
260758
168912
451112
428707
107785
220486
117894
298419
444901
195025
341886
175611
141156
399291
117591
309259
368037
251890
140792
454815
