243159
360044
383234
443328
435501
435670
324410
398809
437833
323632
275572
216524
166718
442560
135251
405117
381901
394517
220798
394969
170206
143541
106181
312389
168051
229571
298318
184498
341047
208734
307776
142857
131783
118261
198826
119506
406668
118233
187757
421900
217062
133196
278746
141822
375558
138265
399471
167317
329797
184607
416248
243636
316217
102114
172748
262742
421942
219348
260758
252898
168912
451112
428707
107785
219361
117894
298419
382310
444901
401880
195025
341886
230001
141156
117591
309259
368037
251890
140860
454815
