293116
243159
356376
268969
431154
247884
383234
443328
446043
435670
324410
386066
161123
398809
437833
323632
275572
216524
442560
135251
405117
368167
220798
201626
170206
143541
106181
312389
229571
184498
413067
341047
208734
307776
142857
432360
131783
118261
198826
119506
406668
118233
421900
133196
449036
141822
375558
437662
138265
167317
347431
329797
188959
184607
416248
243636
316217
102114
172748
219348
252898
451112
428707
107785
219361
220486
117894
298419
382310
444901
401880
195025
175611
230001
399291
368037
251890
140792
140860
454815
