293116
356376
268969
431154
247884
360044
383234
446043
435501
435670
324410
386066
161123
437833
275572
216524
166718
442560
135251
381901
368167
394517
394969
201626
170206
143541
312389
168051
229571
298318
184498
413067
341047
208734
307776
142857
432360
131783
118261
119506
406668
118233
187757
217062
449036
278746
375558
437662
138265
399471
167317
347431
188959
184607
243636
316217
102114
262742
421942
219348
260758
252898
168912
451112
428707
219361
220486
117894
382310
401880
195025
341886
175611
230001
141156
399291
117591
309259
140792
140860
