414910
245056
271277
335008
281159
104358
259852
401801
157813
163356
455642
327941
200541
155880
182717
281898
369167
290335
402912
104475
363637
322734
371873
243847
389814
409590
430249
303897
374084
284401
165275
294944
426765
217102
426515
269418
303441
338873
335633
342064
395040
300329
109436
120728
417108
311407
175735
159459
206900
285394
264132
198087
153297
333818
243901
306183
295099
368120
210244
324888
205762
148161
456047
139036
320487
372044
159168
365567
228784
140883
401880
392473
429227
209607
345905
282326
342938
338259
130960
434459
276342
189905
173592
337653
405834
341706
336441
138905
152408
270890
122211
320473
341217
233398
344300
151905
152260
344445
180621
372609
292585
133088
153694
425728
401788
382547
380704
145270
338711
202800
135783
187943
353936
230619
298831
287433
354697
266316
231231
308113
316988
366694
352940
199599
408630
208364
379173
365079
240677
419190
454730
327029
338524
299343
381860
206134
419683
346063
113682
273172
263954
392003
180191
279824
333210
101201
124571
381528
305257
176373
189030
170805
368321
430801
273666
159456
383850
186512
222397
316782
386228
365615
177346
292081
180249
310440
240038
389455
433788
165379
288053
387126
418738
119308
189096
331855
407190
441972
374544
316420
157940
336846
421233
279833
296150
369473
441585
135705
130096
197148
244231
264174
373087
403011
330512
406959
157009
451469
436855
298651
444560
292576
222870
230626
298137
131512
226663
365177
369465
141045
416728
268797
380395
403076
423973
134850
364363
334166
241428
440216
370147
232457
319269
392498
186466
335167
343830
437702
263928
278413
438162
152692
208554
445809
160477
425999
131506
373417
133010
311878
327385
358451
217207
341461
428685
451216
214115
363503
142815
377271
124123
140235
249069
387123
290863
347894
234548
239353
441927
268772
134733
227470
270934
413381
247128
169701
126505
204933
342572
383570
418133
404926
224108
217052
214857
319571
121231
341719
347626
423357
313358
428937
192847
355827
353817
441396
283936
119674
399630
249100
213616
353517
361437
133646
454243
270582
113509
104917
207994
138244
442665
183353
432844
308187
303550
128964
276840
241844
173672
174147
190221
116038
133197
139093
233066
411918
431788
212128
239528
357427
164205
272976
220024
436973
230274
309231
139054
268047
148195
432754
395309
153956
172936
238444
261618
196001
204333
318606
327980
288683
187650
326183
130032
371712
359868
269024
321343
356366
331522
306197
438281
440775
236226
221359
422788
166100
238412
341965
191904
384645
173046
274761
232505
264444
375159
291670
374620
113240
346559
301143
246937
259502
182037
382678
240912
198913
204592
419219
329444
160128
283681
266586
114345
198449
189332
308149
318751
163425
367393
431658
361584
406818
283140
236140
287539
181835
114648
330852
363390
267651
248915
452425
319106
384682
206431
208699
161768
369692
274252
201482
395416
436845
253568
120513
452586
103113
441612
405785
269215
267698
163621
212783
191489
187532
443367
356758
148861
202282
336290
300735
368734
275795
437951
256920
191969
130568
174765
162311
233996
330441
190026
396815
355538
366050
362670
335294
330938
257179
132542
364350
413007
269558
210441
293587
290531
174170
329173
246859
234003
119455
326952
159414
420395
203652
322494
340208
101883
378397
144130
302307
400944
428341
282953
138234
345773
138729
434235
264205
447711
341812
354535
174460
316800
445848
246112
419759
227922
244568
228731
229641
344066
155668
293938
230668
144976
151474
388768
270077
275722
212049
132398
211808
425045
197183
108150
106209
258480
129207
325617
365736
149674
291519
410574
175163
175732
389274
257359
433710
390375
389210
175753
209192
340381
286127
455649
424453
326765
250822
324945
118984
346640
262585
452343
411590
329357
177153
187138
301487
324357
183210
422929
397838
200346
177176
350534
260332
129807
233859
195998
327282
257098
296368
107484
425473
142972
140587
442917
219381
295916
358077
290673
269278
180697
359427
139133
180870
283907
112746
177941
235383
383220
187080
142637
284863
155596
178777
349262
369177
138810
110543
339225
330030
392651
295403
153554
142100
323507
238587
289579
165180
331047
142060
429744
259358
377299
207947
241719
101184
205868
201009
281438
301418
309909
272024
122547
213334
450986
189032
414571
409781
189535
134942
273991
456143
150080
288702
268229
261454
130529
118206
257945
135318
448409
138457
443750
415322
352789
290676
185587
282599
105236
441372
229143
133717
210263
214368
300710
147231
205702
222997
232587
206351
194161
221795
217273
344647
171687
276436
197570
146709
210631
236047
262433
260846
207831
230552
345253
441520
244901
251785
435669
272601
308721
253240
268313
115216
311378
384698
311669
350886
140568
380626
294628
252871
371167
397952
187589
256986
189093
249002
387569
420741
305382
290659
417585
171744
118110
212576
116776
243570
291903
280474
166281
292720
240961
330282
176474
421945
379717
141971
393242
225847
349833
111435
420654
340777
350024
250988
187658
387864
203543
331251
227635
399782
419637
216372
243953
313268
437544
113670
130112
360600
454217
440717
283508
329901
443878
204296
419224
417845
252211
354932
235287
198418
135015
445921
347392
172006
152478
312667
309402
177468
112088
284521
243995
104157
455107
107160
425184
420328
233494
361442
194820
325122
251078
246801
382773
187370
182352
295290
165396
328020
241664
129361
174421
207431
127801
363996
152836
388049
250746
156613
168535
230674
353789
317991
345123
150327
220306
451064
417363
449172
408298
188711
407399
244055
157627
366528
135886
238982
443657
413261
132654
302777
150001
320406
376130
177063
149717
343420
394993
288605
404338
264373
326191
339671
163925
381896
240137
428216
247590
413795
153317
234119
188535
193139
303418
256020
310614
168795
136180
393850
135074
166484
313152
183350
323349
387517
346107
262338
182163
326081
392840
139401
175401
419633
275714
282403
240357
342903
263865
163393
334554
317802
360385
198493
339737
326973
347866
288434
434549
334672
121022
447935
214803
361837
243512
223988
417932
293720
231596
360514
367565
248550
167250
430105
366900
194181
250367
160981
299412
236639
297942
165812
115072
405117
451664
340289
307599
251080
103449
103166
155071
418846
140205
303257
212214
117504
392548
177836
441650
123166
162320
202647
287628
256852
240440
265120
148456
224888
217999
432270
218350
299587
230198
121116
307858
250208
256244
149497
305814
266682
451921
182674
125117
419964
305596
197344
232304
297449
240588
333670
142522
246655
134612
298681
415365
192823
330051
244821
325351
237850
224366
324649
100214
144522
116709
414282
370879
443001
187241
312692
270930
294388
260376
196699
181781
346961
137952
251068
401893
441078
194612
208382
420146
390602
257237
455075
208499
167471
428768
390371
112456
171758
404600
150195
434080
245119
373291
436439
321961
219395
321026
258594
317084
416331
317008
411631
338992
117867
147375
180549
393057
268463
270423
452326
340299
299251
127534
392393
210920
389392
420816
240658
256766
291460
277287
290282
248157
389567
310185
387839
231272
126671
319478
414250
237410
310364
410323
170784
410339
183039
317058
311766
142553
291043
425839
333955
381726
121807
279296
428500
238768
265755
230904
367143
434239
224565
174204
162428
225740
294833
161323
237425
248361
320859
286060
307413
195808
358202
208824
156651
107188
450967
284980
442859
344742
108677
151656
101360
440145
268992
246632
225084
372798
361267
399371
414201
393694
297788
373033
120735
339348
398753
156553
108507
326848
146721
379206
453630
162412
263491
183964
361841
433768
233384
129238
217580
193228
134861
268204
357410
180740
117286
416754
166101
399767
243535
217979
417634
338585
408924
260139
184553
389873
373456
170012
300561
248356
438598
303175
229857
282907
181065
126467
112477
437800
155333
165979
386438
219842
334023
370231
427279
284688
128264
189596
147098
240434
264061
440925
345964
248227
178898
151160
214362
320304
297890
154028
186548
188137
117990
315953
245685
350615
278125
211722
102957
128145
445782
418141
162990
430205
431506
365745
445986
170730
182708
236991
371234
121550
398157
123414
173315
384075
244239
307213
294106
291706
143274
425780
453128
201371
149884
291305
331020
428657
334110
221611
222100
234218
451253
264895
205112
211114
179697
260921
227177
167625
321372
324459
253664
425797
427502
213087
193723
175440
303723
244551
228257
424323
443624
126057
402987
400583
427372
344200
303164
288431
357453
389621
379138
253635
179142
334655
162112
313946
401061
343346
271542
362334
142561
346681
378088
404859
114715
228576
251243
201780
447552
283131
168330
179524
169962
421720
352071
378377
195374
347177
235610
285802
205840
385881
414402
350718
346208
413259
105645
113184
193571
167664
382999
179575
102973
179324
147615
133526
395301
405972
359084
316846
370285
438510
205586
372796
243870
377984
288458
427538
106820
200991
447270
200398
234643
153015
358390
114246
409453
281440
445136
419531
438087
185006
141209
129341
454312
226192
419809
235122
289600
402838
368662
230088
412184
389053
346827
372158
265982
216359
126709
142335
182392
258358
426091
398083
235620
401201
104946
368495
326709
344222
277851
364885
228231
274448
178193
253575
276565
350528
327450
294826
214677
278294
188809
103483
297524
310948
304745
395148
446260
259604
368698
208037
260232
409101
327389
406198
396410
425532
302648
436763
264632
437550
435833
195661
125061
236963
397246
292378
328494
237453
283609
429533
261245
347156
431628
125099
364049
390798
260752
402008
187610
124262
227868
159501
299378
349861
268961
285729
167696
103981
312717
140552
318658
135261
386460
154475
445662
280574
184111
428667
384998
431715
327242
352716
406641
423821
332811
137836
230117
333384
112558
239709
334588
424105
187432
411153
116758
256089
301221
259095
256515
286756
124599
206302
123043
246167
338614
210499
368886
113136
174694
192073
101531
443800
302733
189001
326179
300713
141285
129203
136886
243745
231064
413942
407479
330537
246307
328520
442827
427327
410283
103900
158163
257371
101575
119470
272158
337921
247709
206859
451441
148655
345122
141825
395460
268634
391238
265996
383868
296365
422765
225435
228851
259242
112705
276499
119773
307062
237730
347733
241819
428986
305003
223207
319098
260698
289688
318443
272216
378472
378827
331859
393695
397602
329116
259177
103186
388004
104971
181571
154961
185725
173063
183946
149531
375007
349277
258868
278881
355100
319614
346390
140526
357366
413032
428360
263402
414112
189883
219750
254787
411868
228613
380259
414926
401442
304394
296004
188716
240225
203281
401154
164024
403614
229872
159988
323700
254011
296487
302654
245688
396309
216712
212210
423484
301311
356872
241618
344110
370508
138432
369228
439135
379460
101208
194916
184691
407948
400348
221266
425594
373334
291583
189209
246324
222969
116060
185567
186659
267832
252090
122101
296017
388486
402880
189575
191146
446037
142340
243851
230872
152099
211087
365804
317619
215688
321232
299361
272997
118703
407035
440045
132681
386554
312999
231609
136398
387091
210848
406879
211833
191409
321282
254282
320543
202486
197090
433744
386779
284602
340645
218223
111962
207608
260366
433317
311383
324207
345610
204464
183059
331471
125273
255023
362247
254145
145430
146309
262646
133323
310229
183917
390517
384373
350816
269132
302002
134347
158974
339807
224951
362461
226261
451137
161616
152702
271823
234508
230223
416769
138445
132727
296878
392051
157576
370532
357514
366148
263990
182378
297556
298138
419782
403891
159031
420809
292140
306502
335161
406715
188613
424448
347974
213254
452657
241818
340032
344232
216729
369670
123142
221580
433469
191614
249709
164337
266679
366786
415841
185176
382854
243620
343305
219619
416530
171211
194616
207937
270791
137224
248233
389863
108229
304104
242578
324334
447767
275362
254395
107552
351015
298328
449072
454031
153485
393328
395882
252701
357521
227980
262861
255026
336932
196345
139875
240821
400859
451093
359114
270898
452304
222822
127596
447764
412318
286517
377846
429833
302058
449931
404887
264846
443922
190807
106579
410250
311172
138158
414158
167463
146707
247522
242456
214142
122913
418362
184979
189183
134634
160445
349267
133424
103019
350359
140703
306531
324398
204624
366158
383488
140295
292048
277526
162935
354370
330899
351718
212220
329322
328290
447749
307221
202641
170364
386736
219748
364599
397780
277454
372225
228804
335074
241824
409681
281625
111353
104017
354949
374237
375523
394277
216811
249574
427981
168660
344914
390678
107443
312873
123783
449125
156023
450435
374100
276280
198968
110322
129525
180608
151671
361461
356871
194412
295465
449701
249356
128288
260073
186813
118372
214193
152961
317590
377989
323870
411866
159161
159822
337085
159231
218926
443114
373158
442856
335855
445981
417482
247585
447332
453998
327673
256484
375320
270452
159867
366234
324707
207745
185601
425794
126537
383277
443269
429166
259090
344511
437620
438838
195203
118824
335610
389449
233208
260560
247847
242260
163816
439895
164602
145944
122355
164793
221690
174273
290775
365482
429087
162779
253767
243868
288810
228571
367496
245122
122747
100286
400578
378608
218557
315770
411658
252323
303006
451174
160458
223015
203766
322135
121199
124607
453757
106969
156011
233073
243882
231518
442307
158251
119645
275063
424660
214745
160167
213948
363297
126209
260702
133616
283458
170277
448869
241970
281833
327237
407348
197195
281558
195228
229553
112314
194547
393968
142953
319093
199990
359956
346452
307319
292481
183276
209052
179215
447132
298667
223797
214392
273186
179078
415856
128776
383160
311532
289834
364456
182566
136369
157136
373331
358975
293297
120471
309746
367389
207417
214978
235732
173559
237198
148072
341420
372844
116589
370336
291919
314142
263722
104244
155149
302925
150276
280698
338377
218332
326250
395505
316869
422423
173494
152979
101890
167347
235446
305355
171736
160110
329213
160488
410739
311800
418211
227719
187295
346448
389690
415251
324780
342493
330982
162617
380288
364317
352316
353594
161103
381575
451483
380339
378652
420717
451368
321886
186804
423646
263164
449542
257800
289778
109343
224201
415347
323566
432957
285607
371227
275094
420001
438454
262396
387229
439925
419073
239505
236718
248348
209468
170815
136892
175679
388392
183635
237487
188580
114399
395305
217912
146324
382032
164614
249364
374577
426290
445734
346311
158554
360788
116867
341694
305425
133032
385781
170759
436648
203709
398815
247002
194430
432909
216293
331737
188083
225738
360501
350675
432681
129582
104844
206798
116814
428707
264933
424893
229933
246071
120911
375392
174434
141742
198576
224118
402971
264568
130702
325086
289643
231472
343437
270931
449201
413893
290900
297427
221963
362140
386536
285381
149724
247664
379570
431202
399685
341742
266031
135948
401505
390426
205945
138236
372954
255793
142022
442982
115178
114079
344878
175016
147058
421119
387317
424943
234285
325672
289787
388017
319361
142642
406432
380606
310991
433376
387258
187645
424170
390839
106994
135501
212603
228294
370316
129996
282447
104739
217630
351653
194364
447073
165909
107663
118173
115730
198669
258174
100468
242732
236930
133792
243343
395981
287473
157188
435582
215466
419424
440246
160952
427039
149697
406305
119608
134522
383456
122457
113806
268931
356923
411884
451692
259106
186063
304877
211648
268670
307680
197439
344691
237104
338484
287115
374882
114873
398836
291656
122172
200170
166794
137816
392838
371654
176758
420111
143635
100599
308006
237798
169285
104511
144874
426744
190850
114312
325007
147593
198918
203739
127951
111548
158231
402476
109266
317525
333243
454712
255940
228699
297791
178661
173478
180154
370821
353443
438594
134970
326068
134120
434351
424992
415928
450629
341467
220504
333587
327148
182795
236193
278043
313621
319525
411878
383497
208712
248064
416716
351010
161620
187488
216528
343958
157259
100963
232568
369211
321241
136889
160514
320409
105936
390862
102899
323392
148881
414650
423567
103547
208073
407758
336631
347547
322658
112301
382990
205326
390071
154081
261797
337385
294351
184667
443575
314407
218563
164039
272182
196173
328389
307564
319780
226758
260271
183811
395823
107844
300446
437164
102128
434526
293925
120882
327852
269066
387425
147208
312681
174374
443710
101617
190820
291435
448867
391217
140137
241799
418088
374233
212451
377366
278063
137522
118522
190597
426706
388791
281258
253599
292183
442099
156922
378922
211464
404866
268733
109233
281631
191160
440556
263779
340958
361829
142051
133110
344759
248279
177207
371996
216106
230729
435357
164581
387749
354802
172774
357515
102835
197160
164850
177509
229616
261793
121448
163106
382988
101046
179010
109681
399920
354231
213234
257347
143049
199672
166221
140003
362497
197642
118043
210971
409679
309946
243925
384007
431710
194069
362089
304412
359874
447872
190335
103597
222311
108094
127003
150954
255680
284913
348559
417080
346665
260838
446271
327211
201905
278426
332357
256586
210458
142011
213824
430873
202332
132076
328446
125858
135483
323755
153915
383373
438439
203649
351847
213327
440890
301664
221184
377947
269097
259767
114717
204557
407595
160439
193280
130036
442398
351546
266894
330362
430484
108472
174608
230086
190594
166456
249157
102367
337778
168051
248868
154642
376025
245608
160865
445311
167556
274632
361025
336270
195133
321739
320796
393883
157431
267909
188121
220698
274667
126626
392902
178168
397869
189970
420721
156458
281097
338439
253293
312280
425356
351238
410851
354541
278009
132178
371461
365378
298582
155606
400947
235734
115187
175611
419122
137733
444727
402369
305063
101837
311210
249827
202388
299401
445525
452831
145903
365268
389150
202471
375831
325168
175480
295300
242113
134064
321730
171045
335134
350349
325435
370142
369663
244375
115026
274382
446756
446357
270588
303025
192476
391558
216648
319907
309482
283370
205942
195257
352519
340328
298401
196548
322861
323753
429312
440316
419071
286397
426621
185403
326843
451207
138571
301863
251479
219391
164693
300945
147404
176106
324294
240493
378537
139383
196822
105496
110623
434768
106431
261169
296680
311253
242003
190022
326193
129457
380310
428084
232726
176101
172756
429321
129726
416785
200733
239811
330352
375276
334376
230174
310037
150965
182324
152705
105140
335487
112741
141103
162038
131568
345997
321037
425297
171037
280516
248523
250274
453833
449767
454433
309033
430305
422140
442446
279504
151297
154148
182440
252066
338286
424035
432689
357768
238924
323918
324592
297629
102581
245201
274404
280287
106838
147894
293484
227327
144310
255075
246892
159611
169489
318858
401342
116431
147084
158792
409378
358094
243000
205404
377218
173093
374897
165044
392736
208977
428803
101564
218687
367845
358541
386641
266834
430245
352807
422880
418155
305859
108580
180530
162357
122169
385966
437030
412523
274859
286935
255241
426335
396455
284566
417584
261899
161211
112162
188967
273464
248795
284515
431574
105745
306131
373983
324292
138952
446085
419865
226563
261705
144027
378222
245065
268535
165318
333329
381273
426520
106625
238344
380655
269622
129001
105253
330077
325951
267780
355943
170557
189081
134854
318277
405943
321555
106443
344797
100840
397768
172439
325704
313357
411909
212368
368946
137732
230352
243750
355098
236989
321408
118586
134145
222851
445558
160002
124716
149290
257827
423394
444072
400148
303192
377345
296799
190067
136841
394784
156749
142775
325298
383861
334581
332216
451365
366329
293185
133994
138842
436948
251553
230600
114199
147160
393540
312165
301735
430497
313612
312877
297642
405133
121976
129184
223381
256300
390413
102266
228717
184364
380919
442758
159974
256209
437586
234982
429996
193377
174086
345937
205532
448951
456243
121900
107314
146241
108046
186760
109250
104517
353422
132099
128814
431005
141113
232188
174568
393073
194092
377359
419069
102173
249086
377719
341792
224387
183325
172960
229951
106697
438728
400939
410266
361530
257773
258214
193473
291740
176653
101001
252765
171463
226525
212644
145168
124186
378039
211068
332189
126290
373979
120615
367750
393240
191879
229523
243201
389231
135827
140839
156636
387062
223825
413619
128644
407445
355306
316303
246387
327922
198233
271405
175222
348365
317631
270414
125467
433905
439506
207973
419632
229460
138648
219679
437361
250039
356902
115814
362626
409882
159446
436258
339630
202837
357428
132726
145868
370942
277888
159599
308094
436050
400225
203803
356548
182079
345711
448744
217992
395961
197604
366847
181529
437242
183432
316685
259443
185924
140528
212971
311823
268260
102795
419334
371220
319335
372538
344581
176735
413268
332374
349621
226056
444857
140936
237182
317582
272570
177432
306833
159521
328877
422470
125139
145068
140540
422106
241391
103133
401151
245184
274807
300335
235292
221014
329729
418547
450856
291083
332806
264630
116320
272100
260514
381487
218921
107431
301763
237707
404484
260955
145994
283070
366397
111734
207532
173344
204774
199339
196589
297617
454177
359571
117277
308782
175644
423253
451583
431907
407513
291062
435182
429927
311859
143441
453554
236917
263559
232689
325937
394327
398800
426512
368962
159324
311863
211764
345848
122143
380159
345522
346897
342571
422646
420403
134238
210715
233376
144049
224894
385408
447941
289444
308123
333468
414181
274643
358398
347059
454869
296166
135155
394624
375983
331592
286390
388438
350245
130326
131393
350734
172135
419707
178556
344385
201798
423991
326596
308170
133443
390025
205698
347271
391235
154310
229311
143562
177417
403851
109402
298528
188534
337702
256085
252684
216833
152749
329208
229420
261903
202540
225623
280727
336703
174378
116330
277894
284353
277666
216777
223885
351564
343642
273083
119358
432567
242696
343573
318030
112837
347310
281723
372153
200929
148346
136131
232479
429447
399430
330093
346169
350927
183236
268705
263012
131911
404999
276463
368359
175598
405543
218976
443501
313574
303866
417958
175848
373183
442560
148652
360513
146152
377091
342246
226607
391604
116343
215275
307217
299623
237382
109586
421898
405644
342094
181057
315369
132457
341538
295935
225022
388721
265573
161642
222504
225772
240224
128062
272542
390660
167636
235686
384453
420547
370761
197939
451086
163430
282830
318764
213904
131924
152276
254796
117248
258655
121079
365223
331176
366275
451676
329773
177969
177786
265404
265447
342471
286695
355154
322301
163290
320480
183829
152238
371252
453176
331983
171824
111917
361830
277446
234976
209400
411200
365986
151636
363814
432174
412575
177239
212126
251995
165259
420576
138537
308848
196909
287172
153076
396294
382469
191836
128462
333479
329528
144452
328800
140713
222689
351136
332947
314844
137120
198630
375310
182887
262322
418751
312732
331383
158915
103844
385357
422119
218902
133391
209636
156316
452683
156381
343716
151794
172298
269577
447963
394136
378092
152631
393809
193276
227312
321018
203545
395481
232542
117796
322828
148973
321905
388654
270086
195639
354493
310149
353834
399003
163376
415137
338533
147521
237693
283530
287663
379834
114192
351560
218252
105704
268585
456052
155840
373329
183251
373228
258556
209518
320629
233661
357318
148678
173267
345337
306500
372555
175940
271907
329048
314928
386318
107667
276115
386056
201407
228177
211202
332356
355946
395655
419728
146629
246058
113767
195105
408239
181310
405604
183504
267065
329492
331482
426084
156109
189517
229429
389524
310565
226375
269795
289404
203621
136031
406679
380547
168825
199350
204813
403912
144088
108227
239464
217391
184639
363402
262693
265113
101721
375155
354135
406635
126556
172981
346454
233199
252262
104964
367636
428909
104041
237511
253992
283911
294038
232009
429419
130155
337012
328725
381184
106112
426696
453075
451992
184314
244113
272058
124969
135904
193337
386461
249021
292762
153363
220360
262509
167012
258996
430965
363278
390944
281493
227447
416914
166636
264801
323895
266423
123460
289174
386916
336180
306257
106578
396947
446276
263828
368927
261702
263179
320882
303141
167629
167036
357561
394811
391477
410175
101936
216108
102942
342487
421051
114710
426037
160120
360159
204399
120035
103660
372152
443331
128241
444091
105683
138164
314631
129520
406353
104940
147769
271697
231494
317803
167567
126196
354878
239457
439410
106200
117594
390961
116769
265318
425000
456103
381905
318549
117839
224838
124632
113319
358368
289820
183189
166487
288228
245512
181149
150092
200628
296142
352014
157801
366090
318653
391460
168685
166376
157971
327645
246943
198864
201366
425929
143926
243420
290777
140653
312867
444110
305542
409122
385974
404115
220413
137784
273153
215748
454655
383647
325868
425185
229717
278727
255083
208207
128936
184889
351362
342369
186051
444188
301980
448574
262875
285526
382523
334468
122781
369148
183827
172496
119076
380621
355353
407732
211651
418642
179623
232939
363228
245916
300805
410128
309492
157890
162600
284583
233957
356860
346167
176528
147723
252717
239216
440064
195481
279320
116310
273733
208321
240556
132665
155897
362163
241308
127048
320971
224383
348916
356135
394714
265972
344646
233084
217968
407521
293431
412018
382248
208914
298433
273820
333332
271339
269385
299895
106055
123379
401167
148800
346573
155765
367930
110086
261659
332439
391673
339685
302918
341250
143647
315933
169915
290445
399452
341366
292597
357538
344279
112239
363750
233504
133148
220255
369785
442284
355765
106126
207113
183960
402706
278347
243311
274743
172498
220644
158022
339856
139153
228186
381889
358236
297081
250919
355469
414312
268805
345633
415125
103644
443072
123852
439401
394265
226877
201803
284567
276288
205933
221102
344809
428660
148262
445145
445607
263227
300531
404898
432050
292704
204723
118375
271804
178702
323251
312708
450165
307503
109738
102559
165015
416944
449698
258106
150860
416389
443087
109157
240764
244085
354223
271831
259263
407560
349332
308879
115070
326951
101574
308283
339385
268672
361016
194873
317916
233616
349607
242010
323417
119687
229292
348815
397351
346186
163974
425747
196784
441021
128184
367048
107251
455311
231492
393579
358157
353764
281062
365547
189288
338637
114175
143797
186107
129461
327358
194694
256736
300592
358325
383293
109941
258053
328961
411297
302475
198727
152387
445909
156319
309773
322548
309233
347284
443191
397164
349559
374981
422746
442668
161624
226586
293933
330543
376053
221810
215098
425182
448108
149189
122626
144155
213670
337902
190004
426500
146609
334984
442287
210327
127045
366563
169434
109256
433823
202571
326253
203005
233520
375219
289791
106030
429926
114530
207300
314325
266575
212202
141696
229441
383993
288650
149006
185926
448620
208200
355056
434479
400128
182177
123023
398613
448049
288339
298829
306315
430535
253915
216098
166423
251099
253778
310332
173296
187509
247681
141567
191475
125306
449471
369643
432475
434746
184696
422670
218947
352765
428798
187831
273919
174889
352383
156211
390863
226583
252095
253770
330539
305585
153613
225995
356198
154232
359336
439397
437090
253053
181979
212653
453531
231269
137552
362648
237004
212458
222691
395510
158346
412431
258872
423329
426780
350901
359839
231104
310835
245494
231632
393825
325389
146337
449445
147320
431401
112437
210328
375019
398765
166975
102877
228138
413774
423689
117666
165025
220133
299902
122865
175632
354916
298626
110506
357629
117987
378227
395093
279000
108628
130656
341930
104536
379136
257523
440800
148620
408499
407507
135768
308762
325409
129383
427911
151553
359224
375628
354907
301475
441831
449976
380173
378786
298460
254061
403226
400090
409572
449345
140663
139385
227030
113443
313290
272196
285086
220591
244732
268130
249745
417729
243227
426503
212705
400748
297960
365303
380291
106104
299760
225774
434241
346008
114365
137520
271463
198516
200666
293526
415771
317947
221464
269190
121957
126711
122212
197639
117771
279401
169206
139699
286659
264868
106266
124550
193972
153997
274679
358757
172376
323683
373223
158203
205574
255736
343818
139581
337794
381520
360740
420706
248943
257379
147617
123160
153555
136594
208682
174659
413177
257245
256700
101340
302741
426545
247100
112172
223667
277005
156027
301509
379250
220659
408317
240105
231180
129263
117044
321878
395091
362992
445954
337204
290724
349532
157356
378301
287712
274285
194169
307329
143817
213184
360601
341718
409877
304665
382346
134945
434463
352969
275716
396635
429175
330109
398657
242405
422583
153806
331628
332344
137680
261824
344487
298055
377311
406316
352672
139271
310375
185155
240564
418058
311508
453712
106410
430255
406150
435956
100636
434561
270223
324742
289276
380735
324094
168214
113719
229330
270059
100579
426176
219535
122743
174654
299383
241969
275690
333867
236015
177704
254318
352955
233353
273953
118900
339499
337291
236871
383054
286488
360945
274828
269801
443779
167819
226199
272885
237555
303665
312491
236475
188922
446172
120080
125541
142418
173813
200224
365864
328073
129671
208735
329112
218980
424545
246953
393110
109733
241668
279325
277819
112609
441449
259758
145704
433693
316051
245958
274416
444501
341134
240541
148315
100301
107742
213563
181582
248449
386038
350347
367299
217310
134989
449315
368647
435883
338023
285459
311592
403670
170621
163173
392200
216273
359492
151523
393657
315100
404049
244148
130701
429096
198361
303331
111160
258920
261580
206894
444920
287073
258407
346834
388597
322346
239409
421597
392813
372896
103691
226405
153193
189903
395675
317450
219660
130197
199957
337217
126244
261352
369145
379529
168701
144109
247773
105478
394794
262761
356119
401362
297268
286551
328093
297904
111864
155263
251958
270056
151079
175705
168282
434136
130597
420834
299167
270193
446397
101073
140242
335793
247413
445205
192578
443155
348925
176633
127144
343699
121036
163791
239294
395180
305363
426374
257026
320200
228281
255170
400730
143183
426412
329038
204663
368058
366316
427172
446853
277478
328866
455830
193577
165144
231886
343847
348740
321783
398702
430235
106769
355260
389575
175014
441748
385848
212688
394819
287323
151096
248282
445216
380794
356310
215776
114589
405527
245445
147053
266804
272011
231928
421143
137981
453685
207076
182542
248387
232430
267914
176963
333582
320024
253518
187930
135743
335551
365618
191789
371424
111025
135972
403321
202481
115506
391799
387108
223546
141186
286480
176699
357920
446083
242717
329185
355972
320620
321320
330184
328214
157659
233028
362618
152166
434231
303401
148103
349673
269886
309751
188597
189438
171806
333611
327745
337517
310055
441387
377059
319702
167733
186902
257240
371137
131878
127911
313935
276784
330943
209065
341929
258001
358796
143011
100405
256502
103875
190868
384911
173499
125422
395601
259655
213188
278867
124302
241653
177608
148398
413195
241712
133225
396083
377072
293145
347119
442344
318633
443682
446484
442350
261663
247878
139631
403316
230124
347215
201563
112614
136113
169594
454445
130229
435131
236142
207690
411669
258669
208758
370410
158477
412834
355138
455083
309137
173256
223305
114995
336228
391101
134319
118380
245104
170016
312293
232139
176271
170740
407092
202226
441703
291745
326911
227871
349445
219295
303659
456140
294361
256495
402699
110280
287179
356131
266200
365319
434388
175300
175894
116240
212215
247457
449331
139561
393207
263236
201570
391120
297353
407151
445276
453939
130198
138042
283560
368604
279226
325015
426276
322044
142267
340934
391088
341748
365187
195968
103492
389346
363414
375998
118310
365524
146679
128351
245705
213200
182328
256508
126082
142474
145684
178031
304960
449656
386206
308064
417048
279160
116291
218456
182634
144987
352083
227650
387382
289859
387112
273073
183098
205296
152843
375106
387885
301154
330645
350506
340893
338654
442950
206759
318211
173997
311384
199194
116159
259455
316802
283926
138215
357815
402837
444156
386608
187806
120204
107705
395613
149526
114652
194078
434443
280581
347804
124740
258061
136516
378688
160337
230986
136186
360089
223779
177016
147989
441280
296567
277778
248829
380734
431864
183250
133535
269200
450807
344132
166824
398847
327847
423627
184798
248793
418167
104986
207206
415597
238842
277234
362960
260822
170485
299552
424024
237041
386529
184740
110862
228683
449817
247449
113214
453264
191587
363239
356420
328973
210921
146129
241802
307325
139234
296508
395312
415878
289189
180631
434741
403927
388813
221674
453419
407071
426465
330955
438585
316434
103739
221711
115752
329777
306740
231578
208768
224701
111908
275758
403372
362621
120149
417818
409565
242929
246860
363054
420321
300061
337870
154171
357581
293321
155241
218698
150209
204775
158814
204872
263437
386115
256625
201462
240173
422867
110853
390127
445461
341483
183528
413505
402588
227509
216736
296223
262296
317667
251332
292637
403062
407115
409652
317458
446726
453546
381543
154648
276146
291395
338997
294638
230570
443104
187361
300379
180538
233206
399629
199939
357020
176759
365597
174680
413818
230603
292831
439676
136012
309412
393496
303206
362000
119708
416916
364724
134941
291764
309486
116023
166718
304020
393575
203765
211423
116660
204386
120842
430199
230004
297056
445964
103380
118339
353046
158760
208649
216360
198464
114671
455554
152965
123468
351778
118535
193994
330718
115593
351544
445131
370357
386957
222904
354397
221052
445552
154308
303332
170209
389577
149913
151995
446588
135832
411371
424987
429178
177094
332672
159925
308477
426909
149555
129925
378631
296177
438393
163960
150434
363647
122813
170531
260612
145163
152111
427387
107010
166999
222734
186940
161426
244177
385054
161488
196697
217375
146417
280433
338759
429701
337387
276108
245683
440379
427932
151554
271546
334163
339863
318149
268927
214962
425822
201024
295215
367054
405868
279474
100879
136895
179133
337939
124244
346701
413066
142543
267990
175069
421154
338270
337106
233891
349756
375586
319873
388141
158450
361955
454937
276081
352964
227530
223335
336358
115693
379220
177723
329324
350169
179713
142682
287624
410769
118448
436496
301118
305802
364057
297905
177130
330304
455414
198834
370519
184521
226017
334678
348113
139578
119551
444589
299785
322520
168030
433658
403782
169437
359016
148430
140690
238193
439453
114868
356130
355508
397133
137609
208739
423384
246067
198631
298461
117740
318898
183200
152467
133734
242183
319445
412081
413241
381944
273038
282057
141231
255375
349746
445120
319466
162603
305327
391291
336642
245497
125241
203354
261727
450007
446338
152322
195797
123785
444872
356950
160438
373245
169647
193240
281499
151564
178259
410544
443322
300900
364113
183246
428082
327384
149839
251191
445319
359721
388304
235653
143383
202259
413490
143165
175387
254533
441714
374115
428693
229299
254252
248587
374016
452238
311894
403341
350888
315469
157934
298662
108880
267866
395008
193472
281101
406706
240127
401750
378974
222353
395060
221045
293772
397642
182330
391980
425512
428049
445066
139275
247355
230601
307705
352069
338380
308138
137643
404363
151855
228834
136300
178956
209874
244109
184983
220933
209230
271022
440934
341221
190519
149652
133870
343022
207939
355111
259437
341731
267878
420682
306692
393097
116843
231377
397991
432385
329484
383920
300663
267076
335575
444073
353977
235899
452483
373175
416668
358218
213458
393942
182238
186406
355394
116481
175059
360739
300773
454737
234757
218715
166613
217534
143054
106605
299583
237222
388192
266808
152056
237238
261572
292821
179484
456112
301513
174101
157404
379345
321389
134768
151470
191647
127743
141066
205597
302464
427606
355315
147265
158097
239535
228578
371810
447099
387326
433081
311794
448450
280155
378180
402634
196341
171681
297578
172851
194012
296531
189510
216136
369317
335125
110451
443789
125832
129498
291143
254387
217633
257629
272618
159970
171093
191315
389240
381451
172956
103977
117630
107405
235579
377718
421112
132218
126889
386413
440965
215504
282299
118011
311167
125504
191152
213851
367550
364491
338442
376544
284327
106384
120573
336029
453371
194062
444209
387668
245832
442506
214175
217041
125874
404640
184420
181250
336272
290839
171572
165238
318363
190250
306781
425467
371034
274855
436516
297140
221087
273494
453340
246750
272400
210575
297525
142798
155371
142035
177045
115253
120275
392289
250515
177443
319162
372982
437652
250082
403183
288956
195082
131640
307978
229973
153515
167353
169983
391277
438548
381871
423615
374102
213145
278030
126710
391416
335858
413779
308022
348647
264115
206660
170260
206568
345151
260531
380383
197782
396559
360495
116932
150261
336557
363442
106445
220016
319570
215523
116700
194839
101076
316102
345169
339598
399507
398707
170680
255359
185446
319883
109035
196596
139957
389354
338620
448665
181748
362645
144765
423508
311147
307777
206652
290826
198894
109116
378178
380265
291318
450824
363356
157865
329094
166821
410422
264550
322343
243360
388327
259942
262416
328591
130213
186795
169858
281327
375271
291054
248519
285118
252179
448786
178224
146508
258315
342376
150329
368410
450525
170653
454464
443077
163879
360065
402220
256528
265182
207493
378182
261363
121975
246099
100359
165727
234762
171039
126315
298159
276207
280720
395494
342678
301377
112523
412362
256359
273975
248134
313115
288014
133687
274579
125547
272738
364708
166302
235297
428762
408228
278159
341163
383988
309440
190400
300748
144352
210161
240977
361920
412836
278239
184474
191431
354590
243862
143125
325841
284419
444180
135833
448895
190157
241634
375984
444266
312919
310897
311627
221767
204582
449946
257435
316358
204676
236007
446394
156704
122384
324466
380843
160284
329141
118320
379856
208469
214870
341973
275037
304070
262153
281288
428378
364524
407961
203296
278039
109996
365019
109967
346121
234092
217550
257242
430112
363946
444503
263577
141899
436694
431424
221029
327655
351268
272864
179000
284943
422289
199394
383312
297526
417031
164535
292051
202696
208401
156658
126228
294025
363738
418624
197271
299051
198430
366269
329049
298539
160682
103555
255897
111493
161517
385431
314311
206450
315931
146959
317716
408180
159792
177862
103342
149968
303088
114101
201333
263106
345059
343074
178185
430649
450860
258845
190236
414938
270065
385318
294564
445729
381620
245769
277827
245851
109569
202415
139551
304826
125745
271681
351280
163543
211896
231740
208610
375627
454877
412288
335888
447095
266454
417632
286969
150903
196362
283699
136370
147064
301278
371240
127503
420744
382782
448752
109994
208043
193076
256100
336748
453946
378629
230651
127963
317393
256226
326300
239869
169119
429728
347640
141533
136606
372968
295972
294291
417153
124292
379920
192769
340318
340267
302508
288774
358709
113416
326360
383512
388828
455287
175093
376192
135076
393320
418448
148854
404398
350050
258198
438387
187560
303388
100199
433129
439449
108890
228283
139502
190371
223009
215027
120439
237438
230540
335739
113253
377924
135618
448436
122916
172215
302969
277607
194707
407223
261453
281149
160795
277771
114597
163436
408310
251570
408294
182789
300132
264664
155001
379702
330606
370124
203403
410640
317278
371887
187147
314962
185241
310090
100343
223502
289363
183639
439107
244642
177010
255056
190385
253005
336288
229092
150813
347580
137104
333201
203125
344628
430041
209506
433040
310840
451232
212503
108957
180924
229590
380548
170052
349996
409361
390197
255407
189126
222407
290720
399892
253846
258526
347032
310681
378971
449090
326007
285164
322391
149300
222474
103860
179082
138780
154499
181346
269327
259032
175880
258084
452044
230507
371261
243761
281030
217279
369119
230062
148651
248002
279274
376725
360104
145283
373483
258630
138032
448233
135813
263250
368586
138147
400618
382495
431689
319477
315234
279599
311517
287502
415631
274284
285519
182594
335718
365059
172365
275894
210827
413927
169752
332114
452629
176082
213324
376871
216113
436305
216021
362529
422898
446456
201826
178116
295751
438353
129051
453216
327152
202685
158907
307464
206974
123248
243027
454112
183604
179754
296373
137512
171460
252290
371599
105115
334715
350416
248446
332874
139110
152263
441645
239797
445494
328232
408557
351190
204810
426883
212155
173385
239468
189244
213647
193518
197338
216004
415830
210160
300634
307469
274293
431310
131624
146371
246707
241765
375476
309927
374431
211231
436412
400931
436686
224234
339760
455108
333342
106806
280066
141976
310376
175232
194086
178562
448195
230073
393455
249945
423898
120588
351969
293897
145140
287743
293954
238019
225572
369061
356329
130614
437656
292083
371184
351181
215634
390627
362827
313551
301695
330300
110785
189292
290488
215690
366030
258967
283324
119141
109083
301013
387346
272431
455877
133452
213562
123421
320432
270501
345086
266910
106036
112564
206588
432795
272202
337123
196405
401343
206022
448941
364214
205697
135981
251652
320270
182397
178350
267346
182699
200356
399517
425079
147051
159133
167403
372363
449008
421086
322777
440829
126938
368275
363914
402329
173456
178456
301119
428464
311836
399165
437413
411652
157396
119479
230923
341039
169952
442957
321228
257927
387446
213330
200714
195798
308951
200226
254058
416748
417116
259035
238882
340426
232666
299629
265592
398090
186626
198062
436186
199836
419197
291859
441400
339921
176801
173438
424751
322874
334851
216478
204322
263782
397454
216291
104980
335627
399449
254570
281636
360921
241773
438507
287857
455386
283377
320958
236051
195747
441353
350438
274262
284456
295911
405600
327791
372454
253724
345887
192658
208092
297417
430755
453516
317094
261634
330582
204018
120489
368063
306512
381218
374337
120098
346151
301396
343904
224382
436917
349790
361677
143403
282583
321535
447928
428775
170291
133087
307309
352394
415454
210550
316880
446839
259468
155157
311251
356096
241859
297633
158324
327825
381919
322094
206928
254801
164185
274817
243691
363701
280250
335714
119785
195108
178039
131097
216229
399640
223211
227795
320217
172232
369308
343589
443797
194219
223475
234495
139524
230511
360460
433290
443488
171248
161824
268117
326066
297714
196932
147090
243502
156154
253872
345801
319055
212056
401449
388096
313950
332593
249462
199814
172404
373551
282609
176117
270342
140900
425745
217611
387125
300315
425108
323090
383037
363685
452062
108979
410049
380445
333595
244550
412233
160348
189555
414572
142194
231373
416977
164640
281015
446262
178379
351743
400344
209864
101871
359425
176909
230670
441153
403241
207233
191632
431248
116603
271401
151542
443279
160639
282397
366256
392472
392257
348455
200070
145583
229985
254324
152010
238663
177182
275880
375855
438969
379468
396466
179056
453610
438840
258089
366961
317255
344696
450116
219417
248000
272187
192984
154757
291438
130986
435938
433209
124650
184908
439788
140030
392176
287737
321311
103534
197970
306643
355428
277973
141890
418036
443358
270428
440781
261512
446240
287935
437653
150035
293753
332218
178457
312476
380903
185797
338080
427722
281718
209232
170472
394079
184535
127732
227581
424619
423262
134261
405254
130182
287283
165178
103071
452183
371026
384755
103077
178488
409752
361747
138817
255707
346224
314020
138656
320450
318838
319745
390768
322477
322992
452366
289435
212606
184523
374651
198635
294468
438315
185731
317252
421712
175525
433999
188430
398970
180043
316210
207924
296743
211198
333295
333485
326161
351307
332450
385624
292596
398526
323912
294571
104828
143424
120013
295311
428449
404615
101147
193495
128449
267695
146424
431662
364217
308012
233916
152426
277762
314823
147183
106568
437102
225731
431258
324192
129092
280304
141651
146193
454940
352167
278852
164498
435351
120689
298668
403035
319643
452876
233844
328006
454650
328765
403499
397994
398316
102679
420525
113293
380569
431367
382756
416181
203360
249009
136928
427710
118099
206733
417869
264778
449372
258636
207950
373265
317135
283556
136975
301051
176858
454903
124797
261083
189539
404316
242961
436166
363746
318823
137916
308374
152114
190012
210235
326336
367014
420989
186715
118865
403046
378233
439653
454289
440084
370958
147093
394808
209644
355425
369627
149618
296226
357541
414510
144443
169970
170906
344555
338474
236088
268488
440655
279225
336752
134705
281878
363062
376196
390046
435613
438021
304459
337306
436130
379707
241680
318525
364841
360949
295960
226384
403757
330391
357969
420535
176796
114891
268491
224170
297723
156039
386846
156783
308160
252671
163178
176541
381692
371472
355227
172676
197087
125413
287505
266841
232112
143700
330531
266654
406894
200546
201531
132239
227810
436543
347052
385816
196664
121893
150521
222223
132623
319405
264214
405902
131792
166381
299906
246793
129504
157972
188867
430023
153325
343164
134873
192013
430727
133978
177290
111431
197940
358133
143215
372245
380698
412317
312286
436776
255301
250309
125506
294870
148472
275390
408293
380942
401618
384511
124970
272345
244170
132700
144807
175383
250700
284562
142692
307632
217051
330835
327077
210185
120622
220929
204924
392353
281709
201510
218404
138272
278503
338667
266181
377845
171609
154775
430601
391691
194977
310611
221218
290196
405356
218422
445973
115950
263592
229197
326980
375376
214214
125243
154946
436281
241897
269814
205145
278757
357924
319470
166499
132613
196642
377039
239995
273545
255016
244993
453033
280241
180353
189399
415611
452454
409424
193905
164303
181081
296455
379458
122534
174119
302838
215281
167146
400234
289855
128620
175462
287581
366811
355269
270983
241557
171445
112195
305892
373064
200545
227661
205354
370871
267703
377859
123902
439811
366136
110403
375759
171741
163591
184871
282290
319591
189768
243098
410449
130300
100387
113835
299990
247229
335804
146387
224907
269224
360131
214730
162849
430628
293268
265008
131317
226871
123453
279783
145712
423757
381811
321935
244181
323091
303320
352454
421450
296472
213801
259276
368558
109017
120602
430991
319888
444854
140615
306955
149580
112865
335576
170287
397283
319618
444357
221912
124888
166784
199398
406423
268467
104118
312542
414699
354244
324850
214504
203835
258950
278163
367556
301815
398161
326162
358100
368405
188149
356236
247363
355907
336877
195517
171669
384973
403534
417692
239846
388311
431536
325893
163600
233516
419581
254339
119928
117166
307257
301620
220116
173856
318774
131437
403053
224866
251273
142489
314280
357216
101646
449778
172324
373874
441053
258878
423360
118334
102589
368521
426345
385575
359833
110272
212030
335103
441367
412100
437087
453583
259724
441510
193304
219931
197238
332733
359420
200833
288824
311932
443601
129085
173390
364958
345839
375585
170021
396856
127210
299442
211409
133968
263737
278743
429524
185235
165839
241398
127029
405766
427913
426012
370635
274689
202389
264725
101821
115672
121813
249841
426490
356500
318913
158434
211778
131400
150755
219742
260570
210973
238857
278906
111924
423090
233948
319652
455177
237748
400073
387433
287782
147926
276046
125773
337974
211129
312448
334349
145617
141382
450813
198170
219705
289373
138282
184076
320002
444603
237481
283853
405728
299655
297949
223451
359316
271796
220926
233789
277130
228575
436899
422184
282141
369429
362356
401212
323074
170028
115061
375604
387983
177790
178787
345102
453608
204604
258149
360055
400084
149438
306301
245199
297648
438622
397116
383531
105379
385930
314546
318431
434965
220148
235875
248312
211156
285758
384083
139430
373395
371756
254999
367329
247148
304611
331718
278134
358625
145351
434412
406957
257261
125070
350510
405342
218302
452099
131415
364348
378144
369635
275835
300271
271182
304576
388301
379198
278270
249576
211762
232801
103085
320334
405173
345486
237933
112503
128338
389130
234384
253256
151657
347233
423577
208049
108800
303245
427539
250009
273802
166924
141617
440647
300960
291535
442411
285813
385433
212920
272712
291258
113334
415403
394174
231859
430269
402374
364475
217742
107211
100452
105263
219064
301211
223983
312370
152888
384588
182241
173562
197367
189854
308890
446202
281117
121213
110485
188008
362623
399750
248262
325016
160918
172979
317491
343088
337341
279045
297927
148852
396569
289196
145103
341693
101981
199680
304909
333346
133292
211917
290342
167202
258540
235442
344874
280139
269144
259493
148537
203287
143838
271380
279896
116692
415335
162394
270332
270724
215744
186857
300654
383125
165018
117115
337904
140404
113737
375770
446178
210210
269860
119825
108719
435993
173709
236641
369021
290142
313586
445726
282507
214164
412069
325226
214490
432799
141673
265647
409473
296894
237406
327650
307137
266538
100526
438502
172444
329216
234200
354468
335469
398176
430031
247026
249112
334044
428742
165638
351628
136027
250547
285866
144085
187316
160679
309384
185039
318649
291156
200608
294574
391681
145052
317370
219077
377572
433026
405083
212228
305103
168849
428656
112851
251939
383572
413762
417180
223366
449811
365934
363234
373184
411087
396721
362754
383972
446966
372575
210336
351975
291293
415379
418708
296497
178923
181792
274363
304055
324290
289708
161505
288491
430136
358562
146845
331147
419124
240100
281421
345838
226710
246388
226034
190870
157281
360524
239550
382008
234255
453965
295351
188301
252129
218463
144749
173577
106050
410009
123411
182649
408435
352518
106779
124293
409849
268690
325482
261564
339504
384125
178708
233364
254788
101373
343932
218003
107376
211189
414669
231639
421631
283358
237819
364532
316510
378150
337841
269380
226712
329260
321793
329123
442521
327329
330344
124537
384487
167376
293245
170263
123346
180800
382780
123394
114638
334323
272607
258273
392301
162273
257344
103482
417170
336998
248646
391706
192025
392497
165123
177017
279219
404802
340250
164599
318648
356110
330823
247833
134723
147780
184599
376803
437679
136353
208804
386597
228942
201429
276388
102497
115775
249903
385661
238159
301687
334079
140726
247163
189668
212129
317569
303002
210462
146008
326011
426181
200882
189273
414412
110519
185229
384506
431351
137521
125482
188736
140392
385258
384355
166156
427846
376443
156425
173630
173627
348861
348194
402403
452208
117881
429300
314177
288799
286810
270166
162255
201518
172872
314611
177000
397311
200754
104713
212546
404798
196966
423678
280682
280216
133928
442244
308529
297508
382929
349641
399415
277926
354973
127125
203711
358420
151904
395954
277022
128150
167538
375760
411158
391533
222896
274923
434248
450546
300130
273648
351205
239354
343804
181961
117276
283832
214532
435966
234140
377225
155828
219300
423260
348917
239713
225932
101054
119936
147023
209086
220626
380195
229573
115292
322683
387525
173792
434017
102624
121179
350850
374746
169849
400290
316095
207585
245698
380210
276094
443511
341177
293421
217380
349308
102180
446467
250032
253131
269898
383154
368582
264783
182457
156859
226419
375685
142045
271507
313490
195668
169732
320090
275695
124028
290573
277742
301670
118053
283892
345430
444423
113709
262087
353898
310508
305774
136961
216824
387851
390121
117510
412901
328102
306920
182033
224221
453905
384054
291875
231970
349229
329816
366150
430244
272644
317882
414205
198535
204273
339239
365192
361701
117244
435116
221130
289848
333771
421221
199941
370129
434771
239827
198339
162148
291640
207672
105954
250360
445176
230176
131323
276432
149658
281976
232162
307807
240848
288108
432898
247874
431218
156936
139889
373917
357693
307685
382071
106196
285175
255343
256490
257637
303642
211126
313491
293777
336709
194289
280942
293227
444269
314955
421296
455714
259884
149545
351282
397877
191053
441269
324462
333069
189553
184938
403925
339332
181062
142700
192125
303617
289107
403069
380580
274235
171844
137644
301359
290570
380479
153506
415026
169592
107837
441440
136629
396675
121082
373099
139318
419467
288390
231964
232960
237019
136637
322907
108060
327982
453210
347264
117655
381398
350470
246284
379074
257790
233245
445855
186192
390028
406517
412824
128451
142066
367145
443493
406424
390857
230834
141241
349817
294308
215467
177172
262490
205436
152539
232180
331652
163185
127127
178683
318723
164759
387423
429631
225728
166276
213629
185407
225587
161160
312477
341888
453305
323855
356694
136587
360596
333567
115989
165164
429561
342106
144747
250568
438489
350413
140841
228668
424969
411401
130780
384122
107069
455879
436366
350235
186047
417158
205829
104786
416645
322704
407430
210679
202381
416571
165097
142388
245725
225279
318677
408281
207507
119273
448756
443128
154045
398835
308961
233706
172594
344992
338102
354687
333127
435950
190573
254156
101165
101773
452022
285917
375517
184774
409342
312539
203963
414094
283232
179549
331753
434827
328221
246081
286055
437828
428836
383762
221150
135159
444615
330794
160974
249568
371272
122986
321822
101969
416652
186206
433291
187119
193936
142547
349040
211165
164926
107774
338778
176247
173492
330964
258414
291073
145612
291302
114807
175827
192181
322758
317164
132407
406056
309764
193213
370039
109588
370543
454320
274134
172432
270902
422793
286910
208252
435032
380436
233977
336811
391369
320367
423760
243048
226426
111361
229055
221331
266023
424140
110150
296823
109153
142726
415025
329272
305479
258946
446691
333806
401578
298808
120869
296415
327353
402119
166216
343755
256453
223429
126049
260573
121324
256354
210326
271619
172305
423647
235024
272125
251635
297354
392261
197391
406541
273166
378234
140238
379293
196190
240550
199448
250908
291591
291410
332102
380141
116464
157444
226440
148469
111915
360681
300696
303688
414155
108790
308249
100785
363711
343827
346154
440546
124624
409647
269006
112221
186518
327259
426866
226367
333591
412783
252886
326878
383732
438915
350751
233681
160791
312001
164275
286626
347704
398364
428134
355248
107009
212491
411750
203465
112011
217893
164272
176795
231443
104665
358952
209934
382052
435763
129769
443848
177547
321948
148049
205958
360990
254665
324770
107533
416001
364829
423069
184258
101688
213035
395018
454948
136278
100649
361970
305926
444883
117859
190559
420098
108694
435130
271215
438981
450794
101538
259868
151893
322012
361419
356743
321967
134170
315254
440676
303828
100326
222280
170829
283592
100714
160346
308790
423511
173199
146046
379931
173954
370852
149149
131065
167321
340512
396150
285546
304473
182656
375922
251741
341982
111545
383735
319720
329035
192850
196749
393161
384046
212924
360497
400247
354607
112813
135260
104706
262962
392383
356451
260445
426015
140047
388724
245982
222954
317538
423967
196839
408747
359443
223443
154530
125778
421524
324563
168666
410816
249498
454096
216242
121927
312246
376885
227273
307821
167424
277377
211549
131715
252983
134093
194498
414706
298227
246925
202804
250787
256110
311488
366580
432907
386797
349178
324350
191136
248265
264320
204613
204381
166228
447774
408234
168273
103979
285684
196511
101970
185507
399395
139585
125186
410155
308398
449285
447232
340482
405947
424425
195619
310689
450113
291427
369669
387088
437681
236080
197866
328261
287176
190350
441439
278241
105797
244067
323600
322967
314496
320076
373553
137566
440715
171021
282103
385516
426834
154498
432015
130400
216294
230920
399148
123962
327637
410171
448403
349699
295110
307931
129423
424339
452049
348735
125826
175709
231929
397506
452572
400753
389320
440935
334855
317617
446698
140029
287478
130523
110131
284386
295126
113969
431532
409725
420912
377651
258774
264164
253916
442487
232419
317350
162378
103204
176112
430257
293189
447508
169741
225918
131466
193754
340252
337610
366343
238972
372888
355137
101495
305145
416153
126246
319447
253662
167232
224955
175017
291237
193785
291694
228560
316581
279571
352873
378731
174310
394102
218966
356312
370553
155170
203510
371602
300123
116341
319673
321904
370309
220355
259887
181286
130171
164254
198011
419679
137424
423930
330699
268113
316711
265429
319296
116147
206874
196887
223322
385372
118405
411548
156152
162595
363784
242722
156456
355156
160690
151549
383662
333413
274880
390331
428077
126262
219334
372517
245169
350900
443904
375074
351283
421237
235241
402040
293801
192115
347412
322086
145318
152922
317124
146249
254827
393303
365824
298748
393217
328382
232502
349148
319456
238865
328921
426837
114936
191782
427266
449157
191370
398286
101458
219014
311281
194704
319337
302045
187374
323603
296225
321993
281345
311420
353094
327371
128562
284525
307966
234808
417621
234202
106627
218084
309277
148513
131459
314362
327918
113437
126969
170437
208023
388941
107421
405180
101033
158084
273775
288426
338237
306252
232538
185008
127061
347502
182777
149353
297002
283270
394031
387889
412539
310152
327288
275668
195831
269845
210416
168325
201280
305211
198481
230489
435706
102949
409740
211766
421926
351706
140405
441918
227098
203173
212574
364255
154401
197829
219084
303623
366846
176833
413014
228935
309350
203969
388094
369981
374785
307854
388736
216542
287740
323459
378288
358013
138082
351824
443552
139330
393522
333506
387910
389352
306396
416365
315925
231706
439739
117360
112026
100336
180010
204572
249170
360863
244491
298695
327861
177638
387829
339023
291634
442983
443429
124694
253159
302535
442979
397111
351862
147692
211323
245054
441058
422440
271738
254877
256699
130902
163327
444793
446020
406505
400885
101050
398896
436077
215250
418773
291741
177352
440194
377524
130932
264824
423884
344616
212075
437568
320477
273489
443862
168452
213894
374924
233771
331357
333138
453127
355856
306296
258146
247437
276790
352750
324933
372589
123472
251886
134931
353725
235040
387462
120769
182400
268819
198969
427762
212792
143242
145234
133689
244923
115936
424859
175697
395017
400286
266067
288825
429940
345551
110635
222266
362343
241259
149983
311936
273650
132477
301434
121577
249404
228679
294030
315020
102882
379218
377847
224634
331199
270589
309022
102335
159662
386935
318079
142797
349551
154014
445783
452591
154249
438591
348121
278571
332659
174082
317926
291500
260991
388762
178834
184725
406807
294608
352993
326527
400553
382049
186956
104188
350778
183019
250111
398212
256542
240823
265315
274494
308284
173159
341079
136805
101131
328445
247091
206829
130165
323487
222091
111536
328096
454114
207085
305256
454544
297766
388041
346315
445844
193227
426128
137179
356881
448186
432350
231210
278213
282594
186090
375577
389835
411002
172712
215232
261370
226592
147229
241017
228643
144486
226678
126921
346031
169906
240596
105640
314411
120656
354619
197374
427541
130479
383245
435922
393919
368907
448440
342218
317550
309446
209215
203272
450318
395232
313636
276380
188099
261179
205174
345650
394055
350143
154649
428388
206025
228406
226815
149542
435410
190213
325002
215415
216772
422741
199296
310890
151605
187104
108434
391832
198729
155395
328635
275535
294694
410013
241579
148222
376740
258105
340553
187277
142646
229131
374814
317662
334470
385736
424488
405401
241893
331315
389025
111008
110472
159378
336363
176713
441017
310271
411919
415515
195528
385242
294910
132635
418873
264532
422416
232079
236696
100550
264149
163945
341708
136592
248245
267612
247564
436852
106741
383391
343447
249104
357932
232158
154112
221478
149060
363315
443507
187395
232569
233334
147003
284766
455415
254545
392538
195485
135680
256118
122464
380193
338728
368768
354653
379151
135900
302162
432285
298163
197019
115699
192598
131598
239776
396667
127014
109174
232946
218065
332324
317417
241094
211693
194269
276401
114073
336952
236374
443894
109826
161587
198434
347429
428787
219572
225239
439278
185852
436944
127145
315126
144051
333331
130557
339264
351707
367987
360790
143458
217532
309907
244757
139738
176236
122079
407473
175008
301601
405248
285967
365241
262755
193509
324684
446292
324058
355110
278456
210881
416943
318515
247838
232678
264399
205248
178706
103172
447511
352681
226625
125623
205583
168681
298466
360855
143837
182307
228739
109853
295641
430918
215262
136425
234675
208782
165867
128988
139474
427362
421392
174409
399457
157710
217421
413140
270252
228442
268219
439161
386852
275732
365798
415483
418882
300790
454760
354417
164956
394457
168511
304320
328904
293585
397379
232349
216459
289992
399079
455314
300986
319657
184747
105308
415418
104407
367296
155381
453745
362113
392305
378547
357921
230745
150526
394608
294404
309531
450927
449001
255960
179373
418855
381297
408023
400160
321000
108733
213601
195795
138207
418042
383416
157165
362199
146736
153498
273628
329727
110956
199359
156222
236837
388045
137190
148464
199959
354521
388691
340618
306275
240508
109628
344713
419048
323301
442445
207098
327705
186193
136212
402004
154420
134472
279760
223828
191667
142717
350893
248616
242908
282061
232818
293614
320644
238647
326504
293961
338213
381251
224356
365739
127165
260993
119889
231588
370960
136834
358908
434756
264662
220894
141240
261586
331739
437386
196255
164375
251004
129303
300211
412630
315378
150027
204675
428141
260281
123747
124420
168065
171630
231560
294080
245280
225421
431612
439503
181089
272089
418403
369149
440967
250903
273976
401221
302788
223383
124848
231650
164076
211769
372394
356108
393018
394049
159017
317771
330820
138265
107638
390946
344082
440766
160130
169414
341824
105354
100011
139229
292658
341295
350016
178326
209484
327424
301951
368566
397515
146295
305442
217462
248074
262431
216664
365231
382896
148097
432810
117794
430769
238397
187084
388074
455383
194365
319903
269890
332064
444252
215462
117693
326473
209955
295198
305185
419335
115909
119981
247514
160496
376942
311906
103234
267702
346297
210162
243107
369974
306887
219725
200803
189119
335090
413715
449382
257061
126450
132053
299591
316142
281817
231311
274757
157875
213082
148636
440704
409107
103567
278578
325034
273742
348948
116205
359280
366579
180265
274898
162342
382215
216514
267021
178526
444735
403158
153190
372862
255047
304423
333393
379700
274444
182249
222835
446063
195030
383031
342287
383500
409943
418682
283759
155588
429195
186987
321381
183684
110539
352091
155222
398802
200735
412197
168445
191091
137164
431799
182972
251030
303299
124352
454824
454184
234656
338129
377130
146923
259474
273960
126330
261655
152516
439969
413539
340585
168547
122122
263226
437213
147355
224385
318494
201380
446920
310272
454892
389624
243522
285036
208812
299087
293478
245278
253120
229937
290067
427546
298912
274325
419694
166161
453058
286076
102044
184138
244340
441142
151742
117538
346522
423131
430413
367781
173428
188268
347157
342805
299081
101063
162463
234717
273690
167151
274245
362258
439527
347135
352155
447247
121070
168760
424964
148966
132891
188214
444904
112365
237090
189085
373935
302956
357362
378931
149012
141453
439439
345496
259024
275447
224948
262109
273515
127667
341835
232308
173871
264346
395117
241296
345131
247864
454967
193928
345379
143211
138949
189425
215773
185736
101537
426723
426371
102250
190815
224663
206231
269084
262422
377128
348741
408026
226279
338119
287625
403329
316267
104829
346005
288507
324579
273504
108633
223242
179253
390297
143301
263207
368418
225112
426562
338217
202166
301151
318781
106559
293553
248222
371143
214100
109268
342445
354123
155430
424057
261155
214195
148824
100096
229972
211512
125364
126847
379646
271752
351765
226829
277835
204348
437019
386117
227911
221772
283226
315796
187827
451446
158600
340452
106074
337563
289285
222786
172198
293135
165215
262480
273794
453020
241692
238178
295397
431784
237428
440083
453084
288294
366685
154653
370408
419393
401168
357662
413579
264142
380829
437406
392752
301413
263685
130969
229345
138121
366140
264937
299747
324641
144931
225885
163763
225400
265230
239673
134048
158003
221351
254076
235391
447206
291785
192378
349838
260379
193062
385721
230900
341255
440403
388427
353176
245161
122615
374716
141155
417056
156054
167967
137064
375503
367174
121913
204546
264440
362786
388470
450231
359942
453139
431295
176610
101693
336705
300034
298278
451042
240307
197467
170090
328374
351415
313309
151216
143118
410927
321307
425299
215522
379840
153389
419264
397733
265004
254706
436954
348561
265684
326740
224054
262090
383573
230744
163183
273984
161852
146101
441344
274294
221878
190110
309859
309858
337732
167527
370454
456215
281065
247274
283951
197919
270823
129810
201051
126667
151121
142240
116267
283064
386155
326991
110266
368000
271744
272857
157867
215706
290330
119224
137238
163890
186429
203000
290362
435944
229052
327660
175254
147295
171428
443905
150105
398948
224042
161748
209919
159166
310346
282685
184545
104742
195131
187723
109526
160810
323559
225866
273212
422349
152558
336128
141756
108444
386139
280196
321289
101283
360228
329927
271803
158559
355303
129648
136030
343304
237806
163657
250471
162481
141195
302321
302241
105224
164407
263192
232222
408087
237128
392564
245954
209216
358430
126384
142147
264517
154397
412540
280295
282029
178197
425613
266313
355881
130585
287924
382487
150923
175887
210186
169942
149653
153062
303138
277486
401757
147624
341829
427719
250864
342855
202947
221442
422169
225539
435873
156036
410803
311336
446314
358991
292033
356780
424665
233008
234597
254547
370461
318611
139706
167523
171410
430739
173825
367259
139125
344776
230524
425503
288749
153982
180332
256409
177975
363034
128690
109345
385542
308926
136939
452295
333658
123003
388526
124120
134228
154635
290951
447822
260414
412653
355036
360327
323525
154386
286293
333427
256624
347560
361538
402099
252024
232358
176208
261463
295149
449621
377914
422252
386778
295967
449940
117691
222278
271965
270765
147412
331920
280509
144233
129709
316518
365987
223879
223619
253290
104868
206794
260459
356274
450889
267830
181126
120492
162404
450624
173309
343431
328334
170390
378566
271948
211494
273478
270827
206789
319663
368210
356945
227842
209662
372413
275780
225841
316875
408779
452234
322340
267972
147377
251986
101704
395555
188904
127653
445990
211463
438342
407656
173513
407253
229629
139248
445128
174900
246452
302439
141521
261781
258172
178513
428087
364533
313031
412970
213017
117479
228493
286186
298430
370104
337578
347820
405920
321860
180910
102498
183403
146638
352513
387991
213348
238808
200162
221207
132823
295602
268383
269984
182257
310796
253307
268158
421029
404486
353957
450127
273134
259524
172836
319339
425569
394112
255140
100246
243356
361626
417472
415773
396664
265548
257860
236994
228994
202515
234168
448852
228484
412341
113033
305875
395476
310488
350732
213387
250930
343416
372536
438986
237919
430842
265665
143824
172352
282425
403867
243852
129080
239017
421367
420987
375402
271950
295663
193212
389803
407571
432408
143949
133488
409410
204798
110822
210507
143193
138851
260370
129650
406439
454022
134308
327381
430382
156457
187918
225243
385043
141769
229080
294545
314353
269383
372451
254713
280039
377221
132277
155475
445093
172977
284402
441776
374846
315852
216462
347313
158131
170468
191274
109801
246795
278148
173554
121103
405003
211034
249775
289418
299987
292292
182289
450066
302327
400351
365387
320552
178100
372497
160945
138739
452415
246349
200319
353755
104000
391731
428447
208367
203257
304247
160960
281666
361810
239183
131619
414753
447195
265929
165719
399534
238059
421542
381935
373177
280562
237241
180561
341315
171856
196783
437207
447667
233323
270939
115008
366244
309954
292518
272451
249750
261581
227638
279536
274628
348640
433550
312675
149661
171815
437101
389564
118695
402402
448901
389217
397430
211949
165699
367745
349291
309794
451341
247400
207269
256105
196559
101772
348453
180589
285362
412444
453156
186073
441428
368601
203020
376588
282088
411705
330318
399956
249967
240153
375346
142818
427812
244316
428239
182835
360854
398266
296077
449678
162130
258265
305098
404773
259321
138074
315044
284037
312485
366290
426327
156288
111922
169518
218890
342878
193952
435854
235582
169982
254225
135042
186744
310502
426066
276760
390462
325947
143519
158460
136196
191068
429027
316857
147332
193171
276032
405185
438314
108147
216164
165886
270261
105326
277743
448325
274569
285829
173597
455517
449061
140977
110629
247266
427277
421992
120505
436739
107957
194148
322508
241884
428491
139195
399101
216055
273990
375796
347587
219890
253017
125077
148778
133779
319951
425859
389883
233984
300078
252629
161134
386908
456075
222030
303527
118455
393040
159062
368786
298848
326354
348291
184570
211552
347800
189921
250892
167071
182923
143788
171957
452349
406441
307084
412511
164239
224448
288565
348981
145809
325887
315736
155015
188801
364867
398808
278771
276000
139359
211605
445060
133542
379358
306958
135396
369426
123008
378583
140501
278573
351886
397296
113556
170116
313458
141883
347852
213581
194593
322545
354971
279795
109705
267882
326132
121365
241742
338430
113311
116270
153320
353508
224352
212662
296797
285229
390926
368466
339653
284697
153944
251502
103700
257985
157628
366312
169655
385642
363173
395263
112900
301318
139346
223671
349162
174847
153621
180083
277795
111302
413201
452881
392090
361206
144705
123119
255469
205661
208798
198162
324322
421588
166198
127424
233678
136955
313956
274137
206614
297482
158108
194982
113731
139914
166604
299418
275953
101739
259979
369416
313673
411034
162797
304326
172859
228597
347970
256576
276099
221174
256898
227452
264901
228471
364381
214400
369773
124951
200582
178354
111920
213002
435281
338458
304300
116441
295912
140819
300755
175354
202759
173603
313530
164737
265466
265735
257603
158378
326610
271563
315238
103060
340209
336566
419208
264063
123373
131122
322634
356266
351229
123481
282846
319517
418504
295707
104970
146863
435670
279398
124273
141629
358376
153489
395642
393765
153293
335826
242892
374945
435041
179772
380224
355766
440077
183183
447289
211284
110714
444547
192086
313601
216596
371170
161823
302489
295825
188526
417764
172850
166534
292206
374499
127036
142701
453649
287441
284209
113637
173435
328952
326341
157114
116470
170710
166207
319848
301229
138178
361558
123605
117409
119147
109729
332558
425554
425044
304747
369225
285084
122357
264220
295012
150586
119909
289105
341043
238485
239902
307370
396798
412930
217336
300448
221501
193961
235047
215920
145055
384643
297062
372180
331131
106751
394352
182804
281340
261147
234995
435554
291235
455189
253068
185073
226002
187424
171816
364116
279271
355342
395051
262983
307656
175503
219386
312342
291097
372303
289468
110083
122607
394560
326178
380721
165594
102053
209433
318783
124086
414602
309771
228286
446221
263934
448699
119073
186814
109550
380665
187460
160300
448348
335785
148016
120549
205313
187409
297137
189129
180968
443543
