179864
221953
145772
155684
290914
351689
302337
222329
159537
327716
430133
330894
248155
207650
229654
250547
184406
119298
191530
315963
223761
305257
398958
122317
290506
334835
453922
344527
316591
430635
392747
449778
392576
407641
396007
390684
184804
358539
353935
141529
375363
135227
286022
359904
451362
283560
264758
181033
307621
170182
376258
235109
170518
192457
452189
213042
217506
113713
341768
162651
110925
102775
311706
187916
100835
435391
411952
210058
224157
160857
328979
106920
163209
304872
108275
323110
379187
401732
419850
124767
376954
315138
153745
453269
306623
116538
142775
200197
436989
454210
175272
317133
111815
366638
264791
265980
362701
433751
270172
406857
161400
307524
326766
236909
185382
312881
346597
271327
121715
348888
163812
360553
388735
232200
231456
324489
296607
210487
364121
146181
375809
240039
264597
100640
196423
240667
450279
129812
322221
366350
354566
359997
154624
108593
250493
275175
393751
246228
110424
129953
394954
205399
434370
361788
172104
371943
138513
159731
360903
128023
446493
296164
321334
146791
184089
369535
227885
386586
176770
389861
