221953
145772
155684
290914
351689
302337
222329
159537
378649
327716
430133
207650
250547
184406
119298
191530
315963
182060
452896
122317
254401
290506
202576
344527
316591
430635
358907
392747
374806
449778
392576
407641
396007
184804
358539
348623
353935
141529
375363
135227
138540
413097
283560
181033
417662
454056
442147
170182
376258
235109
260003
427000
100587
192457
452189
213042
217506
113713
162651
359066
110925
102775
311706
187916
100835
435391
411952
210058
224157
443579
160857
328979
106920
163209
304872
108275
323110
131972
379187
401732
124767
376954
315138
370548
387100
453269
142775
200197
454210
175272
317133
111815
366638
216660
264791
265980
362701
270172
406857
307524
326766
236909
456141
301066
346597
271327
348888
163812
360553
232200
216052
231456
324489
138646
210487
364121
146181
375809
240039
264597
416735
229133
100640
196423
240667
153468
129812
322221
135984
354566
330660
447360
300035
108593
310902
246228
110424
261507
361032
394954
205399
434370
295768
361788
371943
138513
159731
360903
128023
446493
296164
146791
383807
184089
229028
227885
386586
176770
391950
389861
