179864
221953
145772
222329
159537
378649
430133
330894
248155
207650
229654
184406
191530
315963
182060
223761
452896
305257
398958
122317
254401
290506
202576
334835
453922
316591
430635
358907
392747
374806
449778
396007
390684
358539
348623
353935
141529
375363
135227
138540
286022
359904
413097
451362
283560
264758
181033
417662
454056
307621
442147
170182
376258
235109
260003
170518
427000
100587
192457
213042
217506
113713
341768
359066
102775
187916
411952
210058
443579
160857
328979
106920
163209
304872
108275
131972
401732
419850
124767
315138
370548
387100
153745
453269
306623
116538
200197
436989
454210
111815
366638
216660
265980
362701
433751
270172
406857
161400
236909
185382
456141
301066
312881
346597
121715
163812
360553
388735
216052
138646
296607
210487
364121
146181
375809
240039
264597
416735
229133
100640
196423
240667
450279
153468
322221
366350
135984
330660
447360
300035
359997
154624
108593
250493
310902
275175
393751
246228
110424
129953
261507
361032
205399
295768
361788
172104
360903
128023
446493
296164
321334
383807
184089
229028
369535
227885
386586
176770
391950
389861
