179864
221953
155684
290914
351689
302337
378649
327716
330894
248155
207650
229654
250547
119298
191530
315963
182060
223761
452896
305257
398958
122317
254401
290506
202576
334835
453922
344527
316591
358907
392747
374806
392576
407641
390684
184804
358539
348623
353935
141529
138540
286022
359904
413097
451362
283560
264758
417662
454056
307621
442147
235109
260003
170518
427000
100587
452189
213042
217506
341768
162651
359066
110925
311706
100835
435391
224157
443579
106920
108275
323110
131972
379187
419850
124767
376954
370548
387100
153745
453269
306623
116538
142775
436989
454210
175272
317133
216660
264791
265980
362701
433751
270172
161400
307524
326766
236909
185382
456141
301066
312881
346597
271327
121715
348888
360553
388735
232200
216052
231456
324489
138646
296607
210487
375809
240039
264597
416735
229133
100640
450279
153468
129812
366350
135984
354566
330660
447360
300035
359997
154624
108593
250493
310902
275175
393751
246228
129953
261507
361032
394954
434370
295768
172104
371943
138513
159731
360903
128023
446493
296164
321334
146791
383807
229028
369535
227885
176770
391950
389861
