136254
393575
401804
347744
132341
394688
279274
179214
110086
332619
161759
134187
152748
163766
358928
293491
267292
145802
361806
121966
173256
365814
167200
100679
180938
251256
452143
203488
350470
180154
172065
424487
294659
186659
312530
371906
413786
280507
298044
191512
156190
155185
420338
364904
249391
430288
140480
175841
179937
254292
105379
173398
403581
337904
178338
370246
364637
213310
415849
289996
274689
275850
256946
307007
133391
321724
423220
227398
154543
115766
342213
124744
213948
205675
254819
137957
154281
438180
144994
414396
103979
168510
153060
164999
246943
455387
375748
288198
452001
328989
420151
158925
180170
281533
114370
105632
399395
358019
419219
207704
162747
305147
321286
267370
186047
263472
393687
298365
107188
126570
170015
373514
439969
266565
133019
144067
234588
187560
258323
422029
376623
244427
152010
416993
195996
383474
378930
416669
108560
310630
325159
436161
170469
210308
273515
301736
274151
407888
370053
407900
438571
403921
319175
170989
182827
308141
269814
308848
407504
409881
398119
117751
186032
184150
279017
217678
117175
422915
195030
352413
