136254
422163
393575
401804
347744
132341
399559
234040
113328
279274
179214
110086
332619
161759
358928
293491
267292
145802
338858
361806
365814
307108
167200
180938
251256
106771
452143
203488
350587
350470
180154
172065
442284
257245
294659
186659
312530
371906
125207
298044
191512
152979
155185
406918
420338
364904
249391
430288
175841
254292
173398
403581
337904
336026
370246
364637
213310
112465
289996
274689
256946
307007
133391
329878
321724
423220
179589
154543
115766
342213
213948
205675
137957
154281
144994
414396
412081
168510
164999
378786
455387
288198
452001
328989
420151
158925
144625
281533
114370
105632
399395
358019
419219
309517
363981
416498
207704
300332
162747
305147
321286
267370
353144
124851
263472
133883
393687
298365
183482
107188
165214
402721
126570
170015
373514
439969
266565
367723
183327
144067
234588
283439
318277
258323
422029
376623
152010
361956
195996
416669
108560
310630
325159
436161
273515
279511
301736
274151
407888
179060
370053
407900
438571
403921
319175
170989
250277
182827
308141
308848
407504
409881
117751
128988
279017
217678
117175
195030
352413
249455
