422163
393575
401804
347744
132341
399559
234040
394688
113328
279274
110086
332619
134187
152748
163766
358928
293491
267292
145802
338858
121966
173256
365814
307108
167200
100679
251256
106771
203488
350587
180154
172065
424487
442284
257245
294659
186659
312530
413786
125207
280507
298044
191512
152979
156190
406918
420338
249391
140480
179937
254292
105379
173398
403581
178338
336026
370246
364637
112465
415849
274689
275850
307007
329878
321724
423220
227398
179589
115766
342213
124744
205675
254819
137957
154281
438180
144994
414396
103979
412081
153060
378786
246943
455387
375748
288198
452001
328989
158925
144625
180170
105632
399395
419219
309517
363981
416498
207704
300332
162747
305147
267370
353144
186047
124851
263472
133883
393687
183482
107188
165214
402721
126570
170015
439969
133019
367723
183327
144067
234588
283439
318277
187560
422029
376623
244427
152010
416993
361956
195996
383474
378930
416669
436161
170469
210308
273515
279511
274151
179060
370053
438571
403921
319175
170989
250277
308141
269814
308848
407504
409881
398119
117751
128988
186032
184150
279017
117175
422915
249455
