136254
422163
393575
347744
132341
399559
234040
394688
113328
179214
161759
134187
152748
163766
267292
338858
361806
121966
173256
365814
307108
167200
100679
180938
106771
452143
350587
350470
180154
172065
424487
442284
257245
294659
371906
413786
125207
280507
298044
191512
152979
156190
155185
406918
364904
430288
140480
175841
179937
254292
105379
173398
337904
178338
336026
370246
213310
112465
415849
289996
275850
256946
133391
329878
321724
423220
227398
179589
154543
115766
124744
213948
205675
254819
154281
438180
103979
412081
168510
153060
164999
378786
246943
455387
375748
288198
452001
420151
158925
144625
180170
281533
114370
399395
358019
309517
363981
416498
207704
300332
162747
305147
321286
267370
353144
186047
124851
133883
298365
183482
107188
165214
402721
126570
373514
266565
133019
367723
183327
144067
234588
283439
318277
187560
258323
244427
416993
361956
383474
378930
108560
310630
325159
436161
170469
210308
273515
279511
301736
274151
407888
179060
407900
403921
319175
250277
182827
269814
308848
407504
409881
398119
128988
186032
184150
217678
422915
195030
352413
249455
