136254
422163
401804
399559
234040
394688
113328
279274
179214
110086
332619
161759
134187
152748
163766
358928
293491
145802
338858
361806
121966
173256
307108
100679
180938
251256
106771
452143
203488
350587
350470
424487
442284
257245
186659
312530
371906
413786
125207
280507
152979
156190
155185
406918
420338
364904
249391
430288
140480
175841
179937
105379
403581
337904
178338
336026
364637
213310
112465
415849
289996
274689
275850
256946
307007
133391
329878
227398
179589
154543
342213
124744
213948
254819
137957
438180
144994
414396
103979
412081
168510
153060
164999
378786
246943
375748
328989
420151
144625
180170
281533
114370
105632
358019
419219
309517
363981
416498
300332
321286
353144
186047
124851
263472
133883
393687
298365
183482
165214
402721
170015
373514
439969
266565
133019
367723
183327
283439
318277
187560
258323
422029
376623
244427
152010
416993
361956
195996
383474
378930
416669
108560
310630
325159
170469
210308
279511
301736
407888
179060
370053
407900
438571
170989
250277
182827
308141
269814
398119
117751
128988
186032
184150
279017
217678
117175
422915
195030
352413
249455
