130713
160516
449029
168650
212560
378734
107743
192576
135610
193472
260069
320156
212322
450645
256238
320020
144330
164787
205455
111349
412665
260299
417978
433624
314733
273523
375050
263083
384389
377074
279499
237292
163213
417314
273572
271405
226197
410455
322499
281384
289551
155478
127695
356185
254582
146482
323986
201868
174783
326737
448358
171468
221320
278678
423635
111782
370049
342056
161767
158745
421117
155350
158686
344195
316792
425140
384447
304947
332473
321244
403339
375152
338153
200092
308472
275975
201183
437680
192446
174267
209147
394879
342233
177888
455679
229032
448217
164218
201819
145304
395093
308205
276915
175990
309689
151120
324909
376009
158649
180558
199156
394881
446848
111449
261370
322878
346401
148479
351706
360065
152882
390356
401927
307030
250277
452953
379242
137002
312823
325768
375861
295052
293449
440403
269603
138535
238690
242437
189724
346208
271998
306377
378397
374752
222757
423458
423967
146766
412110
307448
172826
181372
323444
241133
181818
384610
222703
437258
389150
435456
180509
423808
322665
437869
199162
162688
354916
352764
220851
253282
434063
101929
297570
407512
148958
187292
312179
301729
215421
134075
452029
416768
322505
449834
290051
153547
292004
113823
123600
289849
248359
321178
105501
135300
280257
282534
366663
124284
261042
246831
364104
397009
117213
309821
154570
250559
339726
140583
267760
200239
383389
271884
370950
227678
225015
220016
223395
297282
393313
418561
218407
320136
368449
323794
320325
257811
120387
302032
135043
273041
226023
243201
442957
399060
208760
158933
424753
272360
298177
232740
438257
360423
190802
130099
219488
362867
137905
328762
443682
439680
430840
427888
324705
407533
159621
239138
253406
160497
201471
179387
163550
116334
148651
406441
393915
416943
107601
428214
274991
438163
179835
451843
336662
273355
235385
426088
120224
326772
313319
415937
411241
339088
455388
427920
182620
327477
170979
367528
246929
331229
357276
308203
418164
229230
245542
201146
113781
283676
171900
236300
328162
292454
245582
275327
273370
294564
312530
120313
313540
140985
222958
385265
360069
377044
206580
388070
243437
223119
234675
337315
316767
147623
138167
250715
404075
152156
135563
295359
408595
172427
245169
310849
190498
361410
371344
177786
337711
269116
330104
170205
306363
360250
255972
243373
101575
151175
358850
418739
328457
155796
437909
167516
211101
139736
451677
260232
245872
332914
244970
157148
284098
422697
122687
413782
344556
402963
327492
396811
410177
169302
389212
182858
255110
446973
250680
320324
338057
447045
429395
361952
450829
159895
218155
117590
128778
130415
295776
443713
112325
274537
187052
104185
349452
177817
195229
110183
262431
206190
111435
152576
407281
398306
415446
119755
104558
409706
222788
256597
352306
100576
306909
422871
180762
108399
198248
155247
171013
247873
271330
103118
318493
276747
278664
323520
294175
126891
180898
261448
396728
446362
353213
433186
396672
284700
159517
212606
322611
110722
307766
313673
298511
220128
440655
265999
134906
363837
323421
379815
407319
252500
276976
402292
379274
230650
414959
331418
201994
230154
151957
407662
131430
329996
119352
406595
424597
448583
166627
426554
446754
388741
290701
222946
109869
214998
188818
298605
382404
131004
274569
439010
405163
322540
263587
112379
353742
106281
301791
229324
226710
279714
362792
378402
250947
334556
246050
218621
415800
133690
141696
132284
322613
146067
435253
369118
164033
114409
425828
442532
269492
192440
207357
166817
209408
167926
354075
304893
362747
451808
174259
153181
244352
332281
266101
383762
271754
377094
307125
409742
444270
370593
162856
249276
121368
116593
418233
169637
221127
273984
396055
170949
276141
383379
230546
274743
120575
329504
145324
382363
241295
359995
293533
330968
252654
444148
380478
143205
114406
138297
312274
382717
326336
345665
189127
412069
442259
161706
289524
399662
429154
282012
356766
350714
157495
431977
446244
331449
370170
142813
257547
147273
319492
245535
110749
282596
125161
206036
246819
281566
445384
115335
180440
252184
400986
119621
259351
118418
107594
130806
120553
128940
175462
365933
435824
436614
411726
295982
282653
280863
211502
384697
173653
297837
177197
342969
326688
438250
436242
183926
254935
269332
216993
264116
116709
273922
194115
310873
168439
152330
161888
262438
107288
408821
387647
434827
277467
320531
320022
426804
398002
324836
224151
157800
257517
317908
216966
329563
135839
315116
234782
280501
146937
102991
146040
161151
351543
148919
275390
167369
147359
257970
116866
287473
421548
172336
409407
431760
433263
267415
413502
142052
421601
181955
212539
208150
230062
121917
282087
343622
407958
394058
181222
100282
336097
216451
310821
432019
427760
209632
379199
422804
174894
178108
417312
348914
206364
214198
264241
387594
202064
257604
224923
387918
231385
327373
395322
292578
344389
218237
187775
446047
169731
178880
163567
123743
339051
250366
363225
118675
179631
325861
438045
169794
145327
217386
248616
429439
265915
372572
308560
282449
446037
400522
366593
247720
164510
180327
409769
201822
282785
319422
175751
378542
389474
361750
216770
317461
250727
168740
300945
214462
267527
180364
304241
238911
401601
113062
413305
152341
190421
330744
379542
383749
443916
354356
421632
302656
267722
127067
173111
402316
131296
381089
171473
207203
121075
114722
202540
386424
429478
250157
208913
439141
278295
140733
172668
113545
169970
330580
226160
232868
344158
107296
309021
251522
143241
129787
294329
448062
431439
365561
363646
333562
439007
410469
402501
106657
418078
152670
299563
325033
111801
390798
416072
386688
138853
158592
216021
362019
226874
349390
334563
277765
250842
313013
119268
267204
387672
288895
198533
177416
211691
328744
145155
187634
366954
306317
116408
248823
364958
314461
123116
300710
335925
308659
209383
340939
276563
139911
403759
182042
327065
230297
387680
337837
239367
264293
317485
408500
206802
165196
345744
399269
313078
369831
449958
373053
445890
214965
454626
131908
299918
153456
110198
427763
380880
100513
447648
443692
150894
322137
123100
336062
236088
338484
295315
408433
265530
320258
145165
163558
307907
331506
403986
200090
223731
456087
311446
149661
186363
426743
271373
409772
450318
104041
350022
116430
443999
416128
269364
218212
305428
194831
363190
216373
235604
420122
397134
403477
449399
388637
335945
182029
350132
231096
321354
412157
439166
214081
248157
237089
330551
257303
376167
228546
119486
235282
331660
152187
138931
198093
277475
102225
448567
249851
299054
135448
376839
427836
149245
205408
107997
393595
137279
218627
266311
384493
134705
263652
386405
307531
186893
142603
313640
234292
274345
301423
136909
215744
129486
364052
102366
322102
206056
380769
376405
193257
182993
383651
238547
239359
406601
189625
332116
236801
281302
439409
446484
278336
358641
195383
398415
185112
300351
452413
403846
243271
135537
420650
163447
433685
323661
146161
347289
377140
255049
143454
187399
420120
288446
341757
385337
162018
125861
222393
255051
371237
341420
134257
356553
123102
175185
130515
288812
150556
129418
386346
426596
447443
191637
160122
166314
411296
225110
420333
397070
186763
211090
408942
363228
416213
154256
204768
420031
414077
263733
364758
153293
198063
128821
279169
211611
228159
214854
236004
269407
411209
392587
388786
322232
280149
136724
422022
119815
282959
301661
274973
421401
382667
250972
118699
332624
314290
265202
449678
221698
360839
223828
369763
141260
357446
266052
220784
308981
320546
157259
394811
260809
221207
191527
103877
390931
346882
248104
102155
103072
251052
432672
379813
140011
227075
121463
358862
445576
107160
108895
356636
241328
455068
361259
308432
215131
194084
335454
241049
423885
107918
177996
183447
452217
167429
252736
208795
265653
216836
227937
197020
432949
237420
225903
298888
384466
451728
120823
148341
192612
380084
397117
313696
207457
425949
243640
319306
245355
156901
242578
268322
451036
421366
159430
192255
391807
262220
320304
435325
268453
147409
404951
444201
428888
391928
340764
409680
393105
344761
159875
435557
391917
195864
416716
266232
188702
374167
413314
455014
258857
412148
357011
339854
257674
272528
192618
440829
373623
393219
399007
380098
174812
268379
281652
207799
426810
294251
244602
131887
400499
109304
431207
254687
283129
313785
367464
369507
264027
386755
278757
244739
394882
254624
402731
112920
343332
222802
183150
384632
382900
395376
419453
349435
198191
433959
241896
333543
400041
436941
139754
304415
182795
308165
340030
183884
166909
164498
322218
416952
364552
341179
335978
447741
437339
322072
352115
401870
427812
221703
169268
414961
404073
437081
261614
222031
212193
258285
351016
252132
289344
276657
372733
372983
233181
320618
116592
398547
289118
249743
230172
336074
383066
151803
215027
282549
451802
433700
224920
290305
147485
202462
315241
362929
419744
153460
434397
142563
306509
261406
424671
162603
297496
405731
412298
241790
337111
109738
267106
412125
114276
440005
174170
365874
265267
244831
422703
404894
216499
449663
375517
290656
149697
215875
371305
441884
179403
161075
279112
456055
364941
216275
273328
309236
120311
170835
248389
267648
427605
337316
445129
378633
370613
404353
336392
433832
419665
144747
218060
267190
266349
193785
342763
392488
141714
347330
119152
192353
328675
398019
456112
411110
293559
205521
340367
448643
259136
142404
165999
284415
358681
102651
208444
119927
302661
182149
427917
212492
361316
171470
299047
382950
373037
433001
379151
141544
402115
120844
325112
335391
270810
107884
262718
184199
339631
433698
425822
245075
240745
315036
334853
203824
367743
180029
232436
440196
296298
293699
241616
256450
206817
343451
396721
212563
377948
158811
140620
350738
179521
437104
172797
215971
374213
314963
317064
437213
110791
191956
330784
426091
130897
351883
211034
312332
179078
115666
200288
436749
121683
176571
101247
399084
129507
348601
182821
207642
353422
444511
194685
389785
414523
137469
273598
266840
184889
374675
276357
340426
234643
265167
246211
371019
260311
168393
213759
420111
315009
340447
447703
417016
409260
200249
106478
369374
153865
349240
180682
343559
155325
394195
233507
186072
280752
411376
213798
295808
330198
331038
121004
437280
149240
214135
159822
349709
245884
414390
189721
193337
134539
279979
156381
287367
269533
260303
275290
232870
376178
364473
290019
205874
261198
209454
391536
313812
134777
302869
248406
364687
240879
194547
309872
336807
387824
293469
253846
430855
449182
312652
174157
368267
310277
160881
316664
146077
384326
197305
172836
167742
255702
178382
352520
426395
427231
229601
337333
232795
286306
397471
170513
446910
201568
331259
245587
436608
434345
149330
346606
192994
175437
124805
382293
391089
198013
421957
194839
416692
348170
141169
412483
230481
376100
435793
453185
125935
285468
122515
194722
386892
149631
218533
287618
179470
206241
439385
435476
316128
277133
251006
297716
233712
366167
392326
387317
360848
407552
427278
273330
206836
337777
299057
437072
197727
248562
325329
432371
154833
388806
368459
336607
397837
311606
115772
218596
111138
335922
424448
223380
229102
171725
280305
439719
276616
251987
103987
241213
440686
228749
450901
286534
443272
365477
444252
190866
205253
383151
135660
220109
174142
151506
414774
201684
230511
148753
114245
171130
356841
316459
233099
434909
305390
154627
332218
332536
127379
106546
162795
426418
371273
100546
230291
202398
156037
100493
211881
316628
283780
107438
102688
212559
415969
278401
440167
417050
152836
229834
251835
220542
400674
101474
421441
171091
197344
140050
137240
218890
284903
374773
112884
410532
396818
178536
362778
126666
402797
172741
277936
287362
266946
296697
209742
446948
147361
114304
388675
357140
173513
243418
222944
207628
324981
131972
404794
442470
387845
446818
392321
420391
313006
126319
195459
349211
232712
264526
361146
368704
241611
238387
283084
269373
352806
442844
395240
399728
257087
175630
189535
404786
414240
425528
251734
104270
335904
317690
253506
138191
251395
141361
368658
198849
376287
101252
231929
151512
315447
452703
253143
450694
147451
129974
187860
373127
358931
243686
261292
212529
192845
395056
194190
392660
216988
309930
224311
450092
210635
378080
138649
345900
228648
186177
406758
278117
382782
257001
143354
355401
156715
181761
383882
428998
225843
245736
107957
263921
199358
209685
317631
138972
227617
114177
182320
373988
177078
411807
332330
391854
149270
300849
178032
164518
298626
323130
456090
139634
274794
274176
227974
204879
199271
126800
181570
139643
358530
100008
307076
239046
120447
190154
257010
283719
244885
331502
313378
402438
238697
366961
183963
114656
381215
412158
392179
101074
272312
309194
100205
273755
453375
340872
178709
304234
306118
289994
430179
241034
166214
394988
128117
296104
372710
205136
413913
299401
117140
243308
388955
380201
432402
321001
187427
206351
206065
106706
176221
398973
286737
379535
335268
388096
281890
238060
402374
429447
139336
122151
391736
269315
172702
338302
361655
226518
129087
213445
430913
129614
407874
177717
396225
318648
239653
311656
213624
202758
339931
438680
108313
354899
331359
429849
361456
115785
126628
400435
174512
298942
320277
193355
422299
154537
266895
408324
447851
237577
372902
414653
112174
319867
279251
379537
442944
248014
285216
297949
350025
170333
194902
383509
305939
327559
327553
155502
426362
311467
383879
350104
149285
349049
374669
343612
179097
281724
125308
369238
133820
286870
218998
120941
368710
149618
308746
263194
175678
347823
390090
278357
235064
219341
195133
114084
258173
432564
183388
452371
278089
275341
234558
267348
356501
283039
253436
244263
107786
188027
104849
332665
392605
282767
452261
276635
361709
431829
423375
104248
160525
300321
128375
198867
134480
165784
139614
442287
125926
184164
414968
308398
315016
394376
450744
211906
403041
143037
314396
167738
413062
318178
448896
374252
257669
234624
279299
385774
238513
431673
148590
393938
447095
106656
347822
