449029
168650
212560
378734
107743
135610
260069
320156
212322
450645
256238
276262
320020
144330
249096
205455
111349
412665
183041
417978
105637
433624
314733
273523
375050
263083
384389
377074
237292
163213
417314
271405
422269
410455
322499
289551
155478
150079
222781
356185
254582
146482
323986
201868
326737
171468
189789
221320
389873
423635
330591
111782
342929
370049
342056
161767
184135
100726
421117
155350
344195
316792
425140
384447
304947
332473
149239
324578
321244
403339
375152
424948
152152
200092
308472
379431
437680
114674
381807
209147
394879
342233
177888
455679
448217
164218
201819
395093
308205
246047
309689
151120
324909
359103
376009
158649
250728
180558
199156
394881
446848
111449
261370
322878
277132
346401
148479
351706
360065
390356
401927
203297
307030
250277
452953
137002
325768
295052
293449
440403
269603
238690
242437
346208
271998
306377
349117
378397
222757
116472
423458
423967
443341
172826
357917
181818
346989
273104
222703
389150
435456
180509
200230
437869
162688
354916
352764
101929
289643
297570
399614
407512
187292
252391
124208
312179
301729
178885
215421
134075
452029
416768
322505
449834
290051
153547
292004
113823
123600
289849
248359
321178
310980
105501
135300
289448
249573
280257
282534
366663
124284
446279
261042
246831
113057
117213
309821
154570
250559
339726
140583
113696
189329
267760
200239
383389
271884
227678
225015
220016
223395
297282
393313
418561
190622
218407
320136
323794
320325
257811
302032
135043
273041
226023
154116
235194
243201
442957
399060
208760
158933
192598
424753
273704
272360
298177
232740
190802
130099
328762
443682
439680
430840
317008
211322
427888
239138
253406
160497
175940
201471
179387
163550
240362
336994
416943
226520
428214
274991
438163
179835
451843
239156
235385
300795
120224
326772
313319
415937
178041
411241
285667
339088
427920
373214
182620
327477
170979
367528
343488
246929
331229
357276
308203
418164
229230
245542
201146
114802
442557
283676
171900
236300
292454
245582
280536
275327
273370
223048
294564
120313
313540
140985
222958
385265
360069
445959
377044
206580
388070
243437
255641
223119
337315
201740
147623
138167
404075
152156
404854
408595
245169
203696
190498
361410
219220
371344
193330
337711
330104
306363
360250
243373
101575
151175
255897
358850
418739
328457
437909
451677
260232
426054
332914
244970
157148
284098
422697
122687
344556
327492
396811
273024
169302
389212
153563
182858
322876
212938
446973
250680
320324
185415
393086
447045
410213
361952
450829
159895
218155
165025
186721
117590
128778
130415
443713
112325
187052
104185
349452
177817
195229
110183
206190
152576
407281
398306
375586
119755
238301
409706
181604
222788
256597
352306
402680
100576
131205
132402
180762
198248
171013
103118
318493
276747
210088
323520
153064
294175
126891
261448
396728
312948
353213
433186
396672
159517
212606
322611
110653
181252
307766
303768
313673
298511
220128
440655
405584
120967
363837
323421
379815
407319
252500
276976
402292
379274
230650
414959
393896
331418
272317
151957
407662
329996
293254
296751
166627
426554
446754
388741
219118
290701
320585
222946
111012
110293
109869
214998
371188
188818
449351
382404
430484
131004
405163
322540
263587
112379
353742
106281
369626
301791
275909
229324
226710
279714
378402
250947
102712
334556
246050
455686
218621
415800
133690
141696
132284
267210
322613
146067
369118
139612
114409
425828
192440
207357
287242
166817
209408
403735
167926
258439
304893
362747
174259
153181
244352
393570
332281
383762
271754
377094
307125
386168
409742
444270
100525
162856
453325
249276
121368
116593
169637
273984
396055
170949
276141
230546
274743
120575
329504
404377
382363
241295
127688
122970
138670
155792
390522
293533
330968
252654
444148
380478
143205
138297
119020
312274
382717
233495
384938
282273
128290
397744
345665
189127
412069
161706
289524
399662
412258
429154
193946
356766
163277
401559
350714
157495
431977
151879
331449
370170
112317
142813
247992
319492
368921
245535
282596
125161
206036
220554
281566
234212
150742
445384
200162
115335
180440
252184
400986
119621
259351
118418
107594
234918
130806
120553
175462
365933
435824
357772
436614
222877
282653
280863
211502
384697
173653
145445
297837
202637
326688
384578
438250
436242
270409
183926
340911
386188
254935
269332
437162
216993
264116
321159
273922
194115
264959
145784
310873
152330
161888
446556
262438
107288
408821
434827
277467
320022
426804
398002
324836
224151
364058
157800
257517
317908
216966
329563
386536
135839
315116
234782
280501
146937
146040
161151
351543
148919
275390
423568
147359
287473
404760
310407
172336
152718
409407
431760
257757
259366
267415
413502
421601
131725
363003
208150
414746
230062
282087
343622
407958
181222
100282
216451
310821
326254
209632
379199
422804
298489
284561
174894
178108
153781
417312
348914
434300
444833
214198
103495
264241
387594
174492
247489
202064
257604
224923
387918
231385
327373
395322
292578
344389
218237
187775
446047
160830
178880
339051
355315
363225
118675
413548
438045
169794
145327
217386
248616
429439
265915
372572
308560
282449
446037
400522
164510
221084
131152
137840
180327
409769
201822
440787
206215
319422
317345
441623
175751
119349
378542
154996
361750
317461
250727
292386
214462
244516
180364
304241
238911
401601
113062
413305
152341
330744
379542
443916
354356
267722
147839
127067
173111
402316
131296
381089
171473
207203
447128
121075
386424
429478
250157
208913
439141
356445
278295
388911
348649
140733
306148
172668
113545
169970
330580
107296
251522
143241
129787
294329
201573
365561
147122
363646
333562
439007
410469
402501
106657
418078
152670
299563
325033
119871
390798
416072
138853
158592
216021
146273
362019
226874
349390
126537
185721
334563
409485
250842
313013
267204
387672
288895
408187
177416
102608
211691
344595
328744
145155
366954
306317
248823
314461
123116
300710
335925
308659
360114
209383
340939
139911
403759
182042
230297
387680
419276
239367
410656
264293
236193
181966
165196
345744
399269
313078
369831
449958
373053
445890
214965
454626
299918
153456
110198
176204
427763
255683
380880
304860
100513
443692
322137
123100
336062
236088
338484
295315
400016
408433
320258
145165
163558
307907
331506
317595
279116
200090
223731
456087
384888
311446
353813
149661
186363
426743
327963
409772
450318
104041
157746
116430
223230
416128
269364
327749
218212
305428
194831
363190
169437
273991
397134
449399
388637
335945
182029
231096
321354
372570
412157
439166
105400
248157
237089
432098
101803
257303
376167
228546
441185
119486
176184
384321
331660
152187
138931
143471
198093
277475
102225
448567
299054
135448
376839
427836
149245
205408
107997
393595
127222
218627
384493
134705
186893
142603
290150
234292
274345
306530
136909
215744
129486
322102
401690
206056
380769
376405
193257
182993
197387
252985
284330
184253
238547
239359
326452
189625
332116
236801
281302
439409
446484
278336
358641
328627
374239
398415
185112
283270
187332
300351
243271
135537
420650
163447
104820
386815
433685
323661
146161
145367
347289
153621
304928
143454
187399
420120
288446
341757
394179
125861
222393
255051
333401
292234
371237
341420
192436
356553
123102
175185
130515
425017
288812
148897
129418
276137
426596
160122
450719
166314
411296
356245
225110
420333
397070
186763
211090
363228
416213
154256
204768
420031
101981
414077
263733
364758
442881
400582
279169
211611
228159
444927
214854
236004
269407
411209
388786
322232
280149
282959
301661
274973
421401
382667
154248
250972
118699
332624
314290
265202
359642
449678
360839
223828
369763
141260
357446
266052
220784
308981
350482
348423
242538
157259
292509
221207
191527
103877
346882
248104
102155
432672
379813
140011
121463
358862
353699
163125
445576
211284
108895
356636
241328
455068
361259
308432
215131
327128
194084
356927
335454
381008
107918
177996
136591
183447
452217
227066
167429
190439
208795
265653
352871
216836
227937
197020
275174
384466
451728
120823
142117
148341
192612
345298
380084
397117
313696
207457
425949
243640
358432
162468
245355
179579
242578
268322
421366
369644
363750
391807
262220
320304
141953
435325
147409
404951
428888
321611
433946
340764
373930
393105
344761
159875
435557
391917
395961
195864
444632
416716
188702
413314
455014
258857
257674
272528
373623
393219
399007
176813
188016
268379
281652
207799
426810
294251
244602
137709
131887
400499
109304
431207
103045
278768
423263
264027
386755
278757
244739
394882
112920
270428
331802
343332
191082
222802
183150
382900
419453
349435
198191
433959
333543
400041
436941
139754
304415
182795
356365
340030
183884
166909
264759
416952
364552
335978
447741
437339
322072
401870
427812
221703
414961
404073
437081
261614
222031
258285
252132
289344
176394
276657
248932
372733
372983
263378
163376
116592
398547
289118
230172
352556
336074
151803
215027
282549
147485
246751
315241
419744
153460
210964
235448
434397
142563
306509
424671
162603
394304
198662
297496
412298
241790
337111
109738
267106
412125
114276
440005
174170
365874
422703
404894
216499
449663
375517
290656
215875
371305
441884
346834
161075
279112
103192
456055
364941
216275
175829
273328
301220
309236
300471
440234
120311
170835
248389
267648
427605
425123
444049
337316
445129
378633
336392
433832
360695
144747
218060
267190
266349
193785
392488
141714
325018
119152
192353
398019
411110
293559
205521
342092
142567
448643
259136
260418
142404
165999
102651
208444
345828
182149
212492
361316
171470
382950
373037
455993
433001
379151
141544
258644
120844
335391
197996
270810
345745
107884
262718
184199
117593
339631
358746
425822
245075
240745
315036
193736
367631
334853
203824
367743
180029
232436
440196
103906
296298
293699
241616
256450
333371
396721
377948
140620
350738
179521
437104
172797
215971
108707
314963
317064
110791
191956
324048
330784
130897
351883
211034
312332
179078
115666
200288
374032
121683
306402
102741
234500
176571
101247
399084
129507
348601
268674
182821
207642
353422
194685
307862
389785
414523
184889
374675
276357
265167
371019
260311
168393
213759
420111
315009
340447
447703
408776
417016
106478
369374
153865
108523
349240
180682
343559
155325
233507
280752
388988
139110
411376
213798
365597
295808
331038
190438
121004
149240
159822
349709
245884
382425
414390
189721
279979
156381
287367
260303
275290
232870
376178
249318
364473
290019
397379
157433
205874
305787
313812
246125
134777
357571
248406
240879
194547
387824
293469
430855
449182
317808
353348
174157
368267
310277
160881
316664
170450
146077
384326
197305
172836
255702
178382
352520
426395
427231
337333
232795
286306
223200
397471
312930
170513
446910
201568
331259
434345
149330
346606
389938
192994
175437
124805
382293
391089
198013
194839
155909
339136
159072
416692
393004
348170
141169
412483
354518
376100
453185
285468
122515
151233
386892
287618
364785
179470
206241
297524
240780
435476
316128
235992
277133
297716
233712
366167
392326
111395
387317
360848
119134
407552
273330
206836
337777
149032
105247
244204
437072
197727
445284
325329
293529
345810
432371
154833
388806
368459
136560
336607
325437
397837
255841
267821
133117
311606
115772
218596
111138
452772
153259
335922
118984
424448
117167
223380
229102
171725
276616
381298
103987
440686
228749
450901
443272
365477
258999
444252
190866
205253
383151
135660
220109
174142
319699
151506
414774
172257
201684
182361
230511
148753
114245
171130
141895
233099
434909
305390
154627
332536
159601
127379
106546
162795
155159
198493
426418
371273
100546
202398
156037
100493
211881
283780
107438
102688
212559
138713
415969
278401
440167
220542
400674
101474
241776
204100
197344
307909
137240
218890
284903
374773
112884
410532
396818
178536
362778
126666
402797
403428
277936
263722
451125
287362
266946
209742
446421
446948
371419
246536
388675
421145
358215
357140
173513
243418
125312
131972
404794
442470
387845
392321
420391
313006
126319
349211
232712
264526
317452
361146
368704
241611
238387
283084
352806
395240
257087
392060
245569
266881
404786
414240
425528
251734
260905
104270
106406
317690
253506
251395
156668
368658
198849
224394
376287
374137
101252
111134
151512
429790
315447
265252
133295
254279
450694
147451
129974
187860
373127
358931
243686
261292
212529
267614
192845
395056
237720
169411
194190
392660
216988
224311
135729
450092
210635
138649
345900
260281
186177
406758
221456
278117
144686
143354
355401
434503
181761
383882
111154
428998
225843
107957
263921
455091
199358
317631
138972
227617
152746
448504
431719
114177
317088
455590
373988
265020
177078
411807
332330
391854
352960
257185
178032
164518
114093
163051
323130
456090
274794
274176
227974
204879
199271
126800
315488
297839
139643
358530
100008
239046
189325
120447
190154
257010
283719
244885
313378
368932
402438
455808
238697
366961
114656
381215
392179
314800
309194
273755
453375
340872
361444
178709
304234
306118
289994
207908
430179
241034
169312
394988
454978
454751
128117
296104
292295
122542
372710
205136
413913
206849
451992
299401
117140
444190
243308
388955
432402
206351
206065
106706
219872
110230
176221
398973
286737
379535
387608
133792
388096
281890
238060
402374
429447
139336
122151
391736
269315
148991
338302
361655
226518
129087
430913
129614
407874
177717
396225
318648
239653
311656
213624
202758
349079
438680
108313
331359
429849
361456
320706
126628
174512
178845
320163
329935
320277
193355
207963
422299
266895
408324
447851
237577
372902
279251
379537
309325
442944
248014
414316
285216
129886
297949
170333
194902
305939
327559
327553
155502
426362
311467
383879
350104
149285
349049
374669
281724
125308
200519
369238
133820
218998
120941
368710
308746
366323
263194
347823
390090
195133
114084
258173
140268
432564
278089
292356
275341
234558
267348
283039
233859
253436
172185
244263
107786
104849
332665
392605
282767
276635
431829
423375
100049
300321
198867
139614
389998
414968
308398
394376
211906
440175
143037
426784
167738
413062
333296
427538
318178
448896
374252
257669
158702
339385
247838
234624
309160
236295
385774
238513
431673
382854
106656
