130713
160516
449029
378734
107743
192576
135610
193472
260069
320156
450645
256238
276262
164787
249096
205455
111349
183041
260299
417978
105637
433624
314733
273523
375050
263083
384389
279499
237292
163213
273572
422269
226197
410455
322499
281384
289551
155478
150079
222781
127695
146482
323986
201868
174783
448358
171468
189789
221320
278678
389873
423635
330591
111782
342929
161767
184135
100726
158745
155350
158686
344195
316792
304947
332473
149239
324578
321244
403339
424948
338153
152152
308472
275975
201183
379431
437680
192446
114674
381807
174267
209147
177888
455679
229032
164218
201819
145304
308205
276915
246047
175990
309689
151120
324909
359103
158649
250728
180558
199156
394881
277132
148479
351706
360065
152882
390356
401927
203297
307030
250277
379242
312823
325768
375861
295052
440403
138535
238690
242437
189724
346208
271998
306377
349117
378397
374752
222757
116472
423967
146766
443341
412110
307448
172826
181372
323444
241133
357917
346989
384610
273104
437258
389150
200230
423808
322665
199162
162688
220851
253282
434063
101929
289643
399614
148958
252391
124208
312179
301729
178885
134075
452029
416768
322505
449834
153547
123600
289849
248359
310980
105501
135300
289448
249573
282534
366663
124284
446279
246831
113057
364104
397009
117213
309821
154570
113696
189329
267760
271884
370950
225015
220016
223395
297282
418561
190622
218407
320136
368449
323794
120387
302032
135043
273041
226023
154116
235194
243201
442957
158933
192598
424753
273704
272360
298177
232740
438257
360423
130099
219488
362867
137905
328762
443682
439680
430840
317008
211322
324705
407533
159621
239138
253406
175940
201471
179387
116334
148651
406441
393915
240362
336994
416943
226520
107601
428214
274991
451843
336662
239156
273355
235385
426088
300795
120224
326772
313319
415937
178041
285667
455388
427920
373214
367528
343488
246929
331229
357276
418164
229230
245542
114802
442557
113781
283676
328162
292454
245582
280536
273370
223048
294564
312530
313540
222958
385265
360069
445959
377044
206580
255641
234675
337315
316767
201740
147623
250715
404075
152156
135563
295359
404854
408595
172427
245169
203696
310849
190498
219220
371344
177786
193330
337711
269116
170205
360250
255972
243373
255897
358850
418739
328457
155796
437909
167516
211101
139736
451677
260232
426054
245872
244970
157148
284098
422697
413782
344556
402963
327492
396811
410177
273024
169302
389212
153563
182858
322876
255110
212938
446973
250680
338057
185415
393086
447045
429395
410213
361952
165025
186721
117590
128778
295776
112325
274537
187052
349452
177817
195229
262431
111435
152576
407281
375586
415446
119755
238301
104558
409706
181604
222788
352306
402680
131205
132402
306909
422871
180762
108399
198248
155247
247873
271330
103118
318493
276747
278664
210088
323520
153064
294175
126891
180898
261448
396728
446362
312948
353213
396672
284700
159517
212606
110653
181252
110722
307766
303768
313673
440655
405584
265999
120967
134906
363837
323421
407319
252500
276976
402292
230650
414959
393896
331418
201994
230154
272317
151957
407662
131430
329996
119352
293254
406595
424597
296751
448583
166627
446754
219118
320585
111012
110293
214998
371188
449351
298605
382404
430484
131004
274569
439010
405163
322540
263587
112379
106281
369626
301791
275909
229324
226710
279714
362792
378402
250947
102712
334556
455686
133690
141696
267210
322613
146067
435253
369118
164033
139612
442532
269492
192440
207357
287242
209408
403735
167926
354075
258439
362747
451808
174259
244352
393570
332281
266101
383762
271754
307125
386168
444270
370593
100525
162856
453325
121368
116593
418233
221127
273984
396055
170949
276141
383379
230546
274743
145324
404377
241295
127688
122970
359995
138670
155792
390522
293533
380478
143205
114406
119020
233495
384938
282273
128290
397744
326336
345665
189127
412069
442259
161706
289524
399662
412258
429154
282012
193946
356766
163277
401559
350714
157495
431977
446244
151879
331449
112317
142813
257547
247992
147273
368921
245535
110749
282596
125161
246819
220554
234212
150742
445384
200162
115335
400986
119621
118418
107594
234918
120553
128940
435824
357772
411726
295982
222877
282653
211502
384697
145445
297837
202637
177197
342969
326688
384578
436242
270409
183926
340911
386188
254935
269332
437162
216993
264116
321159
116709
194115
264959
145784
310873
168439
161888
446556
107288
387647
434827
277467
320531
320022
324836
364058
157800
216966
329563
386536
135839
315116
234782
280501
102991
161151
351543
148919
423568
167369
257970
116866
287473
404760
421548
310407
152718
409407
433263
257757
259366
267415
142052
421601
131725
363003
181955
212539
414746
121917
343622
407958
394058
100282
336097
216451
310821
326254
432019
427760
209632
422804
298489
284561
174894
153781
417312
348914
434300
206364
444833
214198
103495
264241
174492
247489
202064
257604
224923
231385
395322
292578
187775
169731
160830
163567
123743
355315
250366
363225
118675
179631
325861
413548
438045
217386
248616
429439
372572
282449
446037
400522
366593
247720
221084
131152
137840
180327
409769
440787
282785
206215
317345
441623
175751
119349
378542
154996
389474
216770
317461
250727
168740
292386
300945
267527
244516
304241
238911
413305
190421
330744
379542
383749
421632
302656
267722
147839
127067
173111
402316
381089
171473
447128
114722
202540
386424
429478
250157
208913
356445
278295
388911
348649
140733
306148
113545
169970
226160
232868
344158
107296
309021
251522
129787
448062
201573
431439
365561
147122
363646
333562
410469
402501
106657
152670
299563
119871
111801
390798
416072
386688
138853
158592
216021
146273
362019
226874
126537
185721
334563
277765
409485
250842
313013
119268
267204
288895
408187
198533
177416
102608
344595
328744
145155
187634
366954
306317
116408
364958
123116
300710
335925
308659
360114
209383
340939
276563
182042
327065
230297
387680
337837
419276
239367
410656
317485
408500
236193
206802
181966
313078
369831
449958
445890
454626
131908
153456
110198
176204
427763
255683
380880
304860
100513
447648
443692
150894
322137
236088
338484
400016
408433
265530
320258
145165
163558
307907
331506
403986
317595
279116
223731
456087
384888
311446
353813
426743
327963
271373
450318
104041
157746
350022
116430
443999
223230
416128
327749
218212
305428
363190
169437
216373
235604
420122
273991
397134
403477
388637
335945
182029
350132
231096
321354
372570
439166
214081
105400
248157
237089
432098
101803
330551
257303
228546
441185
119486
235282
176184
384321
152187
138931
143471
198093
277475
448567
249851
299054
135448
376839
427836
149245
107997
393595
127222
137279
266311
384493
134705
263652
386405
307531
186893
142603
290150
313640
234292
274345
301423
306530
136909
129486
364052
102366
322102
401690
206056
197387
252985
284330
383651
184253
238547
239359
326452
406601
189625
332116
446484
278336
358641
328627
374239
195383
398415
185112
283270
187332
452413
403846
135537
420650
104820
386815
433685
146161
145367
377140
255049
153621
304928
143454
420120
288446
341757
385337
162018
394179
125861
222393
255051
333401
292234
371237
341420
134257
192436
356553
123102
175185
130515
425017
288812
148897
150556
276137
386346
426596
447443
191637
450719
356245
397070
408942
363228
416213
154256
204768
101981
414077
153293
442881
400582
198063
128821
279169
228159
444927
236004
392587
388786
322232
136724
422022
119815
282959
301661
274973
154248
118699
332624
314290
359642
221698
369763
141260
357446
220784
350482
348423
320546
242538
157259
394811
260809
292509
221207
103877
390931
248104
103072
251052
432672
227075
121463
353699
163125
107160
211284
356636
241328
455068
361259
215131
327128
194084
356927
335454
241049
423885
381008
107918
177996
136591
227066
167429
252736
190439
208795
265653
352871
216836
227937
197020
432949
237420
225903
298888
275174
384466
451728
120823
142117
192612
345298
380084
313696
425949
243640
358432
162468
319306
156901
179579
451036
421366
369644
159430
192255
363750
262220
141953
435325
268453
404951
444201
391928
321611
433946
373930
409680
393105
344761
159875
435557
391917
395961
195864
444632
416716
266232
188702
374167
413314
455014
412148
357011
339854
257674
272528
192618
440829
393219
399007
176813
380098
188016
174812
294251
137709
131887
431207
103045
254687
278768
423263
283129
313785
367464
369507
386755
244739
394882
254624
402731
112920
270428
331802
343332
191082
222802
183150
384632
395376
419453
198191
433959
241896
333543
436941
139754
182795
356365
308165
340030
183884
166909
164498
264759
322218
416952
364552
341179
335978
437339
322072
352115
401870
427812
221703
169268
222031
212193
258285
351016
289344
176394
276657
248932
372733
372983
263378
233181
320618
163376
289118
249743
230172
352556
336074
383066
151803
215027
282549
451802
433700
224920
290305
147485
202462
246751
315241
362929
419744
153460
210964
235448
434397
142563
306509
261406
424671
162603
394304
198662
297496
405731
412298
241790
440005
265267
244831
216499
449663
290656
149697
371305
441884
179403
346834
161075
279112
103192
456055
364941
175829
273328
301220
300471
440234
170835
248389
427605
425123
444049
445129
378633
370613
404353
336392
360695
419665
144747
218060
267190
266349
193785
342763
392488
141714
325018
347330
119152
192353
328675
398019
456112
293559
205521
340367
342092
142567
259136
260418
142404
165999
284415
358681
102651
208444
119927
345828
302661
427917
212492
361316
299047
382950
455993
433001
402115
258644
120844
325112
335391
197996
270810
345745
107884
184199
117593
339631
433698
358746
425822
245075
315036
193736
367631
334853
440196
103906
296298
293699
256450
206817
343451
333371
396721
212563
377948
158811
140620
350738
179521
437104
172797
215971
374213
108707
437213
191956
324048
330784
426091
130897
351883
211034
312332
115666
200288
374032
436749
306402
102741
234500
176571
399084
268674
182821
353422
444511
307862
414523
137469
273598
266840
184889
340426
234643
246211
260311
213759
315009
447703
408776
409260
200249
106478
153865
108523
343559
394195
186072
388988
139110
411376
213798
365597
295808
330198
331038
190438
121004
437280
149240
214135
245884
382425
414390
189721
193337
134539
279979
156381
269533
232870
376178
249318
364473
397379
157433
205874
261198
209454
391536
305787
246125
134777
357571
302869
248406
364687
240879
309872
336807
293469
253846
430855
449182
317808
312652
353348
368267
316664
170450
146077
384326
172836
167742
255702
178382
352520
426395
229601
337333
232795
286306
223200
397471
312930
446910
331259
245587
436608
434345
149330
389938
175437
124805
382293
198013
421957
194839
155909
339136
159072
416692
393004
141169
412483
354518
230481
376100
435793
453185
125935
122515
151233
194722
386892
149631
218533
287618
364785
179470
297524
439385
240780
435476
235992
277133
251006
297716
233712
366167
392326
111395
387317
119134
427278
337777
149032
105247
299057
244204
437072
197727
248562
445284
293529
345810
432371
154833
136560
325437
397837
255841
267821
133117
311606
115772
218596
111138
452772
153259
335922
118984
424448
117167
223380
229102
280305
439719
276616
381298
251987
103987
241213
440686
228749
450901
286534
443272
258999
444252
190866
205253
383151
220109
174142
319699
151506
414774
172257
201684
182361
230511
148753
114245
171130
356841
141895
316459
434909
305390
332218
332536
159601
106546
162795
155159
198493
426418
100546
230291
202398
156037
100493
316628
283780
107438
102688
212559
138713
415969
278401
440167
417050
152836
229834
251835
220542
400674
101474
241776
204100
421441
171091
197344
307909
140050
137240
218890
284903
374773
112884
410532
396818
178536
362778
126666
402797
172741
403428
277936
263722
451125
287362
266946
296697
209742
446421
446948
371419
147361
246536
114304
388675
421145
358215
357140
243418
222944
125312
207628
324981
404794
442470
387845
446818
420391
313006
126319
195459
349211
232712
264526
317452
361146
368704
283084
269373
352806
442844
395240
399728
257087
392060
175630
189535
245569
266881
404786
425528
251734
260905
104270
106406
335904
317690
253506
138191
251395
156668
141361
224394
376287
374137
111134
231929
151512
429790
265252
133295
452703
254279
253143
450694
147451
373127
358931
243686
212529
267614
192845
395056
237720
169411
194190
392660
309930
224311
135729
450092
210635
378080
138649
345900
228648
260281
406758
221456
278117
382782
144686
257001
143354
355401
156715
434503
181761
383882
111154
428998
225843
245736
107957
263921
455091
209685
152746
448504
431719
317088
182320
455590
373988
265020
177078
411807
391854
149270
352960
300849
257185
298626
114093
163051
323130
456090
139634
274176
204879
126800
315488
297839
181570
139643
358530
307076
239046
189325
120447
257010
283719
331502
313378
368932
402438
455808
238697
366961
183963
114656
381215
412158
392179
314800
101074
272312
100205
453375
340872
361444
178709
289994
207908
241034
169312
166214
394988
454978
454751
128117
296104
292295
122542
372710
205136
206849
451992
299401
117140
444190
243308
380201
432402
321001
187427
206065
106706
219872
110230
176221
379535
387608
133792
335268
281890
238060
402374
429447
269315
148991
172702
226518
129087
213445
430913
407874
177717
318648
239653
311656
213624
339931
349079
438680
108313
354899
331359
115785
320706
126628
400435
178845
298942
320163
329935
193355
207963
154537
266895
408324
447851
414653
112174
319867
379537
309325
442944
248014
414316
285216
129886
350025
170333
194902
383509
305939
327559
327553
350104
149285
349049
374669
343612
179097
125308
200519
369238
286870
218998
368710
149618
308746
366323
175678
347823
390090
278357
235064
219341
114084
258173
140268
432564
183388
452371
292356
234558
267348
356501
233859
172185
107786
188027
392605
282767
452261
276635
361709
423375
104248
100049
160525
300321
128375
134480
165784
139614
442287
389998
125926
184164
414968
308398
315016
394376
450744
440175
403041
426784
314396
413062
333296
427538
318178
448896
374252
257669
158702
339385
247838
309160
236295
279299
148590
393938
447095
382854
106656
347822
