130713
160516
168650
212560
107743
192576
193472
260069
212322
276262
320020
144330
164787
249096
412665
183041
260299
417978
105637
314733
273523
375050
263083
377074
279499
417314
273572
271405
422269
226197
281384
150079
222781
127695
356185
254582
146482
323986
201868
174783
326737
448358
189789
221320
278678
389873
423635
330591
342929
370049
342056
184135
100726
158745
421117
158686
425140
384447
149239
324578
375152
424948
338153
152152
200092
308472
275975
201183
379431
437680
192446
114674
381807
174267
394879
342233
455679
229032
448217
145304
395093
308205
276915
246047
175990
309689
151120
324909
359103
376009
158649
250728
446848
111449
261370
322878
277132
346401
148479
360065
152882
401927
203297
307030
452953
379242
137002
312823
325768
375861
295052
293449
440403
269603
138535
238690
189724
306377
349117
374752
116472
423458
423967
146766
443341
412110
307448
181372
323444
241133
357917
181818
346989
384610
273104
222703
437258
389150
435456
180509
200230
423808
322665
437869
199162
354916
352764
220851
253282
434063
101929
289643
297570
399614
407512
148958
187292
252391
124208
178885
215421
134075
449834
290051
153547
292004
113823
289849
321178
310980
105501
289448
249573
280257
366663
446279
261042
113057
364104
397009
309821
154570
250559
339726
140583
113696
189329
267760
200239
383389
271884
370950
227678
220016
223395
297282
393313
190622
368449
323794
320325
257811
120387
302032
226023
154116
235194
243201
399060
208760
192598
273704
298177
438257
360423
190802
130099
219488
362867
137905
328762
430840
317008
211322
427888
324705
407533
159621
239138
253406
160497
175940
179387
163550
116334
148651
406441
393915
240362
336994
226520
107601
428214
274991
438163
179835
336662
239156
273355
426088
300795
326772
415937
178041
411241
285667
339088
455388
427920
373214
182620
327477
170979
343488
246929
357276
308203
229230
245542
201146
114802
442557
113781
171900
236300
328162
292454
245582
280536
275327
223048
294564
312530
120313
313540
140985
445959
377044
388070
243437
255641
223119
234675
316767
201740
138167
250715
152156
135563
295359
404854
172427
203696
310849
190498
361410
219220
371344
177786
193330
269116
330104
170205
306363
255972
243373
101575
151175
255897
418739
155796
437909
167516
211101
139736
451677
426054
245872
332914
244970
284098
422697
122687
413782
402963
327492
410177
273024
153563
182858
322876
255110
212938
446973
250680
320324
338057
185415
393086
447045
429395
410213
450829
159895
218155
165025
186721
130415
295776
443713
112325
274537
187052
104185
177817
195229
110183
262431
206190
111435
407281
398306
375586
415446
119755
238301
104558
181604
222788
256597
352306
402680
100576
131205
132402
306909
422871
180762
108399
155247
171013
247873
271330
103118
318493
278664
210088
323520
153064
126891
180898
261448
396728
446362
312948
433186
396672
284700
159517
322611
110653
181252
110722
307766
303768
313673
298511
220128
440655
405584
265999
120967
134906
379815
379274
230650
393896
331418
201994
230154
272317
131430
329996
119352
293254
406595
424597
296751
448583
426554
446754
388741
219118
290701
320585
222946
111012
110293
109869
371188
188818
449351
298605
430484
274569
439010
322540
263587
353742
369626
275909
229324
362792
378402
102712
334556
246050
455686
218621
415800
132284
267210
322613
146067
435253
164033
139612
114409
425828
442532
269492
192440
287242
166817
403735
167926
354075
258439
304893
451808
174259
153181
244352
393570
266101
383762
377094
386168
409742
370593
100525
162856
453325
249276
116593
418233
169637
221127
273984
396055
170949
383379
230546
274743
120575
329504
145324
404377
382363
127688
122970
359995
138670
155792
390522
293533
330968
252654
444148
114406
138297
119020
312274
382717
233495
384938
282273
128290
397744
326336
345665
442259
161706
399662
412258
429154
282012
193946
356766
163277
401559
157495
446244
151879
370170
112317
257547
247992
147273
319492
368921
110749
282596
206036
246819
220554
281566
234212
150742
445384
200162
115335
180440
252184
119621
259351
234918
130806
120553
128940
175462
365933
357772
436614
411726
295982
222877
282653
280863
211502
384697
173653
145445
202637
177197
342969
326688
384578
438250
436242
270409
183926
340911
386188
254935
269332
437162
321159
116709
273922
194115
264959
145784
310873
168439
152330
161888
446556
262438
408821
387647
320531
320022
426804
398002
324836
224151
364058
157800
257517
317908
216966
329563
386536
135839
315116
280501
146937
102991
146040
161151
351543
148919
275390
423568
167369
147359
257970
116866
404760
421548
310407
172336
152718
409407
431760
433263
257757
259366
413502
142052
421601
131725
363003
181955
212539
208150
414746
230062
121917
282087
343622
394058
181222
336097
310821
326254
432019
427760
209632
379199
298489
284561
174894
178108
153781
417312
434300
206364
444833
214198
103495
387594
174492
247489
202064
257604
387918
231385
327373
292578
344389
218237
446047
169731
160830
178880
163567
123743
339051
355315
250366
179631
325861
413548
438045
169794
145327
429439
265915
308560
282449
446037
400522
366593
247720
164510
221084
131152
137840
201822
440787
282785
206215
319422
317345
441623
119349
378542
154996
389474
361750
216770
317461
250727
168740
292386
300945
214462
267527
244516
180364
238911
401601
113062
413305
152341
190421
383749
443916
354356
421632
302656
147839
173111
131296
381089
207203
447128
121075
114722
202540
429478
439141
356445
278295
388911
348649
140733
306148
172668
113545
330580
226160
232868
344158
309021
251522
143241
294329
448062
201573
431439
365561
147122
333562
439007
418078
152670
299563
325033
119871
111801
386688
146273
349390
126537
185721
334563
277765
409485
119268
267204
387672
288895
408187
198533
102608
211691
344595
187634
116408
248823
364958
314461
300710
308659
360114
340939
276563
139911
403759
327065
387680
337837
419276
410656
264293
317485
408500
236193
206802
181966
165196
345744
399269
369831
449958
373053
214965
131908
299918
176204
255683
380880
304860
100513
447648
150894
123100
336062
236088
295315
400016
408433
265530
320258
163558
403986
317595
279116
200090
223731
456087
384888
311446
353813
149661
186363
426743
327963
271373
409772
104041
157746
350022
443999
223230
416128
269364
327749
218212
194831
169437
216373
235604
420122
273991
403477
449399
335945
350132
321354
372570
412157
439166
214081
105400
248157
237089
432098
101803
330551
257303
376167
228546
441185
235282
176184
384321
331660
143471
198093
277475
102225
249851
135448
376839
205408
393595
127222
137279
218627
266311
134705
263652
386405
307531
186893
142603
290150
313640
234292
274345
301423
306530
215744
364052
102366
401690
206056
380769
376405
193257
182993
197387
252985
284330
383651
184253
238547
239359
326452
406601
332116
236801
281302
439409
278336
358641
328627
374239
195383
398415
283270
187332
300351
452413
403846
243271
163447
104820
386815
323661
145367
347289
377140
255049
153621
304928
143454
187399
341757
385337
162018
394179
125861
255051
333401
292234
371237
134257
192436
123102
425017
148897
150556
129418
276137
386346
447443
191637
160122
450719
166314
411296
356245
225110
420333
397070
186763
211090
408942
363228
154256
420031
101981
263733
364758
153293
442881
400582
198063
128821
211611
228159
444927
214854
236004
269407
411209
392587
388786
280149
136724
422022
119815
282959
274973
421401
382667
154248
250972
118699
265202
359642
449678
221698
360839
223828
266052
308981
350482
348423
320546
242538
157259
394811
260809
292509
191527
390931
346882
102155
103072
251052
432672
379813
140011
227075
121463
358862
353699
163125
445576
107160
211284
108895
241328
455068
308432
327128
356927
335454
241049
423885
381008
177996
136591
183447
452217
227066
252736
190439
265653
352871
216836
227937
432949
237420
225903
298888
275174
451728
120823
142117
148341
345298
397117
313696
207457
358432
162468
319306
245355
156901
179579
242578
268322
451036
421366
369644
159430
192255
363750
391807
320304
141953
268453
147409
444201
428888
391928
321611
433946
340764
373930
409680
159875
391917
395961
444632
416716
266232
188702
374167
413314
258857
412148
357011
339854
192618
440829
373623
393219
399007
176813
380098
188016
174812
268379
281652
207799
426810
294251
244602
137709
131887
400499
109304
103045
254687
278768
423263
283129
313785
367464
369507
264027
386755
278757
244739
394882
254624
402731
270428
331802
343332
191082
183150
384632
382900
395376
349435
198191
433959
241896
333543
400041
436941
304415
356365
308165
340030
183884
166909
164498
264759
322218
364552
341179
447741
437339
322072
352115
401870
169268
414961
404073
437081
261614
212193
258285
351016
252132
289344
176394
248932
372733
372983
263378
233181
320618
163376
116592
398547
289118
249743
230172
352556
383066
151803
282549
451802
433700
224920
290305
202462
246751
362929
419744
210964
235448
306509
261406
162603
394304
198662
405731
412298
337111
109738
267106
412125
114276
440005
174170
365874
265267
244831
422703
404894
216499
449663
375517
149697
215875
441884
179403
346834
103192
216275
175829
273328
301220
309236
300471
440234
120311
170835
267648
425123
444049
337316
370613
404353
336392
433832
360695
419665
218060
267190
266349
193785
342763
392488
141714
325018
347330
192353
328675
398019
456112
411110
293559
205521
340367
342092
142567
448643
259136
260418
165999
284415
358681
102651
208444
119927
345828
302661
182149
427917
212492
361316
171470
299047
373037
455993
379151
141544
402115
258644
325112
197996
345745
262718
184199
117593
339631
433698
358746
240745
315036
193736
367631
334853
203824
367743
180029
232436
440196
103906
296298
293699
241616
256450
206817
343451
333371
396721
212563
158811
140620
179521
437104
172797
215971
374213
108707
314963
317064
437213
110791
324048
426091
351883
211034
179078
115666
200288
374032
436749
121683
306402
102741
234500
176571
101247
129507
348601
268674
207642
353422
444511
194685
307862
389785
137469
273598
266840
184889
374675
276357
340426
234643
265167
246211
371019
260311
168393
213759
420111
315009
340447
408776
417016
409260
200249
369374
108523
349240
180682
155325
394195
233507
186072
280752
388988
139110
213798
365597
295808
330198
331038
190438
437280
214135
159822
349709
245884
382425
189721
193337
134539
279979
287367
269533
260303
275290
376178
249318
290019
397379
157433
205874
261198
209454
391536
305787
313812
246125
134777
357571
302869
248406
364687
240879
194547
309872
336807
387824
253846
317808
312652
353348
174157
368267
310277
160881
170450
146077
197305
172836
167742
178382
352520
427231
229601
223200
397471
312930
170513
201568
331259
245587
436608
434345
346606
389938
192994
124805
391089
421957
194839
155909
339136
159072
393004
348170
141169
354518
230481
376100
435793
453185
125935
285468
151233
194722
149631
218533
287618
364785
179470
206241
297524
439385
240780
316128
235992
277133
251006
366167
111395
387317
360848
119134
407552
427278
273330
206836
337777
149032
105247
299057
244204
248562
445284
325329
293529
345810
432371
388806
368459
136560
336607
325437
255841
267821
133117
115772
218596
452772
153259
118984
117167
171725
280305
439719
381298
251987
103987
241213
440686
228749
450901
286534
365477
258999
444252
190866
135660
220109
319699
151506
414774
172257
182361
230511
171130
356841
141895
316459
233099
434909
154627
332218
159601
127379
106546
155159
198493
426418
371273
100546
230291
202398
156037
100493
211881
316628
107438
102688
212559
138713
440167
417050
152836
229834
251835
220542
400674
241776
204100
421441
171091
197344
307909
140050
137240
284903
178536
126666
402797
172741
403428
277936
263722
451125
287362
296697
446421
446948
371419
147361
246536
114304
388675
421145
358215
173513
243418
222944
125312
207628
324981
131972
404794
442470
446818
392321
313006
126319
195459
349211
264526
317452
368704
241611
238387
283084
269373
442844
395240
399728
392060
175630
189535
245569
266881
414240
260905
106406
335904
253506
138191
156668
141361
368658
198849
224394
376287
374137
101252
111134
231929
429790
315447
265252
133295
452703
254279
253143
450694
147451
129974
187860
358931
243686
261292
212529
267614
395056
237720
169411
392660
216988
309930
135729
378080
345900
228648
260281
186177
221456
278117
382782
144686
257001
355401
156715
434503
181761
111154
428998
225843
245736
263921
455091
199358
209685
317631
138972
227617
152746
448504
431719
114177
317088
182320
455590
265020
177078
411807
332330
391854
149270
352960
300849
257185
178032
164518
298626
114093
163051
323130
456090
139634
274794
227974
204879
199271
126800
315488
297839
181570
358530
100008
307076
239046
189325
120447
190154
283719
244885
331502
368932
455808
366961
183963
381215
412158
392179
314800
101074
272312
309194
100205
273755
361444
178709
304234
306118
207908
430179
241034
169312
166214
394988
454978
454751
292295
122542
205136
413913
206849
451992
299401
117140
444190
388955
380201
321001
187427
206351
106706
219872
110230
398973
286737
379535
387608
133792
335268
388096
402374
429447
139336
122151
391736
148991
172702
338302
361655
226518
129087
213445
129614
396225
213624
202758
339931
349079
438680
108313
354899
429849
361456
115785
320706
126628
400435
174512
178845
298942
320163
329935
320277
207963
422299
154537
266895
408324
237577
372902
414653
112174
319867
279251
379537
309325
442944
414316
129886
297949
350025
170333
383509
305939
327559
327553
155502
426362
311467
383879
350104
349049
374669
343612
179097
281724
200519
369238
133820
286870
120941
149618
366323
263194
175678
278357
235064
219341
195133
258173
140268
183388
452371
278089
292356
275341
356501
283039
233859
253436
172185
244263
188027
104849
332665
452261
276635
361709
431829
423375
104248
100049
160525
300321
128375
198867
134480
165784
442287
389998
125926
184164
414968
308398
315016
394376
450744
211906
440175
403041
143037
426784
314396
167738
413062
333296
427538
448896
257669
158702
339385
247838
234624
309160
236295
279299
385774
238513
431673
148590
393938
447095
382854
106656
347822
