130713
160516
449029
168650
212560
378734
192576
135610
193472
320156
212322
450645
256238
276262
320020
144330
164787
249096
205455
111349
412665
183041
260299
105637
433624
384389
377074
279499
237292
163213
417314
273572
271405
422269
226197
410455
322499
281384
289551
155478
150079
222781
127695
356185
254582
174783
326737
448358
171468
189789
278678
389873
330591
111782
342929
370049
342056
161767
184135
100726
158745
421117
155350
158686
344195
316792
425140
384447
304947
332473
149239
324578
321244
403339
375152
424948
338153
152152
200092
275975
201183
379431
192446
114674
381807
174267
209147
394879
342233
177888
229032
448217
164218
201819
145304
395093
276915
246047
175990
359103
376009
250728
180558
199156
394881
446848
111449
261370
322878
277132
346401
351706
152882
390356
203297
250277
452953
379242
137002
312823
375861
293449
269603
138535
242437
189724
346208
271998
349117
378397
374752
222757
116472
423458
146766
443341
412110
307448
172826
181372
323444
241133
357917
181818
346989
384610
273104
222703
437258
435456
180509
200230
423808
322665
437869
199162
162688
354916
352764
220851
253282
434063
289643
297570
399614
407512
148958
187292
252391
124208
312179
301729
178885
215421
452029
416768
322505
290051
292004
113823
123600
248359
321178
310980
135300
289448
249573
280257
282534
124284
446279
261042
246831
113057
364104
397009
117213
250559
339726
140583
113696
189329
200239
383389
370950
227678
225015
393313
418561
190622
218407
320136
368449
320325
257811
120387
135043
273041
154116
235194
442957
399060
208760
158933
192598
424753
273704
272360
232740
438257
360423
190802
219488
362867
137905
443682
439680
317008
211322
427888
324705
407533
159621
160497
175940
201471
163550
116334
148651
406441
393915
240362
336994
416943
226520
107601
438163
179835
451843
336662
239156
273355
235385
426088
300795
120224
313319
178041
411241
285667
339088
455388
373214
182620
327477
170979
367528
343488
331229
308203
418164
201146
114802
442557
113781
283676
171900
236300
328162
280536
275327
273370
223048
312530
120313
140985
222958
385265
360069
445959
206580
388070
243437
255641
223119
234675
337315
316767
201740
147623
138167
250715
404075
135563
295359
404854
408595
172427
245169
203696
310849
361410
219220
177786
193330
337711
269116
330104
170205
306363
360250
255972
101575
151175
255897
358850
328457
155796
167516
211101
139736
260232
426054
245872
332914
157148
122687
413782
344556
402963
396811
410177
273024
169302
389212
153563
322876
255110
212938
320324
338057
185415
393086
429395
410213
361952
450829
159895
218155
165025
186721
117590
128778
130415
295776
443713
274537
104185
349452
110183
262431
206190
111435
152576
398306
375586
415446
238301
104558
409706
181604
256597
402680
100576
131205
132402
306909
422871
108399
198248
155247
171013
247873
271330
276747
278664
210088
153064
294175
180898
446362
312948
353213
433186
284700
212606
322611
110653
181252
110722
303768
298511
220128
405584
265999
120967
134906
363837
323421
379815
407319
252500
276976
402292
379274
414959
393896
201994
230154
272317
151957
407662
131430
119352
293254
406595
424597
296751
448583
166627
426554
388741
219118
290701
320585
222946
111012
110293
109869
214998
371188
188818
449351
298605
382404
430484
131004
274569
439010
405163
112379
353742
106281
369626
301791
275909
226710
279714
362792
250947
102712
246050
455686
218621
415800
133690
141696
132284
267210
435253
369118
164033
139612
114409
425828
442532
269492
207357
287242
166817
209408
403735
354075
258439
304893
362747
451808
153181
393570
332281
266101
271754
377094
307125
386168
409742
444270
370593
100525
453325
249276
121368
418233
169637
221127
276141
383379
120575
329504
145324
404377
382363
241295
127688
122970
359995
138670
155792
390522
330968
252654
444148
380478
143205
114406
138297
119020
312274
382717
233495
384938
282273
128290
397744
326336
189127
412069
442259
289524
412258
282012
193946
163277
401559
350714
431977
446244
151879
331449
370170
112317
142813
257547
247992
147273
319492
368921
245535
110749
125161
206036
246819
220554
281566
234212
150742
200162
180440
252184
400986
259351
118418
107594
234918
130806
128940
175462
365933
435824
357772
436614
411726
295982
222877
280863
173653
145445
297837
202637
177197
342969
384578
438250
270409
340911
386188
437162
216993
264116
321159
116709
273922
264959
145784
168439
152330
446556
262438
107288
408821
387647
434827
277467
320531
426804
398002
224151
364058
257517
317908
386536
234782
146937
102991
146040
275390
423568
167369
147359
257970
116866
287473
404760
421548
310407
172336
152718
431760
433263
257757
259366
267415
413502
142052
131725
363003
181955
212539
208150
414746
230062
121917
282087
407958
394058
181222
100282
336097
216451
326254
432019
427760
379199
422804
298489
284561
178108
153781
348914
434300
206364
444833
103495
264241
387594
174492
247489
224923
387918
327373
395322
344389
218237
187775
446047
169731
160830
178880
163567
123743
339051
355315
250366
363225
118675
179631
325861
413548
169794
145327
217386
248616
265915
372572
308560
366593
247720
164510
221084
131152
137840
180327
409769
201822
440787
282785
206215
319422
317345
441623
175751
119349
154996
389474
361750
216770
168740
292386
300945
214462
267527
244516
180364
304241
401601
113062
152341
190421
330744
379542
383749
443916
354356
421632
302656
267722
147839
127067
402316
131296
171473
207203
447128
121075
114722
202540
386424
250157
208913
439141
356445
388911
348649
306148
172668
169970
330580
226160
232868
344158
107296
309021
143241
129787
294329
448062
201573
431439
147122
363646
439007
410469
402501
106657
418078
325033
119871
111801
390798
416072
386688
138853
158592
216021
146273
362019
226874
349390
126537
185721
277765
409485
250842
313013
119268
387672
408187
198533
177416
102608
211691
344595
328744
145155
187634
366954
306317
116408
248823
364958
314461
123116
335925
360114
209383
276563
139911
403759
182042
327065
230297
337837
419276
239367
410656
264293
317485
408500
236193
206802
181966
165196
345744
399269
313078
373053
445890
214965
454626
131908
299918
153456
110198
176204
427763
255683
304860
447648
443692
150894
322137
123100
336062
338484
295315
400016
265530
145165
307907
331506
403986
317595
279116
200090
384888
353813
149661
186363
327963
271373
409772
450318
157746
350022
116430
443999
223230
269364
327749
305428
194831
363190
169437
216373
235604
420122
273991
397134
403477
449399
388637
182029
350132
231096
372570
412157
214081
105400
432098
101803
330551
376167
441185
119486
235282
176184
384321
331660
152187
138931
143471
102225
448567
249851
299054
427836
149245
205408
107997
127222
137279
218627
266311
384493
263652
386405
307531
290150
313640
301423
306530
136909
215744
129486
364052
102366
322102
401690
380769
376405
193257
182993
197387
252985
284330
383651
184253
326452
406601
189625
236801
281302
439409
446484
328627
374239
195383
185112
283270
187332
300351
452413
403846
243271
135537
420650
163447
104820
386815
433685
323661
146161
145367
347289
377140
255049
153621
304928
187399
420120
288446
385337
162018
394179
222393
333401
292234
341420
134257
192436
356553
175185
130515
425017
288812
148897
150556
129418
276137
386346
426596
447443
191637
160122
450719
166314
411296
356245
225110
420333
186763
211090
408942
416213
204768
420031
101981
414077
263733
364758
153293
442881
400582
198063
128821
279169
211611
444927
214854
269407
411209
392587
322232
280149
136724
422022
119815
301661
421401
382667
154248
250972
332624
314290
265202
359642
449678
221698
360839
223828
369763
141260
357446
266052
220784
308981
350482
348423
320546
242538
394811
260809
292509
221207
191527
103877
390931
346882
248104
102155
103072
251052
379813
140011
227075
358862
353699
163125
445576
107160
211284
108895
356636
361259
308432
215131
327128
194084
356927
241049
423885
381008
107918
136591
183447
452217
227066
167429
252736
190439
208795
352871
197020
432949
237420
225903
298888
275174
384466
142117
148341
192612
345298
380084
397117
207457
425949
243640
358432
162468
319306
245355
156901
179579
242578
268322
451036
369644
159430
192255
363750
391807
262220
320304
141953
435325
268453
147409
404951
444201
428888
391928
321611
433946
340764
373930
409680
393105
344761
435557
395961
195864
444632
266232
374167
455014
258857
412148
357011
339854
257674
272528
192618
440829
373623
176813
380098
188016
174812
268379
281652
207799
426810
244602
137709
400499
109304
431207
103045
254687
278768
423263
283129
313785
367464
369507
264027
278757
254624
402731
112920
270428
331802
191082
222802
384632
382900
395376
419453
349435
241896
400041
139754
304415
182795
356365
308165
164498
264759
322218
416952
341179
335978
447741
352115
427812
221703
169268
414961
404073
437081
261614
222031
212193
351016
252132
176394
276657
248932
263378
233181
320618
163376
116592
398547
249743
352556
336074
383066
215027
451802
433700
224920
290305
147485
202462
246751
315241
362929
153460
210964
235448
434397
142563
261406
424671
394304
198662
297496
405731
241790
337111
109738
267106
412125
114276
174170
365874
265267
244831
422703
404894
375517
290656
149697
215875
371305
179403
346834
161075
279112
103192
456055
364941
216275
175829
301220
309236
300471
440234
120311
248389
267648
427605
425123
444049
337316
445129
378633
370613
404353
433832
360695
419665
144747
342763
325018
347330
119152
328675
456112
411110
340367
342092
142567
448643
260418
142404
284415
358681
119927
345828
302661
182149
427917
171470
299047
382950
373037
455993
433001
379151
141544
402115
258644
120844
325112
335391
197996
270810
345745
107884
262718
117593
433698
358746
425822
245075
240745
193736
367631
203824
367743
180029
232436
103906
241616
206817
343451
333371
212563
377948
158811
350738
374213
108707
314963
317064
437213
110791
191956
324048
330784
426091
130897
312332
179078
374032
436749
121683
306402
102741
234500
101247
399084
129507
348601
268674
182821
207642
444511
194685
307862
389785
414523
137469
273598
266840
374675
276357
340426
234643
265167
246211
371019
168393
420111
340447
447703
408776
417016
409260
200249
106478
369374
153865
108523
349240
180682
343559
155325
394195
233507
186072
280752
388988
139110
411376
365597
330198
190438
121004
437280
149240
214135
159822
349709
382425
414390
193337
134539
156381
287367
269533
260303
275290
232870
249318
364473
290019
397379
157433
261198
209454
391536
305787
313812
246125
357571
302869
364687
194547
309872
336807
387824
293469
253846
430855
449182
317808
312652
353348
174157
310277
160881
316664
170450
384326
197305
167742
255702
426395
427231
229601
337333
232795
286306
223200
312930
170513
446910
201568
245587
436608
149330
346606
389938
192994
175437
382293
391089
198013
421957
155909
339136
159072
416692
393004
348170
412483
354518
230481
435793
125935
285468
122515
151233
194722
386892
149631
218533
364785
206241
297524
439385
240780
435476
316128
235992
251006
297716
233712
392326
111395
360848
119134
407552
427278
273330
206836
149032
105247
299057
244204
437072
197727
248562
445284
325329
293529
345810
154833
388806
368459
136560
336607
325437
397837
255841
267821
133117
311606
111138
452772
153259
335922
118984
424448
117167
223380
229102
171725
280305
439719
276616
381298
251987
241213
286534
443272
365477
258999
205253
383151
135660
174142
319699
172257
201684
182361
148753
114245
356841
141895
316459
233099
305390
154627
332218
332536
159601
127379
162795
155159
198493
371273
230291
211881
316628
283780
138713
415969
278401
417050
152836
229834
251835
101474
241776
204100
421441
171091
307909
140050
218890
374773
112884
410532
396818
362778
172741
403428
263722
451125
266946
296697
209742
446421
371419
147361
246536
114304
421145
358215
357140
173513
222944
125312
207628
324981
131972
387845
446818
392321
420391
195459
232712
317452
361146
241611
238387
269373
352806
442844
399728
257087
392060
175630
189535
245569
266881
404786
414240
425528
251734
260905
104270
106406
335904
317690
138191
251395
156668
141361
368658
198849
224394
374137
101252
111134
231929
151512
429790
315447
265252
133295
452703
254279
253143
129974
187860
373127
261292
267614
192845
237720
169411
194190
216988
309930
224311
135729
450092
210635
378080
138649
228648
260281
186177
406758
221456
382782
144686
257001
143354
156715
434503
383882
111154
245736
107957
455091
199358
209685
317631
138972
227617
152746
448504
431719
114177
317088
182320
455590
373988
265020
332330
149270
352960
300849
257185
178032
164518
298626
114093
163051
139634
274794
274176
227974
199271
315488
297839
181570
139643
100008
307076
189325
190154
257010
244885
331502
313378
368932
402438
455808
238697
183963
114656
412158
314800
101074
272312
309194
100205
273755
453375
340872
361444
304234
306118
289994
207908
430179
169312
166214
454978
454751
128117
296104
292295
122542
372710
413913
206849
451992
444190
243308
388955
380201
432402
321001
187427
206351
206065
219872
110230
176221
398973
286737
387608
133792
335268
388096
281890
238060
139336
122151
391736
269315
148991
172702
338302
361655
213445
430913
129614
407874
177717
396225
318648
239653
311656
202758
339931
349079
354899
331359
429849
361456
115785
320706
400435
174512
178845
298942
320163
329935
320277
193355
207963
422299
154537
447851
237577
372902
414653
112174
319867
279251
309325
248014
414316
285216
129886
297949
350025
194902
383509
155502
426362
311467
383879
149285
343612
179097
281724
125308
200519
133820
286870
218998
120941
368710
149618
308746
366323
263194
175678
347823
390090
278357
235064
219341
195133
114084
140268
432564
183388
452371
278089
292356
275341
234558
267348
356501
283039
233859
253436
172185
244263
107786
188027
104849
332665
392605
282767
452261
361709
431829
104248
100049
160525
128375
198867
134480
165784
139614
442287
389998
125926
184164
315016
450744
211906
440175
403041
143037
426784
314396
167738
333296
427538
318178
374252
158702
339385
247838
234624
309160
236295
279299
385774
238513
431673
148590
393938
447095
382854
347822
